-543,
-7706,
2379,
440,
-6073,
195,
1477,
-4495,
-656,
1842,
-3337,
-1181,
2202,
-1990,
-1846,
1506,
-1024,
-2331,
-184,
-659,
-1094,
39,
43,
102,
64,
-171,
903,
621,
-599,
622,
802,
-627,
703,
1426,
-218,
630,
1626,
-111,
-179,
873,
-541,
-7772,
2206,
276,
-6067,
406,
1729,
-4406,
-668,
1780,
-3724,
-1852,
1720,
-2273,
-2113,
1570,
-556,
-1926,
60,
-364,
-860,
79,
17,
122,
97,
-212,
800,
523,
-774,
352,
576,
-833,
568,
1594,
-60,
266,
1043,
-451,
-436,
602,
-552,
-7704,
2624,
854,
-5763,
484,
2050,
-3756,
-142,
2010,
-3361,
-1180,
2200,
-2376,
-2606,
1034,
-952,
-2139,
-44,
-400,
-778,
212,
66,
113,
95,
-296,
603,
429,
-608,
534,
492,
-1020,
469,
1382,
-400,
213,
1322,
-260,
-410,
691,
-546,
-7629,
2629,
856,
-5667,
616,
1968,
-4284,
-859,
1588,
-3532,
-1272,
2423,
-1893,
-2266,
1329,
-481,
-1822,
-149,
-742,
-1109,
64,
78,
83,
81,
-106,
845,
562,
-444,
821,
829,
-718,
745,
1820,
280,
805,
1579,
-133,
-236,
814,
-540,
-7690,
2434,
860,
-5319,
977,
2113,
-4378,
-1081,
1579,
-3387,
-1555,
1854,
-1835,
-1502,
1929,
-403,
-1821,
72,
-521,
-1113,
-37,
52,
75,
21,
-151,
886,
704,
-335,
729,
729,
-543,
881,
1504,
-132,
857,
1956,
67,
-345,
657,
-540,
-7693,
2402,
751,
-5686,
348,
1442,
-5127,
-1907,
1077,
-3449,
-1502,
1851,
-2056,
-2099,
1257,
-870,
-2250,
-315,
-623,
-1003,
37,
51,
91,
68,
-236,
543,
224,
-735,
592,
920,
-227,
1155,
1733,
-197,
388,
1649,
295,
14,
810,
-558,
-7807,
2482,
462,
-6224,
348,
1813,
-4729,
-1453,
995,
-4351,
-2520,
943,
-2932,
-2503,
1216,
-1085,
-2393,
-95,
-374,
-915,
65,
62,
79,
11,
-192,
830,
486,
-670,
670,
959,
-401,
928,
1562,
-313,
372,
1564,
80,
-57,
876,
-550,
-7777,
2449,
535,
-6061,
197,
1365,
-4924,
-1310,
1248,
-3781,
-1741,
1247,
-3110,
-2561,
1407,
-775,
-2028,
119,
-315,
-823,
122,
52,
75,
-113,
-317,
981,
639,
-765,
650,
1039,
-636,
361,
1032,
-576,
281,
1343,
-336,
-385,
792,
-551,
-7749,
2559,
570,
-6136,
343,
1830,
-4539,
-1106,
1548,
-3511,
-1603,
1806,
-2053,
-1910,
1330,
-946,
-2127,
-204,
-619,
-752,
329,
102,
93,
43,
-132,
1004,
531,
-849,
500,
704,
-789,
806,
1724,
-245,
362,
1611,
18,
-288,
682,
-557,
-7885,
2420,
409,
-6144,
496,
1899,
-4292,
-498,
1906,
-3557,
-1527,
1845,
-2358,
-2126,
1427,
-726,
-1736,
225,
-501,
-854,
259,
83,
98,
-9,
-278,
936,
717,
-367,
1027,
803,
-1048,
664,
1554,
-700,
18,
1508,
-168,
-416,
785,
-559,
-7975,
2343,
210,
-6677,
-200,
1468,
-4395,
-604,
1573,
-3840,
-1135,
2928,
-1455,
-1858,
1469,
-669,
-1685,
375,
-386,
-929,
208,
111,
80,
-3,
-276,
979,
1061,
15,
1053,
784,
-955,
591,
1532,
-505,
16,
1325,
-195,
-462,
608,
-563,
-7972,
2318,
209,
-6577,
-33,
1551,
-4474,
-713,
1572,
-3875,
-1464,
2388,
-1731,
-1594,
1853,
-740,
-2011,
408,
-14,
-700,
198,
78,
92,
7,
-289,
841,
585,
-749,
574,
899,
-882,
152,
1207,
-267,
259,
1211,
-318,
-418,
665,
-562,
-7906,
2429,
431,
-6163,
460,
1824,
-4444,
-506,
2158,
-3317,
-1397,
1920,
-2413,
-2069,
1610,
-1169,
-2693,
-98,
-245,
-909,
7,
18,
107,
23,
-266,
934,
737,
-637,
839,
1647,
14,
525,
1084,
-407,
277,
1348,
-140,
-305,
772,
-558,
-7788,
2542,
722,
-5868,
381,
1540,
-4629,
-519,
2429,
-2934,
-1256,
2013,
-2134,
-1860,
1737,
-881,
-2371,
102,
-93,
-803,
69,
58,
88,
62,
-108,
1079,
989,
-274,
756,
1028,
-408,
600,
1297,
-270,
239,
1060,
-450,
-444,
655,
-563,
-7979,
2324,
384,
-6190,
320,
1524,
-4933,
-1028,
2059,
-2982,
-1315,
1498,
-2783,
-2002,
2038,
-495,
-1994,
351,
-22,
-762,
84,
25,
122,
127,
-168,
791,
487,
-683,
583,
665,
-1090,
-17,
666,
-1098,
-281,
1118,
-268,
-383,
683,
-575,
-7885,
2678,
719,
-5860,
1105,
2558,
-4297,
-764,
2132,
-3354,
-1935,
1282,
-2723,
-2326,
1391,
-905,
-2063,
364,
-43,
-803,
33,
-5,
136,
140,
-181,
828,
594,
-687,
465,
840,
-517,
402,
702,
-960,
161,
1557,
81,
-91,
774,
-582,
-7995,
2638,
642,
-6071,
916,
2581,
-4085,
-647,
1892,
-3721,
-1896,
1777,
-2217,
-2026,
1704,
-456,
-1783,
209,
-359,
-905,
63,
-10,
146,
103,
-341,
723,
610,
-694,
427,
783,
-666,
316,
847,
-793,
127,
1418,
-52,
-206,
741,
-571,
-7944,
2558,
566,
-6175,
275,
1428,
-4840,
-694,
2007,
-3347,
-988,
2436,
-2268,
-1989,
2025,
-680,
-2534,
-253,
-427,
-961,
8,
6,
126,
103,
-246,
686,
340,
-888,
403,
622,
-960,
247,
1116,
-334,
522,
1397,
-480,
-588,
584,
-570,
-8050,
2381,
413,
-6353,
275,
1971,
-4224,
-632,
1923,
-3239,
-965,
2569,
-1896,
-1997,
1620,
-775,
-2320,
-153,
-407,
-934,
-31,
-35,
139,
58,
-406,
659,
770,
-172,
911,
885,
-655,
557,
1199,
-478,
445,
1650,
-78,
-359,
767,
-545,
-7869,
2130,
123,
-6037,
781,
1816,
-4793,
-558,
2781,
-2822,
-1888,
1110,
-2618,
-2152,
1090,
-1544,
-2533,
75,
-416,
-1211,
-206,
-67,
156,
169,
-215,
785,
737,
-296,
897,
1023,
-570,
622,
1580,
102,
646,
1412,
-232,
-227,
910,
-422,
-7630,
1076,
-1078,
-5470,
1974,
1122,
-6803,
-1374,
3168,
-3044,
-2514,
1520,
-1703,
-2209,
255,
-2191,
-2917,
-246,
-541,
-1137,
-112,
-30,
137,
101,
-366,
620,
865,
187,
1256,
1048,
-438,
997,
1685,
-153,
677,
1942,
183,
-250,
822,
-418,
-6970,
2005,
-98,
-5304,
1083,
233,
-7567,
-2766,
1940,
-3135,
-2261,
1645,
-830,
-236,
2720,
-13,
-1632,
291,
-86,
-631,
173,
25,
134,
101,
-553,
118,
308,
-409,
225,
-182,
-1201,
603,
1163,
-869,
-99,
1261,
-230,
-476,
616,
-276,
-5930,
2364,
-474,
-5376,
1609,
403,
-8562,
-4330,
1434,
-1870,
-473,
2675,
-189,
482,
2920,
-539,
-2238,
-25,
-115,
-427,
352,
43,
151,
147,
-574,
-58,
3,
-335,
1004,
447,
-1584,
-171,
970,
-672,
-198,
854,
-467,
-406,
666,
-230,
-5750,
1744,
-1557,
-6257,
912,
-175,
-8965,
-4598,
1366,
-1830,
-465,
2990,
522,
928,
2741,
-1022,
-2668,
-218,
-107,
-432,
310,
41,
146,
172,
-506,
-86,
-86,
-278,
1290,
874,
-1207,
32,
1078,
-544,
9,
1110,
-328,
-372,
801,
-203,
-5178,
2171,
-1546,
-6494,
860,
331,
-7853,
-3321,
2053,
-2078,
-1025,
2993,
990,
996,
2042,
-2042,
-3498,
-710,
-340,
-526,
283,
41,
145,
197,
-429,
-57,
-247,
-552,
1199,
1078,
-1017,
-62,
884,
-582,
29,
1025,
-472,
-499,
698,
-183,
-5023,
2003,
-1909,
-6778,
796,
729,
-7122,
-2863,
2170,
-1712,
-112,
4166,
1871,
1239,
1997,
-1817,
-3117,
-570,
-368,
-495,
346,
62,
144,
247,
-278,
99,
-261,
-758,
992,
1024,
-1074,
-332,
605,
-603,
86,
980,
-466,
-419,
748,
-178,
-5072,
1657,
-2380,
-7333,
176,
384,
-7464,
-3818,
1036,
-2421,
-786,
3172,
748,
179,
1328,
-1869,
-2923,
-459,
-311,
-533,
251,
46,
128,
201,
-304,
-31,
-368,
-546,
1275,
1022,
-1157,
-253,
778,
-400,
274,
1109,
-318,
-250,
789,
-180,
-5058,
1644,
-2467,
-7056,
933,
712,
-8007,
-4485,
882,
-2061,
-352,
3104,
392,
192,
1506,
-1824,
-2536,
273,
90,
-542,
195,
32,
135,
192,
-381,
-132,
-527,
-824,
926,
533,
-1829,
-832,
497,
-522,
108,
848,
-539,
-306,
784,
-233,
-5293,
1777,
-2022,
-6747,
890,
454,
-8187,
-4475,
854,
-2269,
-614,
2748,
-166,
-328,
1225,
-1983,
-2580,
376,
114,
-669,
130,
49,
122,
199,
-288,
94,
-187,
-723,
574,
222,
-1653,
-479,
678,
-409,
197,
778,
-725,
-464,
701,
-241,
-5443,
1698,
-1798,
-6228,
1428,
823,
-8002,
-4401,
1015,
-1864,
-183,
2747,
-643,
-719,
1322,
-1737,
-2632,
144,
-42,
-798,
-19,
-14,
137,
194,
-233,
325,
26,
-714,
681,
693,
-1156,
-235,
840,
-378,
-80,
518,
-643,
-228,
900,
-218,
-5464,
1532,
-1644,
-5638,
1844,
543,
-9109,
-5763,
385,
-1971,
-728,
2063,
-924,
-1140,
837,
-1442,
-1981,
233,
-230,
-774,
66,
13,
118,
167,
-40,
754,
427,
-407,
880,
702,
-1093,
135,
1309,
46,
474,
1126,
-274,
-117,
842,
-259,
-5493,
1656,
-1366,
-5532,
1520,
194,
-8805,
-5001,
705,
-2219,
-826,
2279,
-841,
-1243,
731,
-1557,
-1930,
596,
110,
-690,
88,
50,
92,
94,
-188,
562,
266,
-707,
427,
495,
-1042,
-90,
674,
-515,
361,
1279,
-311,
-415,
631,
-262,
-5418,
1840,
-1158,
-5220,
1908,
425,
-8573,
-4734,
585,
-2445,
-681,
2166,
-1391,
-1195,
1423,
-1192,
-1924,
674,
176,
-652,
184,
89,
91,
114,
-160,
648,
248,
-970,
261,
580,
-995,
5,
964,
-428,
133,
1182,
-203,
-406,
538,
-246,
-5617,
1647,
-1257,
-4998,
2346,
582,
-8595,
-4439,
1030,
-2348,
-1102,
1338,
-2256,
-1816,
944,
-1606,
-2346,
56,
-427,
-931,
58,
0,
149,
278,
101,
931,
376,
-828,
422,
392,
-1218,
258,
1384,
-67,
492,
1204,
-334,
-44,
1060,
-241,
-5629,
1858,
-684,
-4389,
2767,
1084,
-7941,
-3717,
1939,
-1560,
-996,
905,
-2694,
-1863,
1493,
-828,
-1866,
365,
-49,
-609,
262,
80,
127,
267,
-83,
492,
126,
-860,
211,
170,
-1278,
116,
1303,
97,
558,
998,
-735,
-596,
695,
-277,
-5726,
1957,
-243,
-4027,
2516,
368,
-8649,
-4190,
1760,
-1586,
-1006,
1092,
-2421,
-2071,
892,
-1169,
-1969,
97,
-395,
-826,
164,
71,
111,
229,
-32,
474,
-82,
-881,
594,
743,
-645,
496,
931,
-689,
222,
1160,
-570,
-553,
696,
-293,
-5705,
1908,
-538,
-4734,
1742,
138,
-8548,
-4515,
971,
-2230,
-1017,
1834,
-1413,
-1545,
966,
-959,
-1630,
164,
-496,
-755,
341,
141,
81,
98,
-236,
454,
47,
-1045,
139,
307,
-1188,
-147,
608,
-797,
-62,
893,
-605,
-556,
622,
-283,
-5876,
1598,
-961,
-5077,
1472,
-357,
-9280,
-5272,
244,
-2760,
-1311,
1287,
-2276,
-2055,
802,
-1447,
-2325,
-186,
-650,
-1037,
104,
98,
76,
96,
-108,
715,
362,
-745,
311,
347,
-1083,
92,
803,
-756,
-164,
679,
-806,
-622,
677,
-291,
-5804,
1845,
-457,
-4546,
1888,
198,
-8621,
-4914,
390,
-2431,
-819,
1839,
-1571,
-1351,
1181,
-1413,
-2370,
-44,
-322,
-795,
132,
72,
83,
53,
-227,
585,
307,
-652,
537,
547,
-1120,
-174,
606,
-728,
-69,
792,
-589,
-410,
779,
-300,
-5596,
2089,
-499,
-5027,
1676,
1069,
-7302,
-4490,
-129,
-2933,
-754,
2551,
-434,
-454,
1364,
-1642,
-2462,
131,
-151,
-848,
-21,
20,
84,
-41,
-446,
408,
451,
-257,
684,
236,
-1587,
-526,
461,
-676,
-38,
645,
-736,
-411,
800,
-259,
-5534,
1827,
-1456,
-6127,
1506,
1759,
-6822,
-4675,
-551,
-3156,
-860,
2185,
-967,
-645,
1349,
-2105,
-3109,
-3,
79,
-767,
-109,
-44,
125,
72,
-413,
272,
235,
-320,
1056,
950,
-988,
-156,
729,
-618,
-64,
899,
-376,
-305,
770,
-252,
-5570,
1424,
-2242,
-7305,
-71,
381,
-7258,
-4437,
-664,
-4170,
-2437,
747,
-1812,
-899,
1336,
-2364,
-3809,
-732,
-208,
-742,
-100,
-64,
140,
203,
11,
811,
404,
-453,
1213,
1531,
-431,
204,
1224,
66,
307,
812,
-346,
107,
1154,
-271,
-5401,
1888,
-1646,
-7295,
-765,
202,
-5954,
-2190,
1372,
-3075,
-2227,
849,
-1299,
-285,
1807,
-1870,
-3394,
-627,
-251,
-698,
8,
5,
86,
2,
-158,
864,
506,
-660,
726,
1153,
-518,
200,
992,
-412,
-6,
874,
-396,
-366,
716,
-287,
-5460,
2215,
-1320,
-7602,
-1690,
-562,
-5598,
-931,
2211,
-3027,
-2297,
641,
-1939,
-816,
1977,
-1105,
-2574,
-272,
-319,
-774,
-2,
-19,
99,
-78,
-439,
558,
376,
-460,
1138,
1308,
-663,
175,
1092,
-391,
26,
926,
-408,
-394,
659,
-258,
-5516,
2651,
-967,
-8036,
-2423,
-741,
-5099,
-48,
3246,
-1926,
-1226,
1221,
-2283,
-1585,
1698,
-806,
-2202,
-80,
-330,
-937,
-139,
-45,
90,
-185,
-726,
191,
123,
-778,
528,
834,
-642,
108,
478,
-947,
25,
1057,
-501,
-525,
524,
-270,
-5542,
2943,
-310,
-7513,
-2639,
-1721,
-6219,
-579,
3527,
-1340,
-978,
1150,
-2249,
-1477,
1553,
-1023,
-2034,
351,
-134,
-1005,
-167,
-24,
101,
27,
-327,
414,
115,
-793,
499,
803,
-466,
407,
601,
-1003,
-55,
964,
-612,
-603,
539,
-281,
-5826,
2781,
-392,
-7602,
-2665,
-1737,
-6300,
-680,
3373,
-1412,
-714,
1230,
-3164,
-2886,
782,
-1222,
-2324,
63,
-123,
-853,
-67,
9,
87,
-1,
-363,
411,
232,
-649,
513,
783,
-292,
893,
1278,
-499,
110,
1042,
-507,
-636,
443,
-303,
-6098,
2600,
-495,
-7726,
-2585,
-1410,
-6270,
-969,
3577,
-556,
182,
1990,
-2568,
-2731,
769,
-921,
-2014,
-31,
-349,
-924,
-76,
-2,
86,
-62,
-455,
444,
303,
-774,
375,
945,
-128,
711,
1080,
-455,
113,
944,
-480,
-536,
468,
-303,
-6084,
2722,
-1,
-6931,
-2266,
-1854,
-6567,
-803,
3499,
-591,
984,
3098,
-1891,
-2408,
718,
-1177,
-1859,
398,
-211,
-946,
-32,
12,
92,
-74,
-538,
393,
272,
-838,
276,
557,
-827,
184,
858,
-658,
-166,
534,
-913,
-544,
836,
-309,
-6130,
2626,
-22,
-7094,
-2564,
-1644,
-6014,
-900,
2756,
-1381,
157,
2451,
-1957,
-2396,
217,
-1912,
-2488,
-106,
-512,
-1050,
-70,
-1,
106,
78,
-151,
762,
382,
-785,
508,
903,
-601,
33,
328,
-1241,
-531,
439,
-876,
-675,
523,
-324,
-6072,
2832,
141,
-7020,
-2173,
-907,
-5623,
-1089,
2579,
-1260,
377,
2803,
-1439,
-1928,
647,
-1433,
-2177,
-16,
-398,
-890,
2,
13,
90,
-13,
-307,
581,
268,
-730,
594,
760,
-925,
-169,
329,
-1249,
-614,
512,
-582,
-480,
440,
-362,
-6353,
2641,
-78,
-7081,
-1973,
-963,
-5908,
-1296,
1904,
-2278,
181,
3192,
-1601,
-2378,
508,
-1584,
-2466,
-166,
-421,
-865,
64,
34,
90,
-30,
-423,
394,
63,
-936,
429,
664,
-775,
326,
744,
-1108,
-231,
1146,
-341,
-566,
548,
-418,
-6457,
2652,
161,
-6615,
-1457,
-491,
-5282,
-689,
1735,
-3411,
-1208,
2069,
-2449,
-2950,
260,
-1605,
-2494,
-354,
-608,
-841,
175,
62,
95,
28,
-288,
622,
395,
-400,
1133,
1225,
-411,
801,
1396,
-523,
91,
1153,
-495,
-669,
448,
-463,
-6683,
2548,
573,
-5500,
153,
1128,
-4149,
-54,
2320,
-2899,
-1317,
1487,
-2673,
-2632,
642,
-1307,
-2168,
-97,
-462,
-715,
248,
68,
91,
-38,
-326,
771,
332,
-1122,
237,
674,
-993,
74,
1081,
-532,
-145,
957,
-320,
-543,
319,
-469,
-6886,
2362,
742,
-5028,
510,
1264,
-4281,
-712,
1444,
-3230,
-1186,
1326,
-3134,
-2806,
726,
-1375,
-2271,
17,
-392,
-887,
91,
50,
90,
24,
-185,
818,
301,
-1073,
350,
851,
-683,
367,
1171,
-529,
-71,
1036,
-287,
-443,
536,
-473,
-7023,
2229,
696,
-5018,
593,
1513,
-3980,
-520,
1564,
-3197,
-1204,
1513,
-2835,
-2715,
893,
-825,
-1789,
113,
-407,
-940,
-78,
-42,
112,
-3,
-237,
790,
374,
-731,
724,
895,
-713,
485,
1121,
-613,
330,
1595,
-206,
-591,
590,
-475,
-7137,
2040,
239,
-5725,
42,
1388,
-3781,
-339,
1260,
-3892,
-1353,
2265,
-1973,
-2118,
1525,
-370,
-1780,
25,
-417,
-1014,
-149,
-63,
136,
100,
-249,
674,
514,
-435,
971,
1383,
-118,
715,
1278,
-253,
459,
1439,
-255,
-551,
612,
-471,
-6931,
2316,
456,
-5829,
-500,
659,
-4374,
-501,
1834,
-2838,
-684,
2344,
-1764,
-1635,
1563,
-913,
-2258,
-120,
-461,
-1002,
-22,
29,
91,
21,
-298,
639,
479,
-591,
552,
803,
-606,
463,
1238,
-277,
260,
1247,
-135,
-267,
730,
-479,
-7124,
2188,
600,
-5567,
-291,
939,
-4235,
-798,
1518,
-2918,
-951,
1979,
-1804,
-1723,
1140,
-1129,
-2059,
114,
-283,
-837,
20,
11,
93,
-40,
-362,
711,
666,
-362,
776,
1030,
-335,
711,
1458,
15,
405,
994,
-410,
-185,
865,
-481,
-7305,
1920,
385,
-5279,
628,
1668,
-4489,
-1706,
759,
-3261,
-1099,
1778,
-2074,
-1895,
1136,
-1002,
-1814,
325,
-276,
-908,
20,
15,
109,
45,
-301,
743,
777,
-247,
742,
810,
-747,
51,
492,
-1029,
-117,
1178,
-136,
-252,
691,
-490,
-7240,
2219,
605,
-5357,
655,
2138,
-3784,
-1070,
1281,
-2796,
-770,
1806,
-2266,
-1971,
1267,
-994,
-2192,
-240,
-677,
-1075,
-23,
23,
91,
16,
-216,
824,
668,
-272,
1060,
1192,
-463,
490,
1060,
-688,
-79,
1133,
-108,
-193,
674,
-495,
-7389,
2103,
607,
-5181,
667,
1720,
-3979,
-702,
1234,
-3657,
-1471,
1824,
-1760,
-1247,
1730,
-1071,
-2306,
22,
-283,
-853,
-2,
-16,
120,
68,
-184,
852,
644,
-293,
1155,
1365,
-206,
834,
1377,
-278,
514,
1569,
52,
-31,
852,
-489,
-7171,
2259,
610,
-5169,
828,
1780,
-4229,
-927,
1230,
-3881,
-2045,
1333,
-2182,
-1780,
1558,
-674,
-2012,
-129,
-464,
-857,
8,
-21,
113,
23,
-144,
1022,
599,
-747,
720,
1252,
-401,
274,
792,
-628,
346,
1561,
88,
-94,
852,
-476,
-7075,
2128,
243,
-5548,
644,
1996,
-3563,
-248,
1556,
-3487,
-1277,
1711,
-2804,
-2734,
1082,
-681,
-1811,
82,
-406,
-806,
201,
92,
79,
18,
-201,
906,
741,
-404,
779,
926,
-649,
538,
1396,
-351,
22,
1040,
-342,
-514,
455,
-490,
-7155,
2272,
420,
-5745,
308,
1964,
-3673,
-813,
962,
-3976,
-1882,
1508,
-2319,
-2525,
422,
-1466,
-2057,
168,
-353,
-820,
214,
111,
77,
51,
-203,
800,
735,
-235,
915,
1034,
-527,
390,
898,
-830,
-182,
1065,
-206,
-357,
608,
-510,
-7483,
2160,
311,
-6169,
-393,
1077,
-4423,
-899,
1410,
-3722,
-2100,
1229,
-2182,
-1979,
931,
-1245,
-1910,
421,
-100,
-691,
228,
94,
94,
138,
-62,
781,
346,
-760,
570,
732,
-914,
139,
883,
-721,
-13,
1208,
-138,
-284,
663,
-510,
-7489,
2147,
549,
-5503,
447,
1667,
-4204,
-712,
1940,
-3049,
-1802,
1162,
-2163,
-1701,
1312,
-957,
-1808,
488,
70,
-618,
96,
6,
111,
46,
-245,
698,
379,
-785,
358,
535,
-849,
172,
628,
-782,
360,
1427,
-324,
-461,
642,
-505,
-7544,
1983,
390,
-5500,
561,
1716,
-4400,
-1348,
946,
-3852,
-2009,
1319,
-1948,
-1321,
1918,
-401,
-1557,
409,
-176,
-805,
27,
-17,
126,
54,
-327,
628,
456,
-563,
656,
676,
-985,
146,
860,
-840,
-30,
1374,
-31,
-328,
696,
-501,
-7358,
2271,
649,
-5480,
340,
1591,
-4313,
-1534,
306,
-4275,
-1928,
1304,
-2232,
-1416,
2039,
-292,
-1416,
485,
-346,
-1013,
1,
23,
94,
-43,
-364,
791,
712,
-398,
825,
906,
-917,
75,
1005,
-488,
80,
1132,
-261,
-426,
498,
-503,
-7460,
2200,
525,
-5887,
-356,
903,
-4765,
-1666,
520,
-3937,
-1713,
1499,
-2064,
-1607,
1536,
-753,
-1857,
48,
-477,
-869,
98,
36,
85,
-61,
-311,
752,
330,
-928,
478,
937,
-314,
919,
1269,
-903,
-371,
935,
-273,
-321,
505,
-512,
-7646,
2070,
385,
-6088,
-453,
926,
-4731,
-1419,
1128,
-3360,
-1507,
1500,
-2016,
-1442,
1672,
-925,
-2221,
-76,
-382,
-824,
149,
105,
43,
-125,
-404,
503,
183,
-775,
583,
762,
-579,
678,
1048,
-959,
-128,
1325,
-91,
-447,
367,
-509,
-7556,
1960,
38,
-6183,
-103,
1074,
-5069,
-1713,
1052,
-3362,
-1220,
1900,
-2161,
-2030,
1287,
-998,
-2130,
168,
-153,
-763,
123,
74,
79,
33,
-241,
617,
305,
-813,
245,
382,
-748,
656,
1055,
-917,
19,
1527,
-34,
-512,
458,
-507,
-7376,
2156,
172,
-6105,
-12,
1313,
-4524,
-1066,
1222,
-3729,
-1401,
2243,
-1813,
-1940,
1562,
-367,
-1627,
212,
-349,
-902,
80,
61,
89,
72,
-170,
731,
417,
-718,
426,
568,
-888,
201,
739,
-981,
-162,
1158,
-245,
-441,
580,
-505,
-7526,
1984,
270,
-5900,
-19,
1338,
-4310,
-766,
1745,
-3314,
-1769,
1468,
-2315,
-2435,
988,
-501,
-1456,
180,
-469,
-871,
168,
110,
50,
-70,
-306,
637,
287,
-816,
591,
1066,
-370,
389,
670,
-1072,
-262,
1060,
-239,
-396,
549,
-505,
-7510,
2039,
507,
-5487,
283,
1329,
-4636,
-1479,
821,
-3794,
-1538,
1887,
-2033,
-2182,
953,
-1110,
-2169,
-75,
-419,
-878,
100,
88,
53,
-66,
-269,
687,
318,
-714,
765,
1083,
-471,
600,
1231,
-623,
-74,
1166,
-219,
-445,
614,
-508,
-7427,
2215,
453,
-5841,
106,
1615,
-4101,
-1048,
913,
-3935,
-1595,
1847,
-2365,
-2609,
883,
-902,
-2063,
-94,
-390,
-836,
61,
44,
79,
11,
-134,
912,
609,
-504,
681,
773,
-668,
540,
1110,
-650,
53,
1066,
-517,
-484,
731,
-501,
-7408,
2135,
359,
-5975,
-310,
882,
-4911,
-1641,
744,
-3947,
-2094,
946,
-2761,
-2291,
1101,
-1214,
-2504,
-304,
-378,
-709,
186,
85,
69,
-14,
-273,
560,
171,
-792,
599,
814,
-579,
545,
984,
-712,
158,
1179,
-538,
-691,
373,
-510,
-7241,
2398,
435,
-5775,
357,
1433,
-4618,
-957,
1630,
-3382,
-1551,
1579,
-2355,
-1972,
1473,
-940,
-2240,
-68,
-437,
-958,
18,
24,
102,
42,
-248,
708,
430,
-582,
885,
1195,
-345,
805,
1561,
-127,
473,
1515,
-30,
-274,
599,
-525,
-7563,
2390,
458,
-6079,
92,
1739,
-3688,
160,
2549,
-2485,
-450,
2709,
-1347,
-1272,
1567,
-1227,
-2523,
-458,
-848,
-1052,
59,
-7,
135,
75,
-195,
1028,
817,
-489,
706,
882,
-556,
898,
1703,
-176,
354,
1355,
-141,
-108,
875,
-516,
-7548,
2262,
725,
-5180,
972,
2129,
-3732,
-325,
1690,
-3383,
-1206,
2059,
-1769,
-1263,
1844,
-1095,
-2522,
-233,
-497,
-938,
18,
-3,
115,
44,
-162,
1000,
683,
-505,
1009,
1346,
-385,
594,
1249,
-508,
167,
1403,
100,
63,
934,
-510,
-7548,
2113,
478,
-5366,
829,
1887,
-4044,
-560,
1565,
-3388,
-1079,
2146,
-1765,
-989,
2467,
-546,
-2161,
93,
-383,
-1075,
-37,
47,
75,
-47,
-327,
715,
513,
-412,
1278,
1669,
-301,
311,
1003,
-519,
44,
1073,
-189,
-130,
802,
-515,
-7321,
2533,
832,
-5293,
751,
1927,
-3640,
287,
2619,
-2402,
-161,
3059,
-1097,
-931,
2100,
-664,
-1943,
127,
-523,
-1017,
72,
20,
130,
92,
-337,
643,
632,
-166,
1188,
1034,
-767,
606,
1348,
-779,
-220,
1165,
-300,
-531,
586,
-518,
-7320,
2588,
864,
-5347,
758,
2086,
-3560,
65,
2160,
-2900,
-461,
3106,
-840,
-668,
2331,
-461,
-1702,
469,
-289,
-1076,
-75,
-17,
130,
90,
-251,
844,
808,
-177,
1176,
1392,
-154,
1068,
1605,
-601,
-110,
1224,
-316,
-642,
514,
-500,
-7391,
2142,
596,
-5136,
882,
1908,
-3710,
-18,
1921,
-3512,
-1479,
2038,
-1642,
-1238,
1957,
-695,
-1909,
439,
-52,
-832,
55,
52,
85,
25,
-186,
936,
775,
-462,
617,
927,
-256,
1119,
1839,
11,
447,
1365,
-155,
-193,
878,
-513,
-7511,
2183,
375,
-5676,
555,
1814,
-3818,
-62,
1874,
-3636,
-1492,
1981,
-2074,
-1858,
1470,
-1089,
-2329,
76,
-152,
-672,
195,
61,
102,
62,
-273,
647,
543,
-175,
1193,
1006,
-635,
862,
1626,
-297,
298,
1241,
-433,
-285,
1036,
-524,
-7847,
1836,
105,
-6118,
-151,
1119,
-4484,
-739,
1525,
-3690,
-1714,
1676,
-2161,
-1845,
1608,
-667,
-1918,
189,
-181,
-676,
226,
103,
61,
-79,
-374,
593,
329,
-553,
1050,
1246,
-555,
466,
1202,
-535,
9,
1051,
-390,
-424,
585,
-524,
-7562,
2329,
720,
-5386,
639,
1558,
-4645,
-1134,
1264,
-3834,
-1741,
1765,
-2117,
-1769,
1900,
-444,
-2138,
-311,
-602,
-920,
106,
64,
73,
-99,
-479,
547,
386,
-677,
694,
989,
-625,
531,
1597,
162,
692,
1658,
102,
-277,
540,
-526,
-7665,
2225,
537,
-5493,
892,
1997,
-4298,
-730,
1684,
-3802,
-1945,
1859,
-1812,
-1712,
1559,
-1115,
-2894,
-777,
-702,
-870,
156,
71,
89,
-15,
-438,
542,
466,
-749,
270,
700,
-481,
528,
1071,
-377,
558,
1626,
-136,
-440,
770,
-533,
-7655,
2192,
311,
-6002,
317,
1626,
-4453,
-580,
2289,
-3149,
-1817,
1630,
-2013,
-2012,
1179,
-1091,
-2362,
-251,
-584,
-1030,
43,
68,
78,
-16,
-429,
354,
76,
-1029,
199,
621,
-647,
435,
1105,
-428,
274,
1318,
-244,
-472,
641,
-531,
-7639,
2291,
498,
-5845,
368,
1727,
-4295,
-732,
1946,
-3007,
-1318,
1795,
-1980,
-1668,
1511,
-958,
-2199,
-122,
-563,
-1001,
35,
31,
96,
-30,
-468,
360,
132,
-722,
667,
766,
-618,
830,
1455,
-470,
284,
1582,
98,
-153,
739,
-540,
-7557,
2518,
523,
-5997,
307,
1501,
-4729,
-996,
1759,
-3187,
-1237,
1754,
-2523,
-2163,
1325,
-1220,
-2392,
57,
-301,
-892,
71,
29,
113,
57,
-303,
703,
560,
-503,
678,
675,
-903,
447,
1238,
-525,
260,
1565,
81,
-178,
662,
-529,
-7529,
2286,
136,
-6344,
-20,
1070,
-5338,
-1604,
1402,
-3368,
-1265,
2029,
-2277,
-2312,
1192,
-984,
-2116,
154,
-277,
-890,
106,
83,
78,
12,
-323,
495,
163,
-771,
744,
922,
-776,
484,
1455,
-239,
355,
1530,
-101,
-554,
425,
-529,
-7606,
2190,
151,
-5961,
684,
1830,
-4480,
-822,
1532,
-3808,
-1726,
1631,
-2495,
-2070,
1559,
-934,
-2239,
43,
-372,
-934,
67,
39,
108,
89,
-193,
731,
421,
-554,
849,
885,
-671,
777,
1465,
-541,
159,
1467,
-87,
-424,
428,
-527,
-7655,
2222,
399,
-5724,
519,
1446,
-4527,
-462,
1978,
-3288,
-962,
2404,
-2110,
-1989,
1686,
-726,
-2093,
149,
-249,
-800,
198,
100,
91,
139,
-34,
820,
322,
-728,
791,
1007,
-468,
936,
1484,
-668,
106,
1703,
268,
-265,
361,
-531,
-7760,
2141,
484,
-5626,
496,
1447,
-4711,
-1079,
1455,
-3394,
-1162,
2077,
-2081,
-1832,
1622,
-678,
-1766,
487,
36,
-583,
240,
85,
68,
-128,
-505,
531,
313,
-735,
718,
1120,
-155,
1164,
1694,
-197,
575,
1768,
141,
-226,
532,
-535,
-7622,
2436,
766,
-5410,
780,
1614,
-4971,
-1644,
826,
-4025,
-1582,
2035,
-1975,
-1791,
1595,
-849,
-2067,
231,
-174,
-788,
146,
88,
56,
-163,
-548,
503,
272,
-869,
623,
1103,
-529,
384,
1141,
-406,
276,
1408,
-66,
-377,
447,
-535,
-7582,
2516,
617,
-5631,
883,
1846,
-4843,
-1538,
695,
-4519,
-2138,
1492,
-2311,
-1334,
2572,
-312,
-2100,
-37,
-649,
-1220,
16,
69,
92,
-25,
-529,
522,
634,
-420,
815,
1208,
-365,
553,
1342,
-194,
406,
1430,
-67,
-155,
908,
-528,
-7612,
2310,
443,
-5807,
742,
2384,
-3576,
-259,
1839,
-3438,
-1379,
2138,
-1638,
-1238,
2171,
-271,
-1539,
430,
-373,
-995,
153,
110,
80,
19,
-321,
805,
896,
-158,
1073,
1530,
37,
769,
1286,
-235,
401,
1203,
-454,
-422,
798,
