-651,
-8636,
4429,
-25,
-9526,
157,
2053,
-7666,
-2404,
3195,
-2789,
-105,
4613,
-1670,
-2619,
2399,
29,
-2081,
89,
-748,
-1413,
146,
154,
100,
103,
-325,
771,
505,
-845,
723,
821,
-1199,
812,
2281,
-574,
-906,
515,
-602,
-408,
811,
-642,
-8570,
4478,
-1,
-9630,
-47,
2273,
-6608,
-987,
4181,
-2454,
-201,
4443,
-1563,
-2384,
2265,
-384,
-2271,
113,
-791,
-1494,
113,
139,
105,
41,
-535,
529,
295,
-1032,
739,
1094,
-940,
969,
2483,
-373,
-788,
578,
-741,
-851,
390,
-629,
-8508,
4764,
147,
-9984,
-594,
2024,
-6593,
-1103,
3758,
-2988,
-675,
4055,
-1651,
-2000,
2771,
-123,
-2058,
445,
-641,
-1660,
-64,
113,
93,
-4,
-507,
708,
615,
-727,
860,
1144,
-842,
858,
2120,
-441,
-366,
965,
-672,
-870,
432,
-637,
-8409,
4372,
65,
-9504,
-721,
1309,
-6513,
-300,
3963,
-3428,
-757,
4320,
-1874,
-2544,
2795,
281,
-2024,
417,
-214,
-1238,
-44,
52,
104,
-77,
-614,
659,
489,
-1054,
526,
1143,
-616,
757,
1479,
-1207,
-709,
1216,
-197,
-640,
450,
-628,
-8612,
4100,
-48,
-9439,
-868,
896,
-6386,
895,
5270,
-3171,
-1049,
4459,
-1818,
-3294,
1958,
55,
-2065,
402,
165,
-743,
88,
12,
118,
-152,
-808,
373,
42,
-1506,
350,
1236,
-429,
976,
1706,
-1093,
-793,
1092,
-158,
-509,
513,
-651,
-8827,
4013,
434,
-8479,
-198,
1071,
-5953,
1839,
5976,
-3150,
-1460,
3827,
-2492,
-3627,
2081,
317,
-1945,
390,
153,
-754,
12,
-42,
134,
-167,
-772,
557,
85,
-1734,
246,
1332,
-685,
144,
816,
-1510,
-792,
1151,
-146,
-447,
561,
-692,
-8952,
4364,
1192,
-7658,
474,
1298,
-6161,
1693,
5850,
-3751,
-2141,
3735,
-2449,
-4008,
1769,
509,
-1599,
582,
231,
-752,
-31,
-72,
161,
-45,
-628,
637,
187,
-1618,
140,
926,
-1186,
-261,
586,
-1537,
-672,
1226,
-284,
-654,
556,
-741,
-9061,
4499,
1643,
-7351,
583,
1787,
-5769,
826,
4337,
-4374,
-1991,
3845,
-2281,
-3780,
1677,
307,
-1739,
96,
-490,
-1065,
70,
6,
138,
-62,
-626,
657,
229,
-1512,
219,
609,
-1856,
-456,
1272,
-704,
-355,
1257,
-179,
-530,
575,
-748,
-9144,
4425,
1737,
-7167,
628,
1565,
-6333,
237,
4229,
-4419,
-2739,
2869,
-2618,
-3759,
1444,
-56,
-1922,
60,
-515,
-1085,
110,
58,
98,
-193,
-770,
569,
178,
-1566,
299,
820,
-1958,
-1003,
756,
-1060,
-773,
959,
-196,
-490,
606,
-727,
-8474,
5194,
2424,
-6389,
1748,
2764,
-5812,
-258,
3330,
-5040,
-3199,
2415,
-2608,
-3249,
1708,
-204,
-1853,
454,
-262,
-1049,
151,
95,
90,
-137,
-680,
586,
292,
-1177,
753,
1196,
-1488,
-576,
825,
-1091,
-614,
1008,
-387,
-613,
563,
-565,
-7668,
6213,
3605,
-5175,
2520,
2754,
-6216,
-355,
3417,
-5529,
-3967,
2506,
-1888,
-3133,
1268,
-385,
-1871,
277,
-380,
-1054,
107,
72,
82,
-213,
-732,
570,
177,
-1483,
203,
574,
-1762,
-420,
1059,
-1025,
-732,
765,
-614,
-753,
439,
-378,
-6401,
6524,
3506,
-5643,
519,
378,
-7139,
-660,
2882,
-5346,
-3005,
2838,
-2810,
-4363,
774,
-504,
-2414,
-274,
-382,
-959,
-2,
-2,
122,
-40,
-564,
449,
-63,
-1685,
-220,
68,
-2027,
-578,
919,
-1167,
-1021,
611,
-369,
-453,
692,
-260,
-5533,
7032,
3720,
-5775,
-862,
-1752,
-7790,
331,
3148,
-6261,
-3249,
3294,
-3203,
-5202,
953,
334,
-2050,
-220,
-89,
-674,
6,
-42,
120,
-116,
-561,
606,
-3,
-1758,
-302,
-190,
-2458,
-883,
580,
-1778,
-1438,
689,
-291,
-624,
601,
-220,
-5332,
6613,
3222,
-6066,
-1657,
-2846,
-8298,
129,
2593,
-6919,
-3580,
3220,
-3323,
-5521,
657,
188,
-2336,
-619,
-230,
-679,
-117,
-118,
142,
-35,
-225,
1064,
215,
-1584,
100,
185,
-2320,
-969,
264,
-2036,
-1274,
989,
-339,
-877,
486,
-178,
-4931,
6209,
2704,
-5895,
-1394,
-2870,
-8134,
666,
3292,
-6397,
-3430,
3578,
-2223,
-4334,
1227,
403,
-2154,
-454,
54,
-340,
26,
-111,
138,
-54,
-105,
1297,
136,
-2002,
-76,
428,
-2212,
-1418,
-528,
-2695,
-1648,
572,
-1026,
-1471,
337,
-140,
-4547,
5943,
2221,
-5732,
-1238,
-3468,
-8268,
1841,
4319,
-6501,
-3738,
3783,
-1629,
-3599,
1624,
311,
-2216,
-296,
182,
-265,
66,
-116,
139,
-117,
-130,
1510,
331,
-2046,
-209,
218,
-2343,
-1275,
-640,
-3186,
-1612,
1007,
-1292,
-2142,
214,
-108,
-4258,
5419,
2071,
-5060,
-1155,
-3880,
-8236,
1684,
3959,
-6010,
-3034,
3776,
-1463,
-3046,
1450,
-305,
-2163,
92,
140,
-515,
-9,
-99,
124,
-143,
-109,
1628,
548,
-1800,
-142,
-32,
-2562,
-986,
-124,
-3163,
-2048,
760,
-1214,
-2067,
234,
-98,
-4115,
4429,
1270,
-4973,
-1491,
-4425,
-8158,
1237,
2789,
-6455,
-3189,
3008,
-1696,
-2558,
1119,
-1249,
-2454,
68,
-277,
-897,
-111,
-127,
147,
-103,
-72,
1752,
711,
-1536,
440,
676,
-2042,
-543,
315,
-2904,
-1925,
901,
-1109,
-2074,
152,
-86,
-3784,
3951,
879,
-4569,
-1098,
-4167,
-7523,
1912,
3453,
-5523,
-2761,
2671,
-1663,
-2119,
971,
-1538,
-2040,
579,
-273,
-981,
-12,
-61,
123,
-170,
-274,
1374,
368,
-1629,
477,
752,
-1697,
-76,
344,
-3225,
-2065,
852,
-1383,
-2410,
-78,
-51,
-3562,
3030,
263,
-4424,
-1553,
-4563,
-7050,
2159,
3686,
-4583,
-2408,
2008,
-2152,
-2491,
357,
-1768,
-1909,
583,
-299,
-960,
-8,
-42,
110,
-161,
-389,
933,
256,
-1016,
925,
751,
-1455,
274,
365,
-3275,
-2054,
919,
-1075,
-2101,
-71,
-29,
-3481,
2602,
-408,
-4822,
-1617,
-4325,
-6750,
2063,
3508,
-4248,
-2145,
1556,
-2721,
-2820,
-177,
-2370,
-2216,
287,
-641,
-1026,
82,
-28,
123,
-113,
-366,
911,
356,
-524,
1494,
771,
-1713,
406,
801,
-2885,
-1868,
831,
-1119,
-1879,
-22,
-30,
-3559,
2101,
-768,
-4947,
-1865,
-4249,
-6484,
1663,
3132,
-3824,
-2056,
988,
-2685,
-2366,
-281,
-2564,
-2132,
39,
-1145,
-1216,
105,
-44,
158,
35,
-203,
1065,
705,
0,
1615,
302,
-2220,
43,
523,
-2691,
-1322,
1030,
-1183,
-1822,
-83,
-44,
-3286,
2186,
-842,
-4878,
-1243,
-2996,
-5278,
2282,
3393,
-3646,
-1757,
1519,
-2406,
-2391,
246,
-1559,
-1572,
247,
-854,
-1055,
127,
0,
122,
-20,
-312,
763,
501,
-107,
1234,
-38,
-2264,
-119,
413,
-2380,
-1137,
858,
-1136,
-1549,
-16,
-59,
-3328,
1948,
-1538,
-5279,
-842,
-2913,
-5980,
1671,
2923,
-4133,
-1779,
1376,
-3384,
-3128,
406,
-1543,
-2017,
80,
-714,
-1046,
7,
-67,
157,
82,
-151,
918,
399,
-501,
975,
70,
-2014,
126,
707,
-2130,
-1207,
419,
-1496,
-1455,
283,
-62,
-3306,
1857,
-1691,
-5336,
-650,
-2492,
-5738,
1451,
2697,
-3970,
-1768,
835,
-3734,
-2771,
689,
-1898,
-2361,
214,
-515,
-1018,
31,
-48,
160,
115,
-202,
774,
232,
-734,
894,
313,
-1938,
-184,
615,
-1899,
-1259,
43,
-1751,
-1497,
300,
-65,
-3297,
1859,
-1755,
-5537,
-698,
-2166,
-5490,
1429,
2761,
-4025,
-2099,
879,
-3309,
-2616,
720,
-1763,
-2432,
45,
-556,
-1097,
-37,
-26,
145,
167,
-151,
719,
499,
-318,
693,
-1,
-1599,
72,
299,
-2009,
-895,
336,
-1755,
-1623,
311,
-74,
-3394,
1622,
-1491,
-5324,
-1090,
-1948,
-4659,
1512,
2495,
-4198,
-2670,
959,
-2176,
-2315,
182,
-1578,
-2178,
-372,
-651,
-773,
29,
-63,
143,
151,
-57,
654,
214,
-343,
943,
213,
-1590,
-309,
-122,
-1896,
-596,
399,
-1627,
-1455,
212,
-75,
-3491,
1384,
-1368,
-5093,
-1322,
-2025,
-4247,
1602,
2075,
-4721,
-3086,
1304,
-983,
-1669,
-264,
-2010,
-2157,
-418,
-823,
-866,
-26,
-95,
162,
239,
91,
686,
40,
-427,
1225,
592,
-1591,
-577,
-147,
-1730,
-598,
435,
-1298,
-1149,
259,
-99,
-3503,
2137,
-1653,
-5615,
-69,
-1662,
-6167,
766,
2324,
-5979,
-4276,
1718,
-762,
-2121,
-573,
-2472,
-2555,
-258,
-648,
-918,
-50,
-106,
164,
101,
-83,
961,
133,
-1099,
1079,
1379,
-1299,
-683,
371,
-1166,
-392,
930,
-693,
-949,
336,
-191,
-4006,
3288,
-875,
-5784,
1186,
-35,
-6324,
517,
2899,
-5996,
-4176,
2836,
-89,
-2238,
-410,
-2213,
-2441,
143,
-301,
-985,
-120,
-61,
126,
18,
-171,
899,
72,
-1262,
1034,
1560,
-1375,
-1077,
272,
-954,
-383,
823,
-584,
-815,
252,
-296,
-4973,
4560,
384,
-6169,
2068,
2817,
-4605,
-21,
1550,
-6709,
-3733,
3284,
-737,
-2885,
-132,
-1816,
-2218,
549,
-15,
-923,
20,
30,
112,
83,
-184,
798,
261,
-918,
931,
1075,
-1543,
-905,
87,
-1480,
-654,
598,
-1177,
-1304,
231,
-334,
-5558,
5008,
406,
-6741,
2682,
3761,
-4671,
-153,
1227,
-7973,
-4748,
2942,
-1302,
-3289,
-54,
-1897,
-2288,
663,
-233,
-1236,
12,
51,
136,
182,
-66,
1180,
650,
-1102,
552,
940,
-1680,
-992,
88,
-1744,
-920,
757,
-911,
-1190,
267,
-360,
-5933,
5229,
740,
-6819,
2743,
4106,
-4703,
-539,
1047,
-7961,
-4821,
2781,
-1466,
-3337,
47,
-1927,
-2585,
412,
-319,
-1390,
-169,
23,
110,
98,
-7,
1282,
534,
-1332,
462,
1142,
-1184,
-558,
156,
-1776,
-853,
690,
-1116,
-1352,
107,
-377,
-6109,
5814,
1535,
-6710,
2669,
4578,
-4269,
-815,
584,
-7798,
-4003,
3618,
-1172,
-3472,
-57,
-1933,
-2645,
339,
-383,
-1444,
-116,
98,
66,
27,
-47,
1269,
687,
-1027,
708,
1255,
-1212,
-648,
253,
-1558,
-814,
700,
-899,
-1141,
153,
-394,
-6412,
6097,
2164,
-6255,
3027,
4767,
-4681,
-1661,
198,
-7197,
-3022,
4088,
-1074,
-3148,
265,
-2069,
-2977,
171,
-425,
-1420,
-56,
125,
51,
-65,
-207,
1273,
988,
-714,
640,
844,
-1488,
-543,
359,
-1820,
-1218,
558,
-752,
-997,
97,
-413,
-6826,
6232,
2765,
-5672,
3468,
4941,
-4862,
-1821,
386,
-6743,
-2438,
4474,
-1362,
-3819,
55,
-1817,
-2974,
-142,
-546,
-1291,
13,
100,
76,
-47,
-342,
1024,
892,
-423,
1194,
1329,
-1144,
-231,
557,
-1813,
-1274,
447,
-1018,
-1261,
85,
-429,
-7211,
6048,
2966,
-5403,
3362,
4517,
-5109,
-1664,
617,
-6857,
-2969,
3716,
-2138,
-4479,
-368,
-1877,
-2729,
61,
-673,
-1632,
-237,
34,
97,
16,
-257,
1038,
880,
-212,
1641,
1696,
-917,
126,
1045,
-1431,
-1004,
633,
-1075,
-1474,
98,
-462,
-7478,
5608,
2891,
-4772,
4324,
5175,
-5211,
-2216,
613,
-6194,
-2536,
3872,
-1582,
-3764,
-89,
-1813,
-2514,
321,
-531,
-1615,
-270,
32,
81,
-66,
-355,
959,
815,
-322,
1435,
1597,
-747,
251,
935,
-1475,
-984,
366,
-1480,
-1616,
131,
-503,
-7520,
5474,
2780,
-4649,
4398,
4551,
-6411,
-3009,
725,
-5751,
-2473,
3692,
-1485,
-3657,
-574,
-2463,
-2578,
588,
-410,
-1509,
-124,
72,
77,
-78,
-318,
1162,
921,
-518,
1373,
1939,
-313,
601,
1169,
-1461,
-969,
678,
-1004,
-1184,
407,
-527,
-7593,
5064,
2201,
-4706,
4816,
4296,
-7696,
-4316,
-50,
-6310,
-2889,
3525,
-1472,
-3458,
-336,
-2422,
-2443,
1084,
51,
-1368,
-93,
98,
68,
-53,
-242,
1257,
940,
-618,
1452,
2310,
-157,
418,
1183,
-1284,
-1115,
393,
-1021,
-1082,
401,
-521,
-7520,
4741,
2099,
-4167,
5392,
4578,
-7411,
-3819,
713,
-5612,
-2868,
3076,
-1589,
-3121,
175,
-1728,
-1773,
1278,
-197,
-1617,
-133,
126,
61,
24,
-93,
1227,
707,
-885,
1107,
1884,
-374,
613,
1718,
-699,
-931,
63,
-1409,
-1202,
400,
-523,
-7609,
4495,
1744,
-4391,
5532,
4987,
-7025,
-3375,
1442,
-5001,
-2812,
3020,
-1411,
-3270,
-488,
-2253,
-1975,
1026,
-433,
-1584,
16,
176,
58,
98,
46,
1275,
694,
-772,
1176,
1600,
-895,
59,
1177,
-937,
-584,
721,
-953,
-1171,
164,
-548,
-7851,
4356,
1488,
-5116,
4635,
4625,
-6742,
-3044,
1495,
-4768,
-2041,
3676,
-1598,
-3785,
-504,
-2047,
-2113,
754,
-500,
-1519,
83,
201,
57,
123,
-2,
1080,
491,
-884,
1128,
1434,
-1520,
-903,
536,
-1083,
-543,
940,
-645,
-1151,
-41,
-546,
-8132,
4379,
1201,
-6132,
3770,
4288,
-7486,
-4287,
989,
-4141,
-1302,
3510,
-2693,
-4781,
-494,
-1529,
-1977,
776,
-51,
-938,
374,
251,
52,
125,
-38,
1072,
662,
-688,
1180,
1510,
-1564,
-1407,
9,
-1122,
-514,
718,
-690,
-869,
236,
-513,
-8110,
4495,
1367,
-6006,
3630,
3756,
-7967,
-4243,
1539,
-3138,
-112,
4077,
-3070,
-5478,
-931,
-1625,
-1936,
653,
-311,
-1060,
396,
270,
50,
194,
210,
1326,
735,
-509,
1418,
1251,
-2028,
-1516,
-307,
-1893,
-934,
661,
-970,
-1080,
332,
-544,
-8042,
4789,
1832,
-5800,
3359,
3440,
-8051,
-4510,
1002,
-3188,
687,
5074,
-2514,
-5402,
-1210,
-2116,
-2358,
502,
-253,
-988,
366,
215,
87,
246,
181,
1382,
1014,
-253,
1417,
1233,
-1718,
-879,
475,
-1223,
-641,
755,
-641,
-647,
497,
-599,
-8020,
5220,
2239,
-6157,
2602,
3414,
-7163,
-3606,
1324,
-3398,
169,
4800,
-1854,
-3971,
37,
-1579,
-2324,
335,
-403,
-946,
504,
256,
92,
299,
190,
1374,
1041,
-427,
932,
805,
-1788,
-744,
583,
-1211,
-737,
623,
-673,
-589,
531,
-633,
-8199,
5188,
2186,
-6465,
2243,
3286,
-7001,
-3255,
1229,
-4528,
-1082,
4695,
-1463,
-4237,
-364,
-1408,
-2039,
374,
-433,
-1038,
376,
231,
74,
210,
171,
1478,
1172,
-358,
954,
859,
-1726,
-737,
554,
-1262,
-693,
913,
-379,
-557,
535,
-653,
-8275,
5153,
2048,
-6658,
2209,
3413,
-6705,
-2865,
1267,
-5013,
-1740,
4105,
-1837,
-4301,
-457,
-1657,
-1952,
783,
-338,
-1293,
213,
217,
67,
173,
88,
1365,
1025,
-524,
889,
858,
-1858,
-972,
327,
-1492,
-869,
764,
-670,
-867,
444,
-640,
-8230,
5027,
2022,
-6629,
2043,
3406,
-6552,
-3317,
183,
-6117,
-2747,
3485,
-1537,
-3629,
-341,
-1874,
-1874,
1159,
69,
-1060,
213,
174,
83,
187,
153,
1454,
1024,
-445,
1145,
945,
-2043,
-963,
764,
-1047,
-811,
633,
-607,
-663,
533,
-580,
-8025,
5135,
1961,
-6567,
2260,
3395,
-6741,
-3480,
-304,
-7043,
-3515,
3461,
-712,
-2510,
318,
-1552,
-1399,
1541,
176,
-883,
414,
194,
106,
169,
-135,
1084,
879,
-238,
1603,
1318,
-1788,
-520,
1297,
-739,
-731,
575,
-655,
-529,
662,
-558,
-7892,
4996,
1804,
-6583,
2070,
3108,
-6859,
-3886,
-1339,
-7950,
-3501,
4199,
159,
-1935,
333,
-1943,
-1716,
1472,
173,
-916,
387,
190,
99,
115,
-197,
996,
521,
-860,
1206,
1335,
-1623,
-269,
1502,
-975,
-1137,
681,
-281,
-587,
245,
-552,
-7691,
5135,
1596,
-7262,
1347,
2864,
-6851,
-4141,
-1724,
-8133,
-3666,
3767,
-373,
-2202,
264,
-2304,
-2458,
837,
-187,
-1239,
133,
121,
120,
204,
-85,
1006,
577,
-592,
1651,
2141,
-453,
517,
1475,
-1104,
-715,
1348,
173,
-290,
545,
-569,
-7573,
5507,
2064,
-6675,
2067,
3406,
-6190,
-2843,
-568,
-8018,
-3904,
4126,
510,
-1158,
1138,
-1914,
-2310,
1153,
134,
-1169,
89,
111,
119,
184,
-193,
711,
134,
-1042,
1269,
1819,
-698,
510,
1843,
-719,
-924,
687,
-198,
-317,
382,
-580,
-7748,
5568,
2276,
-6275,
2691,
3518,
-6838,
-3061,
-121,
-8333,
-4942,
3783,
533,
-1707,
782,
-1645,
-2364,
734,
78,
-1071,
-10,
46,
128,
190,
-132,
702,
60,
-986,
1269,
1622,
-635,
1153,
2700,
-226,
-1031,
264,
-471,
-334,
441,
-573,
-7747,
5881,
2688,
-6366,
2326,
3632,
-6605,
-3234,
111,
-7441,
-4664,
3208,
308,
-1296,
1227,
-1279,
-2041,
832,
38,
-1021,
96,
78,
136,
278,
-97,
552,
-26,
-881,
1207,
1325,
-816,
944,
2122,
-750,
-972,
552,
-539,
-629,
346,
-594,
-7950,
5895,
2885,
-6309,
2273,
3760,
-6438,
-3204,
442,
-6763,
-4602,
2358,
-298,
-924,
1949,
-854,
-1934,
745,
12,
-773,
367,
138,
133,
228,
-249,
513,
39,
-929,
1201,
1410,
-983,
683,
2213,
-489,
-715,
1075,
45,
-450,
317,
-643,
-8103,
6085,
3208,
-6055,
2417,
3545,
-6748,
-3071,
846,
-6088,
-3332,
3383,
-372,
-1201,
2191,
-853,
-2413,
520,
153,
-670,
396,
168,
108,
149,
-353,
361,
-260,
-1458,
739,
1473,
-632,
580,
1684,
-710,
-552,
1100,
-13,
-238,
591,
-666,
-8204,
6147,
3405,
-5913,
2460,
3739,
-6179,
-2378,
1427,
-5287,
-2397,
3515,
-1221,
-2005,
2033,
-689,
-2317,
399,
-135,
-922,
275,
142,
100,
39,
-551,
159,
-471,
-1523,
948,
1672,
-593,
714,
1974,
-318,
2,
1509,
-88,
-454,
642,
-678,
-8155,
6119,
3534,
-5309,
3077,
3678,
-6429,
-2006,
2072,
-5008,
-2490,
3274,
-1177,
-1438,
2438,
-942,
-2655,
319,
-278,
-1130,
197,
131,
108,
42,
-530,
420,
-20,
-1296,
857,
1546,
-625,
603,
1574,
-835,
-255,
1387,
-400,
-697,
789,
-649,
-7989,
5985,
3465,
-4828,
3843,
4079,
-6454,
-1553,
3390,
-4250,
-3342,
2035,
-1764,
-2105,
1425,
-1435,
-2354,
944,
238,
-962,
144,
111,
105,
75,
-356,
651,
224,
-1042,
1013,
1647,
-608,
285,
1108,
-1018,
-280,
1326,
-339,
-615,
662,
-598,
-7876,
5769,
3197,
-4980,
3361,
3190,
-7179,
-1781,
3428,
-4384,
-3864,
1292,
-2593,
-3117,
388,
-2030,
-2305,
1360,
548,
-964,
62,
120,
80,
76,
-164,
835,
264,
-839,
1533,
2087,
-678,
-108,
1059,
-613,
-130,
1015,
-422,
-288,
794,
-577,
-7619,
6235,
3473,
-5263,
2589,
2007,
-8529,
-2423,
4003,
-3277,
-2951,
1966,
-2247,
-3257,
-56,
-2568,
-2817,
931,
50,
-1490,
-174,
112,
81,
187,
-20,
810,
254,
-697,
1629,
2032,
-777,
59,
1697,
51,
138,
1176,
-212,
-231,
885,
-550,
-7239,
6554,
3432,
-5718,
2349,
2600,
-7621,
-1860,
4558,
-2399,
-1842,
3250,
-1408,
-3476,
-558,
-2579,
-2873,
589,
-35,
-1294,
-12,
184,
42,
143,
-21,
575,
-165,
-1049,
1174,
1614,
-640,
459,
1779,
13,
171,
1016,
-584,
-632,
556,
-581,
-7367,
6483,
3208,
-6024,
2332,
2965,
-7018,
-1540,
4106,
-2918,
-1595,
3581,
-1584,
-3357,
324,
-1568,
-2337,
565,
-236,
-1258,
100,
166,
83,
219,
12,
788,
153,
-847,
1378,
1740,
-823,
164,
1488,
-442,
-328,
635,
-956,
-973,
369,
-618,
-7408,
6416,
3182,
-6227,
1972,
3079,
-6504,
-1554,
3671,
-2821,
-1161,
3522,
-1861,
-3011,
1329,
-516,
-1669,
900,
23,
-1025,
192,
164,
85,
172,
-45,
920,
425,
-764,
1147,
1398,
-1026,
248,
1832,
-44,
2,
919,
-767,
-885,
496,
-667,
-7766,
6399,
3072,
-6426,
2398,
4015,
-5458,
-432,
4270,
-3056,
-1348,
3787,
-1656,
-2960,
1321,
-733,
-1906,
839,
-53,
-1133,
197,
205,
56,
86,
-64,
1117,
656,
-844,
789,
1018,
-1279,
208,
1977,
172,
187,
935,
-903,
-959,
478,
-642,
-7608,
6452,
2985,
-6450,
2056,
2791,
-6709,
-564,
4739,
-2955,
-1736,
3112,
-2098,
-2889,
1107,
-1483,
-2127,
1340,
233,
-1207,
179,
217,
76,
219,
-50,
694,
-57,
-1368,
556,
847,
-1212,
674,
2324,
102,
45,
841,
-999,
-904,
596,
-579,
-7449,
6368,
3020,
-6390,
1421,
1488,
-8018,
-1265,
4923,
-2704,
-2369,
2268,
-2430,
-3469,
108,
-1867,
-1837,
1452,
-5,
-1505,
-29,
158,
87,
248,
-2,
547,
-438,
-1619,
509,
724,
-1354,
732,
2428,
-24,
-293,
484,
-1201,
-874,
748,
-558,
-7376,
5996,
2431,
-7027,
515,
389,
-9070,
-1981,
4819,
-2798,
-3273,
1184,
-2675,
-3147,
345,
-1776,
-1816,
1400,
-138,
-1718,
-199,
111,
102,
299,
79,
670,
-223,
-1304,
1100,
1637,
-803,
530,
2250,
341,
215,
1008,
-546,
-322,
1099,
-484,
-6881,
6017,
2183,
-7009,
500,
-8,
-9228,
-1304,
5732,
-2531,
-3276,
2066,
-815,
-1430,
1345,
-956,
-881,
1977,
-122,
-1827,
-148,
178,
64,
183,
-168,
214,
-758,
-1639,
1061,
1590,
-1308,
-536,
995,
-579,
-15,
1425,
15,
-118,
1003,
-427,
-6518,
5804,
1766,
-6952,
648,
-259,
-9329,
-721,
6429,
-2568,
-3917,
1726,
-505,
-1107,
1254,
-1074,
-840,
1809,
-556,
-2195,
-312,
150,
58,
154,
-43,
559,
-460,
-1452,
1307,
1777,
-1246,
-322,
1265,
-711,
-449,
1204,
69,
-82,
939,
-388,
-6381,
5473,
1379,
-6878,
871,
-30,
-8563,
596,
7480,
-2237,
-3924,
1791,
-437,
-1223,
989,
-1350,
-1057,
1579,
-888,
-2484,
-384,
169,
50,
128,
-272,
133,
-570,
-1164,
1393,
1605,
-1085,
238,
1742,
-524,
-410,
1190,
-54,
-357,
632,
-377,
-6533,
5276,
1119,
-7339,
255,
-573,
-9009,
205,
7130,
-2757,
-4502,
1734,
-19,
-838,
1457,
-695,
-673,
1700,
-636,
-2249,
-359,
160,
39,
68,
-372,
-73,
-682,
-962,
1487,
1279,
-1399,
204,
1783,
-501,
-498,
918,
-257,
-421,
446,
-369,
-6561,
5294,
873,
-7659,
252,
-754,
-9843,
-847,
6254,
-3497,
-5085,
1435,
99,
-519,
1447,
-874,
-498,
1873,
-848,
-2379,
-233,
224,
21,
-1,
-362,
284,
-417,
-1228,
1311,
1431,
-1505,
83,
2116,
-241,
-499,
1153,
94,
-198,
800,
-402,
-6730,
5398,
1288,
-7249,
494,
-541,
-9749,
-1282,
5367,
-4067,
-4960,
1796,
323,
-325,
1646,
-757,
-390,
2006,
-750,
-2292,
-163,
236,
21,
-54,
-527,
226,
-257,
-1174,
1083,
1176,
-1627,
-49,
1817,
-662,
-796,
1122,
159,
-181,
856,
-475,
-7098,
5665,
1648,
-7593,
-62,
-521,
-9330,
-1218,
4852,
-4460,
-4848,
1558,
-656,
-880,
2060,
-552,
-1006,
1541,
-479,
-1936,
-173,
164,
38,
-103,
-605,
114,
-520,
-1369,
1148,
1238,
-1760,
-381,
1163,
-1469,
-1362,
678,
-404,
-575,
819,
-491,
-7283,
5634,
1838,
-7675,
-430,
-400,
-8839,
-1046,
5100,
-3940,
-4877,
1192,
-378,
-297,
2307,
-272,
-616,
1547,
-765,
-2100,
-203,
155,
48,
-44,
-453,
378,
-138,
-857,
1770,
1893,
-1275,
-166,
1438,
-910,
-936,
657,
-544,
-586,
794,
-494,
-7152,
5773,
1834,
-7888,
-379,
326,
-8147,
-1132,
4864,
-3634,
-4520,
1042,
-842,
-636,
2292,
-216,
-805,
1306,
-844,
-2198,
-315,
155,
23,
-60,
-329,
439,
-180,
-822,
1692,
1532,
-1648,
-318,
1600,
-459,
-591,
703,
-453,
-425,
709,
-474,
-7059,
5798,
1508,
-8689,
-1360,
-160,
-7767,
-743,
4270,
-4425,
-4401,
1234,
-1498,
-1240,
2433,
-16,
-853,
1440,
-535,
-2001,
-230,
181,
25,
34,
-130,
607,
-175,
-1055,
1221,
1004,
-1863,
22,
2283,
116,
-315,
785,
-453,
-487,
632,
-439,
-6820,
6008,
1723,
-8399,
-1034,
198,
-7426,
-571,
4280,
-4487,
-4639,
844,
-1707,
-1206,
2395,
-163,
-881,
1451,
-703,
-2233,
-326,
170,
39,
137,
-24,
544,
-359,
-1268,
924,
742,
-1808,
327,
2512,
190,
-296,
741,
-619,
-751,
385,
-417,
-6717,
6146,
1552,
-8935,
-1326,
425,
-7293,
-859,
4145,
-4144,
-4378,
477,
-2466,
-1706,
2374,
-97,
-1045,
1193,
-863,
-2284,
-342,
140,
77,
237,
-70,
466,
-197,
-1216,
618,
725,
-1346,
412,
2019,
-61,
-47,
965,
-614,
-682,
595,
-445,
-6724,
5816,
1072,
-9026,
-859,
1280,
-6085,
300,
4385,
-4658,
-4230,
1819,
-1033,
-1144,
2273,
-285,
-1150,
1067,
-972,
-2238,
-229,
165,
86,
265,
-138,
322,
-355,
-1426,
404,
583,
-1397,
505,
2082,
-361,
-559,
674,
-690,
-769,
471,
-426,
-6891,
5333,
520,
-9136,
-238,
2349,
-5370,
286,
4077,
-5046,
-4859,
1322,
-962,
-905,
2190,
-447,
-1029,
1287,
-952,
-2289,
-154,
233,
63,
281,
-37,
590,
93,
-1203,
234,
450,
-1346,
581,
2323,
-51,
-537,
624,
-530,
-717,
272,
-393,
-6964,
5346,
365,
-9479,
-342,
2473,
-5659,
-874,
2301,
-6604,
-5581,
1140,
-1170,
-1027,
2417,
-254,
-1342,
654,
-1437,
-2502,
-229,
216,
62,
264,
18,
777,
309,
-996,
493,
691,
-1214,
737,
2639,
296,
-306,
846,
-247,
-602,
103,
-409,
-7250,
5521,
771,
-9023,
145,
2551,
-5830,
-731,
2352,
-7023,
-5888,
1473,
-33,
582,
3501,
-12,
-1308,
628,
-1630,
-2587,
-194,
224,
48,
109,
-183,
720,
229,
-956,
812,
684,
-1622,
580,
2446,
-364,
-859,
635,
-466,
-767,
43,
-453,
-7685,
5197,
715,
-9322,
-470,
2365,
-5711,
-924,
2425,
-6204,
-5149,
1440,
-856,
-664,
2803,
239,
-984,
629,
-1504,
-2433,
-275,
152,
58,
63,
-201,
804,
365,
-918,
540,
229,
-1902,
585,
2776,
216,
-506,
501,
-713,
-778,
256,
-543,
-8003,
5203,
727,
-9523,
-546,
2266,
-6108,
-1185,
2586,
-5662,
-4045,
2467,
-1077,
-1484,
2921,
915,
-742,
937,
-714,
-1863,
-214,
124,
47,
-57,
-302,
908,
535,
-1014,
339,
415,
-1573,
439,
2445,
378,
10,
796,
-758,
-826,
451,
-628,
-8041,
5481,
1394,
-8744,
-4,
2465,
-5997,
-796,
3310,
-4891,
-3548,
2526,
-1326,
-1757,
2571,
307,
-1210,
1081,
-270,
-1628,
-185,
116,
51,
-111,
-555,
629,
512,
-1033,
159,
512,
-1291,
141,
1681,
15,
103,
730,
-1082,
-1064,
343,
-640,
-8111,
5537,
1913,
-8248,
-414,
1539,
-6429,
-778,
3267,
-5122,
-4229,
1323,
-2374,
-2220,
2338,
82,
-1352,
929,
-419,
-1626,
-153,
75,
106,
76,
-310,
1050,
1074,
-655,
303,
718,
-965,
354,
1716,
66,
295,
958,
-1000,
-1126,
296,
-615,
-7820,
5711,
1753,
-8588,
-510,
1824,
-6087,
-588,
3521,
-4702,
-3918,
1423,
-2258,
-2070,
2323,
-24,
-1348,
993,
-377,
-1532,
-44,
88,
137,
251,
-181,
898,
725,
-946,
172,
626,
-1168,
14,
1238,
-596,
-412,
518,
-1111,
-1176,
151,
-557,
-7372,
5670,
1043,
-9374,
-608,
2603,
-5268,
-927,
2157,
-5515,
-3437,
2072,
-2455,
-2622,
2194,
183,
-1152,
1186,
-164,
-1438,
-38,
119,
90,
108,
-194,
950,
539,
-1280,
-84,
398,
-1258,
299,
1591,
-644,
-684,
500,
-807,
-833,
322,
-481,
-7111,
5534,
510,
-9686,
-332,
3073,
-5140,
-1101,
2004,
-5727,
-3928,
1649,
-2385,
-2329,
2452,
680,
-536,
1384,
-323,
-1545,
-44,
135,
66,
31,
-121,
1132,
481,
-1538,
-310,
312,
-775,
1418,
2397,
-623,
-783,
583,
-850,
-948,
318,
-506,
-7155,
5737,
558,
-9898,
-299,
3228,
-5373,
-1451,
1983,
-5596,
-3770,
2022,
-2041,
-2631,
1449,
-348,
-1071,
1202,
-442,
-1657,
-130,
98,
79,
45,
-26,
1436,
826,
-1410,
-357,
324,
-573,
1643,
2330,
-893,
-886,
581,
-1019,
-1147,
285,
-553,
-7445,
5480,
683,
-9463,
64,
3473,
-5219,
-1538,
1867,
-5332,
-3286,
2336,
-1756,
-2118,
1805,
-662,
-1728,
924,
-323,
-1583,
-177,
72,
88,
63,
-52,
1357,
848,
-1185,
-81,
269,
-1252,
773,
2108,
-514,
-677,
467,
-1122,
-1239,
150,
-620,
-7853,
5295,
1146,
-8724,
367,
3410,
-5174,
-1345,
1984,
-5519,
-3849,
1722,
-1978,
-1779,
2492,
-236,
-1925,
599,
-240,
-1314,
-75,
59,
106,
62,
-270,
1011,
851,
-747,
423,
821,
-691,
826,
1715,
-639,
-488,
539,
-1095,
-1094,
219,
-674,
-8110,
5438,
1679,
-8064,
876,
3352,
-5668,
-1580,
1972,
-5849,
-4184,
1888,
-1782,
-2114,
1890,
-656,
-2030,
824,
175,
-996,
25,
54,
121,
109,
-263,
869,
513,
-1120,
280,
861,
-841,
367,
1238,
-885,
-447,
829,
-776,
-1015,
72,
-706,
-8303,
5395,
1838,
-7607,
1688,
4084,
-5471,
-1614,
2338,
-5022,
-3386,
2218,
-2109,
-3008,
1017,
-858,
-1761,
877,
-47,
-1153,
-34,
30,
123,
28,
-460,
641,
387,
-975,
529,
819,
-1012,
456,
1397,
-915,
-555,
633,
-1158,
-1393,
-79,
