-857,
-11092,
5017,
3933,
-6600,
800,
3906,
-4724,
-2020,
1299,
-4621,
-1844,
3279,
-1625,
-2248,
1660,
-1402,
-2796,
870,
599,
-878,
54,
110,
102,
72,
-667,
238,
614,
-526,
549,
1294,
-274,
-21,
282,
-1383,
-768,
577,
-484,
-470,
492,
-854,
-11209,
5056,
4139,
-6505,
726,
3899,
-4693,
-1977,
1689,
-4102,
-1998,
2601,
-1834,
-1725,
2545,
-348,
-1860,
1343,
722,
-843,
52,
104,
97,
43,
-608,
459,
972,
-11,
1092,
1606,
-195,
10,
370,
-1258,
-830,
201,
-800,
-437,
586,
-892,
-11352,
5024,
3778,
-6893,
806,
3465,
-6031,
-2756,
1760,
-4455,
-2672,
2538,
-1687,
-2025,
2166,
-381,
-1686,
1534,
859,
-827,
3,
99,
79,
-20,
-610,
408,
729,
-204,
964,
1104,
-974,
-511,
167,
-1159,
-280,
834,
-561,
-469,
489,
-899,
-11349,
4824,
3194,
-7661,
247,
3341,
-5681,
-2256,
1962,
-4396,
-2292,
3329,
-696,
-1348,
2068,
-886,
-2102,
1066,
506,
-663,
286,
121,
113,
-4,
-760,
380,
774,
-375,
809,
1160,
-860,
-351,
336,
-1126,
-305,
759,
-824,
-723,
524,
-905,
-11330,
4643,
2694,
-8081,
369,
3819,
-5234,
-1853,
2478,
-3687,
-1502,
3946,
-277,
-1019,
2209,
-1020,
-2468,
514,
16,
-812,
363,
182,
75,
-98,
-697,
568,
674,
-656,
852,
1325,
-935,
-366,
506,
-1019,
-132,
1146,
-458,
-453,
772,
-933,
-11465,
4790,
2557,
-8579,
281,
3863,
-5822,
-2522,
2248,
-4061,
-2159,
3259,
-1351,
-2163,
2100,
-338,
-2169,
345,
-133,
-942,
208,
110,
118,
79,
-441,
868,
1122,
-176,
1158,
1710,
-181,
463,
865,
-1317,
-653,
949,
-472,
-657,
611,
-932,
-11328,
5062,
3193,
-7777,
644,
3895,
-5215,
-1058,
3714,
-3347,
-1901,
3709,
-668,
-1508,
2727,
221,
-1849,
584,
216,
-723,
173,
72,
110,
-11,
-523,
672,
577,
-716,
1061,
1734,
-444,
220,
1017,
-976,
-480,
931,
-543,
-771,
393,
-956,
-11290,
5314,
3280,
-7710,
993,
4048,
-5167,
-487,
4260,
-3384,
-1940,
3809,
-796,
-1625,
2730,
101,
-1900,
762,
358,
-747,
88,
38,
110,
-44,
-434,
848,
482,
-891,
1107,
1527,
-927,
159,
1183,
-1082,
-454,
1225,
-398,
-648,
668,
-962,
-11330,
5293,
3209,
-7889,
534,
3256,
-5682,
-335,
4426,
-3594,
-2045,
3905,
-748,
-1481,
2789,
-392,
-2594,
452,
258,
-863,
98,
101,
78,
-60,
-430,
742,
317,
-1080,
780,
1148,
-1069,
285,
1289,
-1211,
-722,
1089,
-295,
-486,
737,
-971,
-11450,
5379,
3138,
-8003,
1014,
4014,
-5385,
-375,
4302,
-3876,
-2165,
4231,
-516,
-1886,
2158,
-564,
-2385,
546,
183,
-893,
121,
114,
68,
-93,
-474,
598,
132,
-974,
1056,
1058,
-1472,
-40,
1100,
-1204,
-634,
805,
-753,
-474,
1077,
-978,
-11277,
5464,
3121,
-7880,
1037,
3461,
-6055,
-732,
3691,
-4666,
-2369,
4234,
-730,
-1562,
3014,
-198,
-2547,
418,
114,
-888,
250,
165,
78,
-2,
-427,
657,
211,
-1179,
770,
1312,
-828,
284,
948,
-1463,
-762,
773,
-786,
-548,
955,
-982,
-11395,
5178,
2625,
-8347,
831,
3305,
-6506,
-1490,
2901,
-5167,
-2626,
3732,
-1630,
-2401,
2523,
-393,
-2474,
481,
-162,
-1220,
195,
190,
84,
49,
-520,
496,
309,
-1045,
648,
1187,
-886,
82,
787,
-1416,
-753,
723,
-677,
-396,
950,
-969,
-11093,
5196,
2186,
-8637,
1503,
4669,
-5525,
-1000,
3746,
-4016,
-2040,
3734,
-1663,
-2530,
2182,
-559,
-2302,
792,
181,
-991,
201,
157,
78,
-80,
-664,
498,
314,
-1086,
716,
1367,
-735,
87,
603,
-1650,
-879,
619,
-872,
-586,
882,
-978,
-11170,
5247,
2318,
-8247,
2158,
5003,
-5622,
-1063,
3629,
-4276,
-1898,
4342,
-1023,
-1791,
3059,
31,
-2086,
887,
209,
-1013,
191,
140,
108,
69,
-496,
495,
159,
-989,
1313,
1905,
-839,
-373,
192,
-2001,
-993,
807,
-825,
-822,
735,
-994,
-11255,
5362,
2467,
-8164,
2160,
4761,
-5820,
-919,
3473,
-5134,
-2722,
4046,
-1065,
-1779,
3006,
-166,
-2213,
882,
125,
-1104,
210,
164,
103,
53,
-536,
526,
301,
-785,
1501,
1813,
-1198,
-325,
918,
-1283,
-726,
889,
-786,
-912,
582,
-1003,
-11415,
5303,
2544,
-8086,
2063,
4537,
-5789,
-575,
3541,
-5392,
-2399,
5097,
-362,
-1825,
2925,
2,
-2095,
993,
396,
-838,
340,
213,
65,
-74,
-628,
463,
-20,
-1496,
789,
1500,
-1229,
-360,
797,
-1446,
-740,
1192,
-360,
-608,
806,
-986,
-11252,
5324,
2527,
-8133,
2062,
4849,
-5645,
-1112,
3201,
-4946,
-2214,
4571,
-631,
-1448,
3480,
434,
-2035,
648,
112,
-887,
260,
127,
110,
1,
-531,
594,
-24,
-1599,
799,
1499,
-1455,
-559,
995,
-1029,
-527,
1228,
-222,
-426,
833,
-630,
-9485,
2147,
767,
-6313,
1756,
5117,
-2769,
-1386,
2155,
-2117,
-1185,
2347,
-627,
-1040,
1544,
-374,
-1224,
833,
295,
-543,
132,
66,
69,
-27,
-353,
404,
157,
-626,
616,
469,
-1138,
138,
877,
-924,
-366,
892,
-310,
-388,
582,
-425,
-9337,
-473,
-2731,
-7174,
3122,
6050,
-3456,
-2980,
1184,
-1997,
-1183,
1592,
-1284,
-1011,
1919,
-139,
-1296,
745,
454,
-378,
129,
52,
63,
-24,
-216,
607,
305,
-523,
624,
371,
-1306,
-202,
386,
-1345,
-653,
689,
-415,
-409,
613,
-424,
-9207,
-185,
-2653,
-7090,
3675,
6486,
-3567,
-2934,
1476,
-2232,
-1780,
1326,
-1406,
-1399,
1466,
-438,
-1557,
489,
315,
-415,
116,
57,
47,
-81,
-248,
533,
130,
-595,
674,
304,
-1366,
-52,
518,
-1328,
-595,
652,
-655,
-666,
367,
-510,
-8968,
1458,
-456,
-6517,
2880,
6468,
-2475,
-1319,
3289,
-2151,
-3914,
879,
1402,
705,
1130,
-606,
-679,
1110,
411,
-551,
-116,
-17,
41,
-113,
-146,
526,
-170,
-878,
540,
389,
-895,
507,
906,
-849,
-60,
943,
-486,
-472,
475,
-496,
-9125,
1288,
-1937,
-8111,
3116,
7025,
-2048,
677,
5027,
-2842,
-5122,
-24,
-281,
-567,
803,
-1806,
-2606,
51,
144,
-560,
31,
36,
54,
-92,
-306,
469,
134,
-303,
1372,
989,
-1017,
317,
1164,
-668,
-188,
748,
-681,
-506,
657,
-474,
-8944,
1570,
-1903,
-8173,
3263,
6954,
-2457,
392,
4510,
-4108,
-6477,
-792,
-711,
-924,
533,
-2055,
-2806,
-4,
188,
-506,
35,
8,
77,
-32,
-217,
677,
460,
87,
1779,
1245,
-968,
352,
1267,
-537,
-11,
874,
-674,
-422,
901,
-718,
-9394,
3859,
772,
-7612,
2591,
5653,
-3523,
403,
3962,
-4696,
-4168,
2283,
-445,
-1305,
1654,
-1086,
-2445,
468,
293,
-655,
153,
92,
70,
-69,
-410,
550,
122,
-820,
1102,
1145,
-1178,
11,
988,
-927,
-117,
1226,
-539,
-661,
684,
-821,
-10215,
3889,
1348,
-7305,
2521,
4994,
-4706,
-552,
3321,
-5216,
-4079,
2425,
-1641,
-3082,
1079,
-896,
-2770,
-191,
-174,
-963,
7,
88,
54,
-87,
-288,
921,
507,
-774,
1262,
1961,
-490,
-111,
791,
-881,
-405,
884,
-373,
-412,
704,
-817,
-10308,
3802,
1116,
-7748,
2020,
4615,
-4760,
-298,
3591,
-4820,
-3211,
3315,
-1411,
-3113,
1496,
-347,
-2674,
-237,
174,
-461,
207,
91,
51,
-169,
-317,
1076,
521,
-1014,
1218,
2204,
-342,
-88,
915,
-704,
-362,
728,
-618,
-590,
523,
-792,
-10163,
3854,
707,
-8265,
1904,
4493,
-5128,
-364,
3923,
-4627,
-3494,
2887,
-1107,
-2049,
2060,
-592,
-2646,
233,
399,
-432,
310,
144,
40,
-155,
-245,
1154,
298,
-1657,
412,
1441,
-672,
355,
1446,
-947,
-1011,
438,
-448,
-201,
841,
-764,
-9630,
4767,
1240,
-7793,
3540,
6733,
-3722,
396,
4812,
-3843,
-3228,
2961,
-645,
-1405,
2146,
-818,
-2362,
628,
99,
-1020,
76,
129,
53,
-6,
107,
1578,
544,
-1601,
455,
1382,
-889,
270,
1555,
-826,
-817,
706,
-329,
-235,
799,
-622,
-7428,
6661,
1307,
-9064,
2381,
5893,
-4430,
-91,
4226,
-4225,
-2698,
3444,
-1344,
-2391,
1768,
-1038,
-2621,
509,
-42,
-1183,
23,
112,
71,
15,
58,
1574,
563,
-1574,
735,
1672,
-1043,
71,
1733,
-594,
-591,
1086,
-238,
-666,
368,
-474,
-6116,
6995,
584,
-9637,
2320,
5783,
-4904,
-970,
3069,
-5134,
-3003,
3519,
-1209,
-2508,
1153,
-1712,
-2719,
672,
-230,
-1528,
-95,
117,
71,
24,
-21,
1426,
563,
-1504,
521,
1329,
-852,
818,
2271,
-437,
-205,
1731,
73,
-738,
335,
-419,
-5679,
7053,
155,
-10159,
1786,
5000,
-5724,
-1396,
2815,
-5844,
-4124,
2846,
-948,
-2009,
1153,
-1775,
-2299,
1117,
-210,
-1670,
-188,
65,
95,
-10,
-131,
1566,
980,
-1095,
868,
1515,
-1016,
570,
2253,
-382,
-155,
1895,
188,
-773,
437,
-398,
-5578,
7456,
262,
-10466,
1959,
5887,
-4886,
-1142,
2481,
-6342,
-4300,
2663,
-1608,
-2443,
1594,
-1186,
-2185,
1218,
160,
-1380,
-125,
56,
101,
-54,
-390,
1198,
949,
-754,
1083,
1413,
-1265,
214,
1974,
-256,
114,
1772,
-154,
-845,
536,
-395,
-5579,
7494,
220,
-10528,
2037,
5980,
-4811,
-869,
2824,
-6276,
-4523,
2231,
-2159,
-2685,
1926,
-711,
-1999,
1249,
251,
-1257,
-39,
78,
107,
13,
-387,
997,
792,
-613,
1300,
1451,
-1360,
-34,
1558,
-565,
79,
1873,
16,
-662,
542,
-406,
-5651,
7040,
-181,
-10284,
2273,
5221,
-5882,
-1093,
2842,
-6911,
-5041,
2514,
-1928,
-3137,
1318,
-1099,
-2324,
1018,
219,
-1247,
-96,
32,
140,
145,
-257,
927,
620,
-576,
1485,
1623,
-961,
569,
1857,
-506,
434,
2377,
273,
-459,
806,
-422,
-5625,
6634,
-165,
-9608,
2705,
5204,
-6227,
-1649,
3126,
-5511,
-4065,
2464,
-1983,
-2722,
1958,
-546,
-2280,
723,
245,
-943,
44,
28,
148,
112,
-425,
707,
549,
-630,
1212,
1447,
-825,
554,
1513,
-824,
218,
2155,
119,
-495,
866,
-383,
-5381,
6318,
-386,
-9439,
2729,
5296,
-5898,
-1485,
3359,
-5193,
-4245,
2255,
-1654,
-2454,
2127,
-76,
-2184,
220,
53,
-721,
125,
10,
141,
17,
-531,
712,
827,
-180,
1215,
885,
-1306,
373,
1451,
-659,
503,
2176,
-115,
-729,
759,
-351,
-5149,
5814,
-373,
-8937,
2242,
4802,
-5340,
-1451,
2538,
-5360,
-3893,
2400,
-1393,
-2237,
1907,
-267,
-2046,
381,
7,
-944,
-31,
15,
115,
23,
-371,
864,
929,
-223,
889,
763,
-955,
533,
1231,
-783,
430,
2060,
-38,
-671,
591,
-291,
-4794,
6202,
-843,
-9805,
2318,
5257,
-5607,
-1969,
1952,
-6353,
-4218,
3495,
-324,
-2340,
1339,
-572,
-2133,
391,
-49,
-1174,
-199,
20,
83,
16,
-110,
1118,
776,
-538,
752,
665,
-962,
944,
1799,
-560,
399,
1999,
-176,
-736,
795,
-237,
-4422,
6344,
-1048,
-10306,
2083,
5736,
-5498,
-2869,
1717,
-5258,
-3540,
3360,
-48,
-1832,
1362,
-641,
-2077,
316,
-95,
-1096,
-200,
-9,
80,
-74,
-141,
1276,
677,
-1267,
28,
762,
-486,
961,
1709,
-208,
654,
1679,
-596,
-813,
907,
-216,
-4153,
6008,
-1490,
-10120,
2350,
5378,
-6076,
-3022,
2196,
-4289,
-2883,
3016,
-621,
-1663,
1729,
-773,
-2314,
216,
-316,
-1270,
-141,
36,
89,
6,
-192,
1056,
491,
-1420,
-37,
936,
-305,
925,
1688,
-205,
326,
1213,
-607,
-445,
1098,
-211,
-4010,
5744,
-1794,
-9766,
2820,
4845,
-7079,
-3004,
3116,
-3769,
-3018,
2989,
-291,
-1467,
1532,
-1056,
-2473,
59,
-441,
-1240,
-68,
54,
83,
-25,
-224,
980,
299,
-1475,
252,
1236,
-307,
741,
1519,
-247,
319,
1003,
-837,
-356,
1247,
-190,
-3862,
5276,
-2233,
-9445,
2965,
3896,
-7956,
-2475,
4139,
-3701,
-3413,
3216,
112,
-1707,
1075,
-1109,
-2440,
-182,
-678,
-1231,
26,
82,
79,
-14,
-198,
998,
313,
-1306,
705,
1644,
-411,
321,
1340,
-217,
204,
867,
-688,
-49,
1407,
-170,
-3755,
4946,
-2518,
-9392,
2850,
3446,
-8252,
-1979,
5246,
-3346,
-3985,
3325,
714,
-2226,
291,
-804,
-2195,
-643,
-743,
-898,
62,
35,
76,
-15,
-24,
933,
-102,
-1182,
1291,
1614,
-853,
388,
1679,
-334,
-261,
727,
-327,
215,
1245,
-156,
-3737,
4483,
-2342,
-9028,
2185,
3394,
-6897,
-1595,
4406,
-3416,
-3602,
3200,
697,
-2120,
25,
-990,
-2062,
-541,
-670,
-767,
134,
36,
90,
40,
-94,
714,
-44,
-882,
1203,
1275,
-890,
416,
1504,
-466,
-311,
722,
-205,
276,
1148,
-148,
-3897,
3962,
-2451,
-8931,
1628,
3034,
-6485,
-1838,
3149,
-4169,
-3393,
3350,
150,
-2908,
-315,
-1194,
-2728,
-1052,
-463,
-567,
-50,
-68,
104,
55,
22,
755,
-17,
-481,
1704,
1431,
-772,
798,
1825,
-456,
-277,
1158,
314,
341,
988,
-143,
-3967,
3826,
-2588,
-8682,
2315,
3496,
-6609,
-2323,
2483,
-4559,
-2983,
4005,
171,
-3238,
-331,
-1004,
-2690,
-1119,
-425,
-464,
-61,
-117,
117,
-32,
-76,
833,
-72,
-649,
1945,
1700,
-1051,
656,
2123,
-578,
-677,
1318,
567,
121,
865,
-153,
-4147,
3043,
-2111,
-7573,
1614,
2769,
-5742,
-2824,
454,
-4460,
-1600,
3533,
-774,
-2838,
-244,
-1809,
-2721,
-503,
-558,
-1009,
-143,
-47,
123,
123,
-150,
549,
199,
-188,
1775,
1579,
-661,
687,
1884,
-250,
-291,
1187,
528,
352,
871,
-173,
-4173,
3184,
-1448,
-6561,
2230,
2891,
-5630,
-3012,
-205,
-4368,
-302,
4509,
-765,
-2602,
660,
-966,
-2216,
-216,
-476,
-991,
-82,
-12,
105,
38,
-291,
444,
132,
-304,
1488,
1039,
-1201,
406,
1600,
-656,
-419,
1291,
354,
-33,
684,
-186,
-4236,
3761,
-1280,
-6392,
3420,
3273,
-6820,
-3585,
-199,
-5045,
-360,
5332,
-791,
-2898,
1372,
-271,
-2183,
-127,
-330,
-1057,
-128,
-3,
105,
46,
-285,
566,
178,
-663,
1163,
1082,
-1332,
58,
1620,
-423,
-405,
1251,
389,
-60,
626,
-203,
-4466,
3772,
-925,
-6154,
3316,
3125,
-7140,
-4333,
-889,
-5392,
-758,
4776,
-1459,
-3672,
1140,
339,
-1738,
-345,
-454,
-878,
-102,
-65,
133,
91,
-112,
816,
227,
-637,
1395,
1245,
-1263,
345,
1889,
-537,
-545,
1418,
531,
-105,
710,
-220,
-4612,
3760,
-374,
-5354,
3791,
3328,
-7097,
-4151,
-345,
-5468,
-1754,
4417,
-1063,
-3895,
890,
1021,
-1132,
-314,
-287,
-619,
-47,
-51,
116,
135,
41,
774,
113,
-568,
1337,
1024,
-1407,
19,
1307,
-949,
-705,
1270,
311,
-243,
867,
-240,
-4856,
3651,
-24,
-4681,
4391,
3592,
-7255,
-4277,
-82,
-5604,
-2679,
3777,
-1120,
-4151,
711,
1379,
-948,
-505,
-200,
-333,
15,
-83,
126,
104,
-11,
872,
485,
-235,
1225,
758,
-1464,
-82,
1112,
-965,
-667,
1228,
391,
-74,
942,
-274,
-5157,
3660,
516,
-4132,
4472,
3429,
-7508,
-4577,
18,
-5231,
-2922,
3023,
-1381,
-3836,
948,
1332,
-1158,
-737,
-263,
-268,
4,
-126,
138,
26,
-152,
926,
626,
-308,
1177,
1007,
-1339,
-275,
1161,
-598,
-556,
1146,
543,
82,
797,
-318,
-5382,
3804,
1136,
-3724,
4226,
3413,
-6593,
-3841,
-336,
-5564,
-2441,
3351,
-1601,
-3869,
1078,
1209,
-1227,
-618,
-262,
-304,
76,
-91,
136,
-13,
-330,
812,
655,
-510,
798,
1002,
-1011,
-142,
1057,
-657,
-582,
1056,
490,
90,
729,
-350,
-5530,
4159,
1247,
-3863,
4628,
3707,
-6814,
-3414,
683,
-5337,
-3073,
2742,
-1756,
-3676,
1015,
746,
-1319,
-267,
-181,
-436,
104,
-48,
130,
-11,
-376,
816,
669,
-657,
717,
1141,
-925,
-146,
1189,
-405,
-403,
1018,
320,
45,
768,
-380,
-5791,
4475,
1159,
-4423,
4695,
3710,
-7596,
-3639,
1357,
-5233,
-3908,
1858,
-2178,
-3869,
450,
-126,
-1749,
-264,
-262,
-527,
100,
-82,
170,
61,
-331,
994,
787,
-698,
939,
1450,
-997,
-36,
1944,
290,
-231,
1078,
500,
141,
699,
-412,
-6027,
4971,
1325,
-4861,
5004,
4471,
-7633,
-3912,
1863,
-4117,
-2924,
2020,
-2480,
-3517,
1142,
-190,
-2133,
-232,
-219,
-644,
141,
-14,
153,
55,
-507,
624,
524,
-738,
1165,
1915,
-755,
-299,
1704,
499,
-11,
920,
296,
106,
552,
-488,
-6381,
5318,
951,
-6105,
4696,
4890,
-7513,
-3600,
2449,
-3627,
-2357,
2389,
-2208,
-2641,
1858,
-394,
-2204,
180,
-147,
-755,
236,
34,
159,
80,
-500,
825,
746,
-916,
694,
1636,
-326,
492,
1587,
-330,
-5,
1454,
119,
-241,
727,
-587,
-7162,
5051,
557,
-7106,
3839,
4709,
-6657,
-1752,
3742,
-3667,
-2160,
3544,
-1285,
-2230,
2447,
193,
-2102,
-71,
-420,
-874,
240,
40,
163,
67,
-574,
824,
877,
-989,
125,
961,
-451,
661,
1241,
-899,
58,
1787,
-18,
-476,
871,
-624,
-7674,
5380,
986,
-7759,
2316,
3429,
-6469,
-383,
3845,
-5706,
-3650,
4460,
397,
-1727,
1875,
-469,
-2424,
-303,
-753,
-1093,
201,
21,
189,
120,
-700,
476,
538,
-993,
402,
992,
-752,
485,
1103,
-1308,
-256,
1825,
73,
-372,
1100,
-644,
-8224,
5361,
690,
-9216,
669,
2761,
-6603,
-927,
2896,
-6511,
-4274,
3758,
-39,
-1569,
1954,
-1011,
-2919,
-189,
-459,
-1020,
171,
8,
200,
194,
-529,
674,
650,
-827,
822,
1284,
-1042,
6,
929,
-1429,
-534,
1633,
-2,
-482,
1003,
-724,
-8756,
5636,
1238,
-9077,
1018,
3490,
-6378,
-1436,
2294,
-6846,
-4546,
3182,
-841,
-1943,
2261,
-585,
-2754,
-43,
-174,
-745,
355,
98,
143,
42,
-639,
598,
543,
-938,
656,
992,
-1286,
50,
1226,
-1208,
-760,
1062,
-299,
-303,
1163,
-786,
-9205,
5749,
1801,
-8558,
1473,
3745,
-6581,
-1638,
2604,
-6280,
-3933,
3847,
-636,
-2486,
1584,
-952,
-2978,
-194,
-198,
-693,
456,
163,
115,
-16,
-856,
108,
3,
-1440,
150,
753,
-1155,
240,
1417,
-925,
-612,
929,
-544,
-499,
1062,
-764,
-9186,
5697,
1740,
-8723,
1258,
4069,
-5552,
-691,
2935,
-6221,
-3734,
4217,
-261,
-2322,
1507,
-1026,
-2870,
1,
-113,
-762,
364,
134,
129,
46,
-793,
23,
-325,
-2016,
-504,
358,
-1355,
-248,
730,
-1202,
-487,
1031,
-426,
-265,
1170,
-772,
-9203,
5623,
1887,
-8132,
1984,
4533,
-5264,
-504,
2655,
-6921,
-4025,
4532,
-244,
-2808,
1523,
-228,
-2152,
311,
179,
-482,
410,
84,
166,
127,
-770,
11,
-151,
-1636,
-351,
194,
-1282,
269,
1301,
-814,
-370,
792,
-710,
-207,
1429,
-734,
-9098,
5513,
1699,
-7840,
2701,
4847,
-5451,
-478,
2741,
-7496,
-4824,
4459,
166,
-2763,
1173,
-493,
-2268,
169,
80,
-460,
427,
59,
184,
118,
-877,
-56,
-74,
-1470,
-175,
234,
-1488,
-25,
1152,
-815,
-285,
952,
-635,
-407,
1086,
-731,
-8942,
5810,
1752,
-8002,
2547,
4465,
-5902,
-622,
2540,
-7780,
-4606,
4835,
34,
-3048,
1204,
-260,
-2067,
126,
-109,
-454,
523,
48,
213,
124,
-977,
-6,
85,
-1456,
-233,
159,
-1598,
-65,
1080,
-948,
-163,
1238,
-610,
-594,
919,
-755,
-9168,
6056,
2147,
-7914,
2413,
4138,
-6361,
-978,
2163,
-8239,
-4840,
4640,
-505,
-3588,
953,
-488,
-2163,
486,
379,
-296,
443,
-9,
241,
202,
-867,
131,
241,
-1262,
-52,
180,
-1608,
155,
1230,
-1233,
-457,
1322,
-499,
-633,
975,
-801,
-9474,
6267,
2599,
-8081,
1926,
4445,
-5499,
-637,
2253,
-7650,
-4287,
4676,
-220,
-2752,
1424,
-707,
-2257,
892,
723,
-337,
339,
1,
213,
168,
-759,
345,
582,
-661,
603,
419,
-1786,
220,
1943,
-435,
-304,
1053,
-527,
-399,
1110,
-844,
-9772,
6027,
2437,
-8176,
2064,
4953,
-4890,
-444,
2281,
-6905,
-3155,
5036,
-296,
-2318,
1834,
-922,
-2533,
732,
276,
-834,
184,
28,
180,
101,
-633,
702,
726,
-851,
694,
946,
-1485,
15,
1711,
-270,
96,
1216,
-683,
-505,
1208,
-609,
-8738,
2930,
492,
-5362,
4358,
4511,
-5708,
-984,
3838,
-2892,
-1739,
2832,
-964,
-937,
1987,
-1256,
-1602,
1699,
134,
-1365,
80,
140,
113,
84,
-623,
490,
771,
-737,
-141,
-175,
-1644,
209,
1422,
-910,
-561,
1218,
-78,
-625,
300,
-320,
-6601,
1211,
-657,
-3877,
3586,
2561,
-5499,
-1499,
2550,
-1596,
-31,
2906,
-110,
425,
2098,
-1073,
-948,
1508,
-518,
-1765,
-213,
43,
114,
62,
-519,
410,
557,
-501,
362,
313,
-1108,
342,
1159,
-883,
-431,
1152,
97,
-369,
188,
-335,
-6457,
1646,
-147,
-3687,
3523,
2521,
-5579,
-1560,
2901,
-895,
546,
3287,
142,
387,
1932,
-983,
-701,
1609,
-549,
-1833,
-301,
0,
126,
57,
-567,
294,
332,
-729,
358,
576,
-825,
463,
1246,
-719,
-313,
1166,
137,
-247,
322,
-473,
-6829,
3204,
-167,
-6177,
2993,
3958,
-5115,
-945,
4233,
-425,
1433,
5124,
-31,
-1660,
1170,
-833,
-1590,
688,
-215,
-1191,
-235,
-93,
154,
27,
-471,
590,
390,
-816,
634,
938,
-848,
176,
867,
-902,
-50,
1263,
-365,
-615,
463,
-473,
-6924,
3456,
-247,
-6447,
3561,
4852,
-4884,
-971,
4113,
-1110,
651,
4713,
-559,
-2355,
729,
-1177,
-1924,
691,
9,
-1092,
-189,
-24,
96,
-110,
-516,
585,
314,
-939,
455,
723,
-889,
347,
953,
-953,
22,
1479,
-120,
-321,
722,
-504,
-6869,
4326,
350,
-6442,
3874,
4858,
-5667,
-1445,
3684,
-2430,
-304,
5084,
-91,
-2474,
565,
-1271,
-2046,
625,
-70,
-1134,
-101,
33,
87,
-43,
-345,
830,
500,
-972,
316,
724,
-675,
517,
646,
-1582,
-204,
1668,
-151,
-538,
738,
-554,
-7090,
4781,
947,
-6357,
3990,
5377,
-5217,
-1302,
3372,
-3412,
-1322,
4633,
-533,
-3127,
313,
-1222,
-2108,
685,
130,
-1067,
-87,
40,
111,
68,
-498,
443,
522,
-788,
148,
794,
-256,
451,
281,
-1576,
-150,
1487,
-255,
-482,
862,
-608,
-7811,
4383,
1315,
-6228,
3450,
5474,
-4533,
-1364,
2936,
-3471,
-1391,
4468,
-908,
-4005,
-161,
-732,
-1616,
849,
410,
-839,
-29,
63,
126,
306,
-314,
32,
180,
-443,
548,
1012,
58,
655,
500,
-1082,
169,
1455,
-394,
-773,
629,
-601,
-8177,
3927,
1653,
-5309,
4044,
6053,
-3834,
-1128,
3220,
-2792,
-1364,
3771,
-1281,
-4013,
-149,
-689,
-2014,
-183,
-419,
-959,
138,
125,
115,
304,
-332,
82,
453,
-131,
597,
902,
102,
1048,
1083,
-888,
-157,
1160,
-618,
-1205,
422,
-563,
-8416,
3544,
1686,
-4867,
4109,
5629,
-4329,
-1732,
2771,
-2445,
-747,
3543,
-1955,
-3839,
965,
383,
-1605,
-341,
-788,
-1230,
75,
151,
98,
364,
-30,
363,
238,
-708,
351,
1148,
231,
812,
993,
-665,
-124,
982,
-447,
-781,
460,
-569,
-8596,
3345,
1633,
-4802,
3965,
5277,
-4406,
-1598,
2506,
-3000,
-1054,
3368,
-2217,
-3933,
1147,
697,
-1314,
-315,
-957,
-1211,
215,
160,
134,
464,
-12,
477,
424,
-800,
137,
1116,
93,
421,
711,
-837,
-497,
561,
-583,
-754,
345,
-598,
-8905,
3216,
1794,
-4482,
4014,
4648,
-5308,
-2139,
2090,
-3578,
-1391,
3277,
-2504,
-4233,
1065,
378,
-1992,
-801,
-1041,
-1157,
262,
180,
128,
450,
-90,
400,
658,
-272,
476,
1131,
197,
762,
961,
-842,
-572,
612,
-388,
-603,
270,
-669,
-9143,
3494,
2111,
-4835,
3282,
4352,
-4902,
-1813,
1545,
-4426,
-1732,
3166,
-2619,
-4126,
1152,
268,
-1998,
-712,
-1044,
-1203,
194,
148,
110,
254,
-268,
491,
788,
-122,
681,
1052,
117,
1149,
1222,
-1014,
-570,
666,
-679,
-776,
361,
-717,
-9518,
3713,
2111,
-5157,
3707,
5118,
-4623,
-1490,
1997,
-4543,
-2346,
2529,
-2960,
-3978,
1393,
224,
-2012,
-556,
-896,
-1016,
357,
174,
111,
186,
-411,
469,
782,
-203,
679,
937,
-232,
1019,
1536,
-467,
24,
1098,
-459,
-596,
454,
-752,
-9711,
3918,
2222,
-5360,
3804,
5403,
-4827,
-2006,
1667,
-4750,
-2581,
2432,
-2592,
-3085,
2236,
518,
-1877,
-83,
-358,
-812,
337,
160,
107,
159,
-454,
294,
414,
-489,
680,
941,
-542,
420,
798,
-1109,
-299,
996,
-481,
-441,
711,
-763,
-9827,
3882,
1949,
-6171,
3144,
5623,
-4413,
-2137,
1445,
-4806,
-2587,
2960,
-1624,
-2702,
1918,
178,
-2054,
-92,
-272,
-942,
131,
142,
86,
255,
-48,
481,
196,
-644,
428,
279,
-1069,
417,
953,
-1064,
-287,
1031,
-497,
-639,
439,
-756,
-9914,
3915,
2032,
-6080,
3339,
5881,
-4220,
-2057,
1497,
-4557,
-2138,
3238,
-1653,
-2759,
1990,
289,
-2037,
-249,
-458,
-962,
201,
168,
82,
313,
213,
776,
23,
-1154,
276,
423,
-1108,
546,
1619,
-533,
-464,
642,
-544,
-525,
446,
-695,
-9843,
3630,
2249,
-6084,
2403,
5978,
-2966,
-1581,
2235,
-2948,
-2031,
2458,
-977,
-2268,
940,
-314,
-1905,
-774,
-1071,
-891,
380,
184,
73,
216,
74,
709,
100,
-1041,
187,
420,
-654,
1027,
1749,
-519,
-503,
490,
-661,
-574,
445,
-742,
-10092,
3694,
2116,
-6253,
2735,
6121,
-3204,
-1435,
2384,
-3262,
-2225,
2247,
-1510,
-2440,
947,
-885,
-2391,
-579,
-842,
-877,
445,
222,
75,
243,
94,
947,
581,
-737,
86,
-27,
-1115,
1093,
2181,
-470,
-875,
227,
-606,
-262,
813,
-793,
-10260,
3910,
1840,
-6653,
3139,
6242,
-3701,
-1437,
2372,
-3459,
-1354,
3236,
-1795,
-2490,
1994,
-62,
-1980,
-46,
-577,
-943,
422,
227,
75,
161,
-116,
916,
823,
-407,
320,
-266,
-1690,
859,
2132,
-637,
-579,
916,
-367,
-387,
788,
-828,
-10330,
4263,
1987,
-7140,
2279,
5132,
-4578,
-1748,
1746,
-4568,
-1753,
3415,
-2153,
-3088,
1808,
-26,
-1707,
484,
-329,
-1083,
312,
225,
72,
180,
-77,
948,
805,
-473,
338,
-151,
-1669,
695,
1969,
-456,
-49,
1213,
-671,
-878,
554,
-834,
-10531,
4360,
1995,
-7058,
3006,
5640,
-5132,
-2367,
1654,
-4953,
-2352,
3408,
-1921,
-3149,
1899,
498,
-1113,
924,
-24,
-896,
418,
266,
52,
106,
-219,
816,
764,
-399,
729,
513,
-1437,
207,
1454,
-702,
-434,
857,
-542,
-597,
556,
-874,
-10679,
4430,
1968,
-7444,
2591,
5497,
-4971,
-1946,
2030,
-4976,
-2646,
3256,
-1718,
-2699,
2347,
828,
-891,
1039,
55,
-811,
398,
200,
82,
5,
-575,
570,
783,
-266,
1077,
939,
-1544,
-414,
1026,
-800,
-573,
766,
-358,
-402,
527,
-882,
-10688,
4408,
1592,
-7746,
2871,
5722,
-4994,
-1455,
2915,
-4288,
-2028,
3873,
-1164,
-1997,
2896,
733,
-1293,
837,
31,
-798,
410,
209,
70,
-27,
-550,
476,
360,
-614,
945,
464,
-2075,
-293,
1228,
-939,
-339,
1259,
-343,
-508,
729,
-881,
-10550,
4641,
1781,
-7712,
2551,
4990,
-5509,
-1340,
3055,
-4309,
-1452,
4957,
-662,
-2427,
2108,
57,
-1754,
529,
-176,
-873,
446,
251,
41,
-82,
-487,
588,
253,
-815,
1013,
702,
-1887,
-77,
1393,
-958,
-289,
1487,
-220,
-529,
772,
-894,
-10520,
4794,
1841,
-7831,
2019,
3909,
-6053,
-699,
3457,
-4806,
-1544,
5492,
-435,
-2389,
2227,
-79,
-1919,
652,
-64,
-846,
520,
271,
60,
5,
-379,
877,
607,
-774,
1009,
952,
-1842,
-364,
1270,
-959,
-505,
1269,
-174,
-339,
962,
-910,
-10556,
5090,
2029,
-7813,
2057,
3384,
-7022,
-1036,
3564,
-5078,
-2021,
4799,
-1591,
-3175,
2324,
94,
-2052,
597,
-37,
-874,
519,
273,
77,
102,
-288,
959,
743,
-687,
987,
874,
-1953,
-477,
1090,
-1280,
-757,
1241,
-202,
-473,
893,
-919,
-10710,
5094,
1951,
-8062,
1880,
3301,
-7135,
-1412,
2683,
-6012,
-2387,
4701,
-1853,
-3447,
2071,
-242,
-2300,
493,
-63,
-807,
572,
264,
79,
13,
-405,
1127,
1124,
-379,
1188,
947,
-2047,
-647,
948,
-1201,
-410,
1474,
-241,
-523,
812,
