-537,
-7208,
4317,
2496,
-5278,
147,
1039,
-4588,
1122,
5366,
-45,
629,
2818,
-1369,
-328,
3344,
489,
-559,
1884,
641,
-814,
-27,
8,
112,
8,
-485,
241,
-150,
-857,
898,
526,
-1659,
157,
1380,
-968,
-508,
1193,
-74,
-212,
888,
-630,
-8482,
3928,
2569,
-4849,
1962,
3358,
-3337,
1610,
5089,
-1450,
-98,
3899,
-448,
-594,
3179,
650,
-730,
1727,
794,
-628,
124,
73,
116,
145,
-401,
233,
93,
-673,
676,
442,
-1460,
175,
1395,
-801,
-575,
1072,
127,
3,
964,
-643,
-8578,
4330,
2663,
-4518,
3424,
4530,
-2992,
1997,
4808,
-1895,
1344,
5689,
-691,
-1331,
3075,
-133,
-1940,
1234,
682,
-680,
281,
192,
63,
24,
-521,
102,
-254,
-1027,
786,
718,
-1296,
473,
1518,
-941,
-313,
1331,
-496,
-895,
541,
-619,
-7784,
5150,
3270,
-4321,
2923,
3525,
-3891,
1259,
3863,
-3061,
-78,
3875,
-2300,
-2020,
2971,
-236,
-1986,
1304,
669,
-796,
173,
147,
83,
101,
-260,
602,
203,
-855,
678,
277,
-2043,
-325,
749,
-1808,
-1247,
581,
-751,
-663,
801,
-441,
-6261,
6397,
4069,
-3875,
1851,
234,
-7353,
-177,
3509,
-3990,
-897,
4006,
-2221,
-2705,
2203,
-637,
-2190,
1288,
838,
-626,
265,
175,
75,
82,
-311,
579,
156,
-1221,
152,
208,
-1726,
-90,
1171,
-1016,
-786,
415,
-962,
-700,
689,
-412,
-6096,
6416,
4257,
-3557,
1839,
-56,
-7797,
-752,
3418,
-3386,
-457,
3972,
-2273,
-2840,
1909,
-723,
-2160,
1197,
850,
-516,
250,
144,
74,
62,
-229,
627,
61,
-1134,
362,
162,
-1761,
92,
1116,
-1265,
-674,
810,
-683,
-582,
689,
-389,
-5950,
6071,
3963,
-3450,
1689,
-560,
-8057,
-793,
3341,
-3448,
-745,
3381,
-2497,
-2482,
2103,
-1038,
-2557,
943,
635,
-672,
185,
116,
95,
104,
-237,
706,
401,
-650,
729,
292,
-1804,
18,
1006,
-1525,
-922,
860,
-494,
-642,
371,
-322,
-5433,
5504,
3265,
-3150,
1435,
-2338,
-9111,
-71,
3561,
-4650,
-1639,
3399,
-2453,
-2721,
1675,
-1536,
-2861,
706,
274,
-876,
204,
124,
114,
173,
-170,
844,
568,
-563,
782,
353,
-1606,
475,
1435,
-1324,
-667,
1262,
-110,
-262,
675,
-263,
-4985,
4861,
2356,
-3185,
1820,
-2160,
-9383,
-789,
3343,
-3942,
-1242,
3129,
-2242,
-2041,
1959,
-1483,
-2716,
753,
334,
-715,
231,
79,
127,
123,
-227,
870,
613,
-398,
1050,
421,
-1712,
464,
1510,
-1191,
-400,
1500,
-130,
-498,
412,
-248,
-4875,
4461,
1955,
-2998,
2152,
-2137,
-9383,
-566,
3575,
-3939,
-1385,
3140,
-1959,
-1691,
2163,
-1444,
-2766,
697,
308,
-715,
241,
79,
133,
139,
-273,
759,
523,
-422,
1159,
661,
-1540,
503,
1544,
-1251,
-646,
1262,
-288,
-653,
345,
-237,
-4731,
4556,
1962,
-3317,
1846,
-1861,
-9240,
-907,
3897,
-3277,
-1821,
2363,
-2015,
-1807,
1826,
-1393,
-2809,
345,
257,
-607,
162,
36,
122,
85,
-225,
805,
497,
-406,
1140,
682,
-1254,
884,
1733,
-1277,
-764,
1268,
-138,
-583,
346,
-231,
-4668,
4952,
2051,
-3900,
1499,
-1427,
-8828,
-993,
3919,
-2893,
-1572,
2334,
-2043,
-1906,
1507,
-1634,
-2743,
465,
233,
-650,
172,
43,
116,
20,
-363,
712,
438,
-584,
925,
640,
-1175,
920,
1730,
-1286,
-839,
1093,
-350,
-746,
227,
-221,
-4597,
4398,
1938,
-4042,
458,
-1354,
-7385,
-974,
2922,
-2839,
-1503,
1793,
-2014,
-1795,
1067,
-1721,
-2569,
217,
31,
-564,
187,
24,
108,
-12,
-291,
772,
353,
-693,
961,
994,
-793,
804,
1554,
-928,
-513,
924,
-629,
-964,
82,
-204,
-4410,
4195,
2317,
-3688,
14,
-738,
-5858,
-948,
2585,
-1882,
-991,
1548,
-1671,
-1814,
383,
-1502,
-1920,
76,
-217,
-484,
172,
-4,
81,
-179,
-416,
729,
429,
-490,
904,
801,
-581,
1145,
1674,
-718,
-213,
1052,
-580,
-907,
174,
-179,
-4263,
3876,
2284,
-3179,
124,
-1191,
-6332,
-1342,
2399,
-1808,
-1079,
1247,
-1931,
-2118,
156,
-1354,
-1678,
79,
-230,
-325,
312,
2,
108,
-128,
-529,
636,
559,
-530,
667,
943,
-352,
790,
1162,
-936,
-444,
835,
-627,
-1071,
-38,
-141,
-3928,
3543,
1762,
-3042,
571,
-1366,
-7186,
-1841,
2796,
-1566,
-1701,
707,
-1980,
-2403,
-140,
-1059,
-1342,
91,
-94,
-79,
373,
-9,
110,
-79,
-366,
739,
557,
-487,
603,
788,
-249,
916,
858,
-1340,
-581,
683,
-893,
-1155,
52,
-93,
-3485,
2535,
803,
-2797,
285,
-2379,
-6870,
-571,
2849,
-2590,
-2302,
483,
-2555,
-2913,
116,
-419,
-962,
321,
125,
-109,
187,
-70,
116,
-72,
-326,
700,
449,
-477,
718,
840,
-314,
791,
690,
-1573,
-764,
691,
-810,
-1123,
90,
-31,
-3215,
1258,
-403,
-3041,
-585,
-3416,
-6626,
-244,
2177,
-3463,
-3085,
-228,
-2599,
-2279,
948,
278,
-866,
-175,
-344,
-380,
-12,
-126,
115,
-88,
-263,
735,
459,
-299,
901,
757,
-593,
516,
631,
-1347,
-501,
826,
-710,
-1041,
86,
19,
-2842,
700,
-1125,
-3199,
-721,
-3329,
-5871,
253,
1933,
-3594,
-2850,
64,
-1887,
-999,
1993,
477,
-1234,
-565,
-546,
-434,
30,
-80,
90,
-123,
-269,
741,
483,
-400,
569,
434,
-749,
450,
817,
-861,
-189,
784,
-703,
-882,
137,
52,
-2676,
207,
-1693,
-3701,
-1370,
-3327,
-5424,
9,
1590,
-3374,
-2814,
71,
-1300,
-513,
1926,
160,
-1728,
-935,
-525,
-372,
17,
-57,
80,
-31,
-164,
640,
504,
-422,
27,
100,
-474,
494,
747,
-561,
-291,
206,
-837,
-799,
-53,
73,
-2419,
155,
-2532,
-4357,
-736,
-2530,
-5545,
88,
2268,
-3270,
-2918,
903,
-370,
-577,
1426,
-168,
-1923,
-864,
-231,
-192,
69,
-34,
78,
26,
-150,
493,
398,
-477,
-153,
-17,
-480,
271,
372,
-816,
-494,
98,
-724,
-731,
-172,
84,
-2352,
128,
-2828,
-4521,
-364,
-2061,
-5361,
231,
2477,
-3104,
-2768,
1155,
55,
-354,
974,
-765,
-1870,
-476,
-18,
-32,
179,
-50,
110,
82,
-123,
556,
373,
-470,
138,
167,
-674,
106,
246,
-1141,
-604,
449,
-337,
-523,
-45,
98,
-2451,
-196,
-2868,
-4589,
-798,
-2034,
-5180,
-401,
2091,
-2668,
-2877,
734,
462,
-158,
178,
-1357,
-1783,
-329,
97,
123,
237,
-51,
112,
94,
-120,
527,
413,
-411,
65,
132,
-689,
-174,
-30,
-1158,
-705,
317,
-172,
-363,
-118,
105,
-2513,
-664,
-2633,
-4082,
-1177,
-2019,
-4519,
-1061,
1049,
-1933,
-1886,
346,
-4,
-99,
-119,
-1862,
-1849,
-121,
177,
43,
204,
-16,
92,
142,
24,
607,
592,
-89,
232,
253,
-450,
-40,
126,
-730,
-247,
715,
279,
-44,
34,
108,
-2532,
-770,
-2347,
-3817,
-1437,
-1804,
-3731,
-1214,
360,
-1501,
-1097,
41,
-635,
-36,
76,
-2141,
-2215,
-130,
314,
12,
146,
15,
58,
125,
109,
586,
602,
202,
413,
40,
-691,
-176,
-71,
-805,
-86,
803,
138,
-247,
-102,
111,
-2473,
-728,
-2397,
-3932,
-1592,
-1803,
-3251,
-632,
444,
-1499,
-915,
-359,
-1465,
-252,
193,
-2429,
-2458,
33,
463,
12,
141,
2,
73,
122,
3,
468,
545,
300,
717,
181,
-952,
-457,
-164,
-930,
-304,
501,
-251,
-476,
-70,
116,
-2492,
-872,
-2465,
-3916,
-1613,
-1550,
-2641,
-221,
562,
-1294,
-916,
-911,
-2022,
-437,
33,
-2638,
-2481,
82,
466,
63,
181,
-23,
104,
191,
-6,
421,
585,
541,
1084,
333,
-1118,
-607,
-117,
-833,
-245,
486,
-367,
-535,
66,
115,
-2530,
-930,
-2634,
-4241,
-1909,
-1594,
-2554,
-340,
263,
-1403,
-820,
-1014,
-2395,
-719,
-50,
-2753,
-2693,
-93,
372,
15,
163,
-23,
102,
172,
-58,
307,
415,
471,
1307,
757,
-723,
-233,
217,
-797,
-513,
252,
-473,
-656,
-41,
112,
-2508,
-814,
-2530,
-4105,
-1752,
-1601,
-2424,
218,
683,
-1425,
-702,
-610,
-2096,
-437,
389,
-2396,
-2568,
-101,
350,
69,
245,
-1,
97,
126,
-173,
179,
227,
210,
1155,
748,
-682,
-79,
422,
-803,
-742,
-6,
-686,
-821,
-156,
111,
-2532,
-807,
-2497,
-4175,
-1974,
-1866,
-2645,
153,
789,
-1466,
-1027,
-883,
-2197,
-552,
291,
-2483,
-2830,
-421,
212,
50,
234,
-6,
106,
201,
-65,
233,
319,
373,
1265,
875,
-425,
241,
821,
-325,
-385,
217,
-453,
-636,
-45,
112,
-2465,
-786,
-2432,
-4060,
-1859,
-1720,
-2552,
257,
1197,
-946,
-788,
-683,
-1822,
-285,
494,
-2103,
-2525,
-388,
208,
145,
345,
46,
82,
157,
-171,
-30,
22,
121,
896,
451,
-716,
-63,
398,
-706,
-694,
-90,
-744,
-960,
-391,
108,
-2330,
-640,
-2497,
-4002,
-1415,
-1450,
-2593,
380,
1342,
-893,
-393,
-160,
-1738,
-420,
539,
-1898,
-2313,
-413,
-68,
-24,
363,
59,
87,
164,
-147,
120,
232,
310,
1135,
702,
-424,
399,
828,
-457,
-382,
312,
-437,
-688,
-123,
86,
-2449,
-223,
-2734,
-4769,
-1433,
-1589,
-3492,
-42,
1201,
-1564,
-711,
-20,
-2127,
-962,
447,
-1920,
-2420,
-593,
-412,
-244,
373,
72,
88,
120,
-214,
181,
225,
175,
1136,
653,
-585,
522,
995,
-657,
-647,
112,
-662,
-693,
-21,
36,
-2618,
1010,
-2238,
-5436,
-960,
-780,
-3764,
96,
1779,
-1740,
-555,
774,
-2011,
-942,
1233,
-1322,
-2419,
-691,
-579,
-394,
397,
101,
80,
70,
-266,
282,
198,
-125,
1048,
724,
-779,
345,
1011,
-755,
-816,
0,
-727,
-560,
191,
-103,
-3384,
2041,
-427,
-4673,
-397,
250,
-3512,
-128,
2498,
-988,
-708,
1161,
-699,
-200,
1391,
-908,
-2159,
-785,
-514,
-292,
317,
66,
77,
128,
-41,
330,
35,
-70,
1101,
468,
-891,
538,
1137,
-622,
-492,
295,
-514,
-302,
376,
-113,
-4620,
-232,
83,
-1849,
805,
1560,
-847,
182,
1296,
19,
924,
1753,
93,
80,
774,
-526,
-978,
-326,
-542,
-404,
115,
26,
36,
0,
60,
626,
321,
-231,
324,
57,
-824,
-180,
204,
-320,
250,
503,
-359,
-139,
304,
-77,
-5363,
-1450,
-344,
-1576,
468,
1106,
-593,
458,
1362,
85,
479,
975,
-215,
205,
1275,
589,
272,
491,
-119,
-248,
147,
63,
0,
-118,
-175,
228,
55,
-268,
186,
-160,
-874,
-71,
387,
-352,
-114,
403,
-40,
-83,
122,
-84,
-5909,
-1784,
-465,
-1627,
379,
970,
-108,
2012,
3053,
968,
814,
1322,
350,
763,
1258,
33,
-127,
476,
61,
51,
365,
89,
14,
-90,
-175,
212,
-63,
-331,
329,
-172,
-1068,
-31,
342,
-861,
-476,
529,
39,
-208,
148,
-99,
-6145,
-1715,
-190,
-1466,
564,
1164,
-501,
1029,
2235,
512,
510,
1272,
342,
391,
731,
-391,
-485,
354,
149,
-12,
216,
74,
-14,
-204,
-332,
71,
99,
31,
302,
-491,
-1171,
-136,
-12,
-1156,
-751,
-44,
-554,
-403,
184,
-121,
-6277,
-1400,
342,
-928,
1280,
1769,
-350,
984,
2007,
-175,
-203,
1133,
646,
825,
1235,
74,
-192,
462,
148,
7,
256,
60,
20,
-104,
-329,
64,
216,
132,
519,
179,
-331,
362,
290,
-662,
-124,
431,
-322,
-246,
406,
-119,
-6354,
-1497,
253,
-801,
1620,
1979,
-439,
593,
1611,
146,
549,
1001,
-249,
405,
1195,
-219,
-446,
426,
84,
-22,
309,
80,
12,
-153,
-312,
267,
337,
132,
734,
488,
-67,
944,
1078,
-273,
-191,
216,
-486,
-262,
390,
-133,
-6107,
-1072,
335,
-1282,
997,
1417,
-1086,
-243,
662,
-404,
805,
1533,
1,
635,
1441,
-353,
-694,
543,
315,
-12,
236,
61,
18,
-126,
-289,
227,
215,
-41,
565,
254,
-524,
318,
497,
-749,
-621,
-129,
-668,
-284,
477,
-140,
-6102,
-1204,
26,
-1477,
1026,
1402,
-996,
149,
688,
-1051,
440,
1876,
330,
792,
1897,
288,
-216,
874,
479,
-56,
157,
47,
14,
-169,
-414,
17,
-112,
-521,
211,
221,
-738,
-407,
-74,
-619,
-144,
295,
-363,
-220,
330,
-124,
-6153,
-1413,
-143,
-1479,
993,
1434,
-564,
739,
1020,
-809,
745,
2129,
674,
1231,
2145,
457,
-21,
784,
240,
-43,
256,
47,
24,
-183,
-389,
141,
-164,
-701,
121,
6,
-759,
479,
1019,
-504,
-594,
212,
-133,
-28,
374,
-125,
-6161,
-1641,
-608,
-1963,
689,
1308,
-552,
972,
1450,
-471,
801,
1998,
444,
827,
1447,
-459,
-781,
394,
-6,
-276,
147,
24,
49,
-81,
-389,
48,
-57,
-520,
136,
63,
-738,
72,
499,
-535,
-208,
683,
254,
119,
315,
-122,
-5961,
-1448,
-316,
-1658,
719,
996,
-1132,
206,
479,
-1778,
-458,
1371,
-24,
-106,
749,
-309,
-385,
585,
132,
-203,
153,
55,
13,
-153,
-363,
77,
-68,
-532,
-10,
-231,
-976,
-41,
419,
-663,
-352,
536,
-118,
-502,
-62,
-107,
-5792,
-1573,
-587,
-1957,
401,
945,
-975,
284,
730,
-1403,
-514,
1229,
442,
611,
1282,
257,
107,
667,
-25,
-327,
85,
34,
17,
-157,
-435,
-155,
-362,
-721,
-97,
-124,
-559,
415,
672,
-470,
-245,
332,
-485,
-681,
-4,
-98,
-5597,
-1453,
-461,
-1163,
1807,
1738,
-1172,
13,
994,
-632,
293,
1479,
461,
933,
1337,
-287,
-321,
649,
84,
-194,
128,
-10,
54,
-69,
-194,
298,
-75,
-486,
563,
561,
-381,
309,
569,
-295,
302,
628,
-594,
-473,
463,
-200,
-6432,
-648,
164,
-1367,
2474,
1851,
-2903,
-896,
1824,
83,
717,
1633,
-347,
216,
1502,
-274,
-597,
645,
-21,
-447,
118,
39,
51,
-3,
-91,
490,
81,
-490,
774,
978,
-308,
59,
322,
-418,
542,
1096,
-410,
-475,
574,
-466,
-8065,
1219,
794,
-3407,
3313,
4327,
-2393,
431,
3861,
-460,
-303,
1971,
-514,
180,
2457,
-97,
-932,
1148,
501,
-371,
226,
75,
77,
17,
-336,
332,
32,
-880,
204,
271,
-1121,
-201,
427,
-681,
322,
1343,
-60,
-186,
731,
-508,
-8351,
2012,
1572,
-3396,
3631,
5072,
-1837,
1307,
5245,
712,
569,
2938,
549,
994,
2662,
-264,
-880,
1333,
464,
-480,
189,
55,
85,
-26,
-428,
296,
-32,
-941,
261,
259,
-1258,
-362,
106,
-1037,
174,
1110,
-452,
-370,
634,
-535,
-8570,
2535,
2203,
-3595,
2844,
4389,
-2079,
1181,
4529,
-107,
942,
3928,
468,
147,
2415,
-40,
-963,
1032,
302,
-502,
229,
102,
48,
-113,
-385,
442,
-72,
-1102,
358,
432,
-1405,
-458,
444,
-763,
-23,
788,
-600,
-442,
529,
-549,
-8874,
2411,
2407,
-3205,
3135,
4596,
-1457,
2341,
5574,
380,
1098,
4020,
519,
116,
2461,
394,
-332,
1320,
335,
-385,
274,
47,
81,
-135,
-465,
457,
-156,
-1146,
802,
1111,
-793,
224,
764,
-1118,
-218,
1105,
-517,
-638,
643,
-543,
-8790,
2595,
2750,
-2900,
2924,
4007,
-1671,
2227,
4639,
-868,
521,
3763,
63,
-388,
1964,
68,
-305,
1277,
123,
-298,
524,
104,
84,
-143,
-444,
700,
95,
-1026,
980,
1077,
-1178,
11,
682,
-1504,
-589,
1055,
-483,
-543,
794,
-621,
-8722,
3594,
2429,
-4529,
2902,
4712,
-2609,
1075,
4451,
-1109,
471,
4069,
-262,
-711,
2306,
-136,
-993,
1354,
445,
-442,
451,
172,
64,
-78,
-530,
395,
3,
-1203,
372,
672,
-1085,
207,
986,
-1107,
-492,
927,
-471,
-455,
764,
-167,
-6264,
-706,
-448,
-1324,
3309,
1596,
-3272,
378,
2079,
-1508,
1349,
4076,
-762,
-2182,
943,
506,
-294,
730,
150,
-383,
103,
-8,
91,
-85,
-623,
200,
572,
-209,
104,
-129,
-1291,
-283,
903,
23,
-184,
235,
-190,
-17,
235,
-1,
-4632,
-1532,
-842,
-876,
1219,
-748,
-3478,
-643,
650,
-995,
1387,
2946,
-503,
-1618,
320,
394,
252,
741,
111,
-228,
69,
-19,
43,
-206,
-492,
388,
746,
192,
565,
504,
-422,
174,
964,
155,
-336,
-259,
-532,
-251,
108,
-23,
-4871,
-1345,
-48,
-753,
139,
-1364,
-3174,
-783,
202,
-1033,
1220,
2903,
379,
-655,
474,
229,
137,
651,
164,
-169,
36,
-10,
18,
-178,
-229,
473,
410,
-118,
434,
318,
-641,
-63,
635,
-102,
-405,
-250,
-476,
-75,
360,
-58,
-5627,
-1448,
329,
-557,
228,
-1092,
-2505,
478,
1462,
-865,
215,
1702,
-109,
-179,
1301,
431,
-430,
6,
-132,
-193,
114,
25,
23,
-105,
-269,
136,
52,
-192,
578,
610,
-276,
8,
322,
-216,
52,
385,
-39,
249,
612,
-68,
-5515,
-1313,
-65,
-750,
904,
-1018,
-3525,
34,
1762,
-909,
79,
1820,
-137,
-327,
1282,
829,
681,
1178,
284,
-174,
193,
51,
29,
-160,
-581,
-296,
-303,
-390,
337,
-209,
-1248,
55,
904,
-412,
-444,
471,
89,
-10,
395,
-90,
-5383,
-724,
193,
-736,
1724,
40,
-3212,
156,
1806,
-1429,
-46,
2648,
188,
-1110,
516,
435,
186,
625,
-158,
-497,
67,
42,
37,
-109,
-576,
-237,
10,
-193,
71,
-610,
-1521,
-21,
1251,
48,
-492,
244,
291,
315,
426,
-199,
-5979,
-322,
122,
-2094,
860,
115,
-3511,
-650,
1123,
-1848,
-385,
2056,
-399,
-1109,
530,
-250,
-557,
449,
-17,
-301,
181,
34,
60,
-86,
-566,
-167,
-144,
-597,
-170,
-770,
-1737,
20,
1377,
-99,
-653,
97,
-45,
147,
586,
-292,
-6338,
535,
458,
-2379,
2084,
1765,
-3164,
-398,
1517,
-2143,
-260,
3164,
689,
-185,
1219,
-267,
-610,
944,
449,
-156,
209,
21,
76,
-42,
-377,
264,
104,
-600,
98,
-414,
-1765,
-276,
870,
-645,
-850,
-121,
-663,
-362,
408,
-385,
-6807,
1508,
1055,
-2632,
2924,
2763,
-3291,
19,
2431,
-2522,
-1050,
3253,
965,
8,
1649,
136,
-284,
1284,
599,
-160,
199,
19,
61,
-194,
-559,
240,
63,
-513,
635,
174,
-1331,
251,
1169,
-541,
-273,
564,
-484,
-252,
575,
-460,
-7386,
1873,
1102,
-3189,
3112,
2992,
-3712,
336,
3431,
-2095,
-988,
2923,
-81,
-636,
1747,
-142,
-817,
1198,
574,
-330,
162,
34,
65,
-185,
-631,
172,
-51,
-793,
407,
-20,
-1726,
-109,
962,
-832,
-522,
464,
-638,
-288,
874,
-485,
-7545,
2160,
1128,
-3302,
3654,
3444,
-3771,
771,
4193,
-1670,
-268,
3814,
62,
-589,
2418,
294,
-1075,
816,
349,
-401,
218,
57,
76,
-122,
-616,
187,
-32,
-885,
447,
341,
-1385,
62,
1270,
-348,
-160,
621,
-526,
-228,
709,
-462,
-7534,
1965,
1086,
-2916,
3816,
2946,
-4132,
1034,
4445,
-1640,
-255,
3330,
-958,
-1244,
2243,
77,
-1113,
1108,
489,
-428,
327,
145,
52,
-119,
-687,
18,
-102,
-873,
444,
353,
-1447,
-195,
887,
-693,
-281,
720,
-535,
-449,
610,
-509,
-7699,
2492,
1320,
-3104,
4509,
4100,
-3535,
1746,
5292,
-1604,
-235,
4329,
-39,
-1251,
1968,
-46,
-1206,
1126,
601,
-402,
271,
112,
59,
-178,
-798,
64,
-35,
-1093,
283,
637,
-1143,
-205,
856,
-610,
-124,
1083,
-81,
-177,
733,
-511,
-8131,
2499,
1234,
-3384,
4849,
4736,
-3203,
2482,
6232,
-1888,
-1236,
4135,
138,
-1338,
2408,
885,
-745,
1308,
1001,
-161,
235,
108,
38,
-129,
-416,
460,
16,
-1149,
275,
542,
-1196,
-68,
907,
-878,
-515,
779,
-323,
-352,
696,
-504,
-8302,
2298,
778,
-4242,
3991,
4521,
-2701,
3024,
6337,
-1826,
-842,
4504,
283,
-1049,
2866,
1110,
-712,
1560,
1536,
336,
459,
134,
45,
-79,
-286,
668,
119,
-1257,
143,
511,
-1150,
189,
1428,
-418,
-381,
698,
-484,
-599,
449,
-541,
-8220,
2776,
1432,
-3856,
4264,
4816,
-2957,
2263,
6159,
-1212,
-243,
5080,
1262,
-162,
2953,
511,
-1443,
1018,
1160,
51,
309,
104,
51,
-100,
-424,
562,
315,
-1020,
46,
343,
-1184,
-28,
1013,
-614,
-196,
1041,
-299,
-652,
373,
-451,
-8209,
2972,
1897,
-3502,
4324,
5011,
-2553,
2496,
6176,
-1269,
-112,
5708,
1956,
124,
3456,
1572,
-615,
1292,
1258,
-13,
88,
-1,
83,
-101,
-623,
203,
308,
-422,
768,
828,
-993,
-231,
746,
-518,
-36,
995,
-251,
-457,
477,
-457,
-8305,
2862,
1718,
-3821,
3849,
4560,
-2566,
2983,
6645,
-1078,
-15,
5665,
1799,
215,
3574,
1212,
-1019,
1351,
1335,
-140,
132,
107,
48,
27,
-381,
112,
-109,
-983,
156,
562,
-705,
119,
702,
-825,
-273,
980,
-133,
-354,
538,
-567,
-8391,
3053,
2062,
-3625,
3641,
3878,
-3322,
2363,
5823,
-1991,
-556,
5355,
1502,
-52,
3022,
339,
-1612,
1231,
1358,
-120,
127,
86,
56,
20,
-243,
545,
170,
-1152,
24,
764,
-500,
101,
617,
-773,
-213,
703,
-607,
-545,
568,
-515,
-8314,
3095,
1927,
-3723,
3865,
4265,
-2992,
2522,
5650,
-2217,
-365,
5671,
1458,
-218,
3059,
510,
-1375,
1415,
1334,
-219,
112,
97,
47,
-77,
-527,
207,
-20,
-1203,
27,
750,
-590,
-66,
357,
-1048,
-231,
986,
-318,
-347,
832,
-504,
-8257,
3239,
1920,
-3894,
3655,
3933,
-3212,
2776,
6192,
-1565,
304,
5770,
923,
-477,
3282,
525,
-1652,
1232,
1254,
-269,
138,
130,
36,
-32,
-370,
312,
-145,
-1355,
175,
1055,
-450,
-59,
378,
-1015,
-185,
1115,
-92,
-222,
637,
-570,
-8353,
3307,
2222,
-3678,
3371,
3325,
-3599,
2571,
5784,
-2006,
151,
5762,
868,
-639,
2991,
390,
-1477,
1273,
973,
-483,
89,
99,
57,
-74,
-515,
404,
210,
-1047,
472,
1350,
-444,
-255,
322,
-946,
-130,
1108,
-262,
-502,
438,
-597,
-8505,
3198,
2054,
-3862,
3587,
4110,
-2714,
2969,
5511,
-2727,
-594,
5304,
668,
-713,
3065,
561,
-1457,
1076,
770,
-554,
114,
140,
17,
-220,
-669,
309,
144,
-1166,
230,
1199,
-96,
504,
915,
-755,
-99,
1197,
-41,
-182,
744,
-600,
-8610,
3426,
2299,
-3962,
3203,
3454,
-3489,
2522,
5536,
-2406,
-222,
5423,
589,
-676,
3101,
441,
-1465,
1202,
802,
-520,
217,
164,
41,
-64,
-427,
635,
486,
-1045,
48,
866,
-339,
489,
971,
-729,
79,
1426,
-99,
-385,
703,
-570,
-8425,
3513,
2513,
-3729,
3221,
3603,
-3124,
2840,
5984,
-1991,
-425,
4870,
260,
-860,
2961,
271,
-1834,
1001,
1038,
-323,
189,
164,
17,
-64,
-241,
685,
224,
-1242,
80,
858,
-692,
-237,
311,
-963,
21,
1247,
-324,
-523,
716,
-609,
-8693,
3049,
1873,
-4345,
3023,
3916,
-2805,
2767,
5731,
-2161,
-416,
5272,
949,
-515,
2688,
-213,
-2199,
692,
710,
-599,
47,
140,
12,
-109,
-292,
661,
197,
-1283,
48,
792,
-754,
-45,
747,
-755,
-160,
1101,
-228,
-395,
776,
-640,
-8736,
3200,
1862,
-4585,
2914,
3726,
-3324,
2425,
5789,
-2214,
-889,
4391,
-148,
-1140,
2966,
369,
-1955,
694,
663,
-700,
-34,
119,
27,
-27,
-235,
610,
227,
-1134,
65,
832,
-251,
754,
1268,
-631,
-132,
1218,
-120,
-450,
660,
-641,
-8638,
3560,
2425,
-3968,
3296,
3805,
-3061,
2756,
5532,
-2520,
-631,
4308,
-924,
-1636,
2949,
446,
-1689,
994,
775,
-527,
163,
147,
42,
-15,
-263,
637,
146,
-1261,
131,
644,
-924,
267,
1194,
-631,
-20,
1448,
114,
-69,
1029,
-638,
-8621,
3459,
2166,
-4347,
2942,
3509,
-3489,
2348,
5576,
-2210,
-485,
4523,
-341,
-941,
3404,
504,
-1926,
826,
794,
-532,
103,
128,
45,
-10,
-267,
643,
200,
-1240,
204,
1004,
-553,
284,
1232,
-234,
348,
1453,
-139,
-376,
865,
-608,
-8508,
3599,
2018,
-4748,
2877,
3984,
-2945,
2746,
6106,
-1525,
39,
4809,
-108,
-680,
3715,
991,
-1244,
1426,
1045,
-549,
71,
144,
27,
-27,
-190,
752,
221,
-1259,
250,
1066,
-595,
91,
865,
-756,
-164,
1143,
-222,
-338,
942,
-597,
-8653,
3558,
2210,
-4576,
2618,
3401,
-3380,
2469,
5725,
-1736,
389,
5342,
-58,
-1076,
3408,
968,
-1220,
1357,
1017,
-462,
149,
149,
36,
-26,
-287,
667,
336,
-1127,
80,
728,
-870,
-246,
646,
-342,
568,
1352,
-470,
-449,
973,
-599,
-8592,
3730,
2452,
-4349,
2725,
3372,
-3298,
2782,
5862,
-2067,
-10,
5387,
430,
-564,
3567,
900,
-1119,
1542,
938,
-641,
176,
227,
1,
-32,
-199,
721,
248,
-1325,
-72,
640,
-988,
-288,
673,
-594,
130,
1295,
-184,
-308,
994,
-631,
-8800,
3345,
2313,
-4052,
3145,
3686,
-3270,
2346,
5217,
-2413,
164,
5736,
326,
-968,
3706,
1421,
-1178,
957,
484,
-945,
-86,
143,
9,
-106,
-362,
652,
581,
-702,
323,
816,
-617,
289,
1227,
-295,
-56,
899,
-219,
-35,
1119,
-638,
-8867,
3237,
2137,
-4139,
3218,
3538,
-3793,
2010,
5335,
-2402,
-249,
5265,
35,
-1199,
3396,
908,
-1812,
593,
541,
-776,
-42,
126,
26,
-53,
-348,
518,
308,
-906,
397,
1025,
-710,
-175,
905,
-134,
291,
1062,
-204,
-16,
1111,
-635,
-8614,
3475,
2145,
-4207,
3336,
3780,
-3467,
2472,
5811,
-2017,
-72,
5096,
-320,
-1646,
2718,
343,
-1800,
875,
628,
-861,
-134,
111,
1,
-194,
-427,
442,
-88,
-1349,
194,
770,
-829,
118,
901,
-690,
-60,
909,
-676,
-527,
883,
-616,
-8581,
3552,
2099,
-4617,
2653,
3190,
-3847,
2128,
5393,
-2539,
-574,
5034,
235,
-938,
3227,
873,
-1152,
1343,
831,
-704,
29,
169,
-6,
-130,
-340,
392,
-182,
-1259,
298,
564,
-1079,
247,
1123,
-764,
-131,
1029,
-806,
-992,
589,
-588,
-8603,
3550,
2324,
-4314,
2832,
3640,
-2984,
2795,
5704,
-2067,
166,
5764,
920,
-323,
3575,
978,
-1045,
1520,
957,
-660,
51,
175,
-3,
-124,
-354,
435,
-101,
-1336,
247,
852,
-860,
136,
1400,
54,
309,
1013,
-508,
-490,
750,
-608,
-8689,
3368,
2168,
-4266,
2977,
3686,
-2885,
3065,
5902,
-1861,
722,
6239,
629,
-955,
3462,
1280,
-960,
1255,
645,
-803,
19,
147,
33,
26,
-130,
782,
270,
-1275,
13,
660,
-1039,
-302,
769,
-451,
124,
1038,
-547,
-652,
573,
-538,
-8643,
3532,
2501,
-3863,
3398,
4205,
-2433,
3155,
5887,
-1538,
1048,
5983,
24,
-1365,
3180,
870,
-1308,
1261,
902,
-612,
41,
125,
43,
3,
-310,
416,
-24,
-1227,
148,
456,
-1490,
-689,
479,
-648,
93,
1143,
-339,
-347,
907,
-539,
-8548,
3521,
2334,
-4029,
3416,
4235,
-2683,
2907,
5912,
-1910,
-73,
5154,
161,
-1016,
3226,
1012,
-933,
1563,
1043,
-517,
145,
190,
6,
-65,
-322,
444,
87,
-1015,
336,
623,
-1187,
-231,
998,
-269,
25,
678,
-721,
-432,
898,
-605,
-8615,
3519,
2321,
-4011,
3389,
3882,
-3092,
2811,
5697,
-2462,
-404,
5185,
250,
-843,
3412,
931,
-1182,
1378,
934,
-563,
128,
162,
33,
13,
-219,
612,
258,
-812,
714,
955,
-1205,
-509,
466,
-1079,
-521,
812,
-338,
-259,
942,
-601,
-8736,
3549,
2430,
-4103,
3104,
3620,
-3273,
2906,
6308,
-1646,
213,
5687,
688,
-554,
3706,
1215,
-1167,
1198,
824,
-567,
158,
184,
15,
-91,
-444,
392,
59,
-1242,
313,
1270,
-360,
121,
852,
-688,
-253,
844,
-519,
-511,
890,
-572,
-8690,
3496,
2176,
-4316,
3194,
3907,
-2951,
3092,
6194,
-1832,
102,
5212,
-313,
-1575,
3042,
874,
-1423,
834,
552,
-524,
282,
203,
17,
-105,
-440,
467,
111,
-1180,
376,
1154,
-413,
407,
1063,
-760,
-256,
811,
-870,
-956,
537,
