-862,
-9800,
5955,
257,
-10321,
3117,
5183,
-8191,
-1773,
5579,
-3427,
-2504,
3499,
-1888,
-1590,
3953,
-205,
-2597,
1493,
865,
-993,
177,
182,
93,
41,
-499,
666,
193,
-1381,
830,
1155,
-1863,
-398,
1389,
-978,
-429,
1441,
-421,
-842,
521,
-846,
-9756,
5955,
9,
-10747,
2913,
5163,
-8568,
-2519,
5026,
-3604,
-2540,
3396,
-2279,
-2239,
3459,
-428,
-2780,
1446,
1122,
-668,
339,
220,
78,
-18,
-673,
340,
-75,
-1405,
879,
1066,
-2085,
-688,
1065,
-1298,
-680,
1348,
-362,
-766,
513,
-848,
-9932,
5665,
-335,
-10964,
2941,
5342,
-8383,
-2520,
4528,
-4591,
-3402,
3125,
-2289,
-2437,
3296,
-211,
-2437,
1542,
1053,
-736,
259,
180,
80,
-87,
-659,
647,
230,
-1520,
447,
668,
-2332,
-839,
1017,
-1199,
-541,
1319,
-570,
-969,
412,
-859,
-9825,
6023,
91,
-10589,
3416,
5808,
-8061,
-1916,
5647,
-3670,
-3282,
2997,
-1945,
-1970,
3163,
-776,
-2802,
1378,
791,
-951,
259,
208,
85,
-32,
-702,
505,
202,
-1568,
169,
412,
-2359,
-816,
1073,
-920,
-149,
1565,
-451,
-801,
674,
-881,
-9836,
6259,
612,
-10275,
3014,
5004,
-8613,
-2317,
5015,
-4082,
-2930,
3499,
-2125,
-2471,
3081,
-581,
-2820,
1160,
626,
-1021,
198,
162,
111,
-8,
-760,
427,
16,
-1975,
-70,
645,
-2163,
-1061,
753,
-1052,
-189,
1659,
-282,
-781,
627,
-872,
-9861,
6145,
186,
-10765,
3032,
5561,
-7860,
-1606,
5440,
-3938,
-2640,
4100,
-1476,
-1888,
3650,
-69,
-2417,
1400,
645,
-1104,
185,
191,
90,
-56,
-840,
275,
-44,
-1738,
397,
1302,
-1195,
-63,
1278,
-888,
-27,
1732,
-315,
-594,
1021,
-858,
-9798,
6001,
-52,
-10737,
3165,
5248,
-8451,
-1703,
6057,
-3093,
-2101,
4254,
-1351,
-1773,
3282,
-792,
-2759,
1511,
751,
-1058,
268,
224,
93,
37,
-619,
581,
265,
-1390,
750,
1283,
-1652,
-384,
1249,
-1109,
-447,
1549,
-307,
-734,
727,
-850,
-9785,
5909,
29,
-10692,
2886,
5185,
-8355,
-2388,
5006,
-3261,
-1693,
4313,
-1431,
-1560,
3534,
-774,
-2823,
1669,
1103,
-870,
229,
197,
90,
41,
-496,
667,
178,
-1434,
743,
1036,
-2005,
-486,
1351,
-1116,
-677,
1311,
-303,
-583,
788,
-867,
-9926,
5847,
186,
-10330,
3201,
5257,
-8350,
-2259,
4990,
-3801,
-2723,
3169,
-2344,
-2133,
3262,
-818,
-2792,
1649,
1112,
-804,
226,
164,
96,
-56,
-699,
484,
-121,
-1915,
289,
635,
-2368,
-575,
1456,
-1242,
-998,
1193,
-171,
-425,
866,
-865,
-9880,
6003,
347,
-10215,
3362,
5339,
-8418,
-2032,
5624,
-3495,
-2895,
3384,
-1603,
-1773,
2910,
-1349,
-3177,
1302,
772,
-968,
261,
197,
103,
50,
-596,
504,
-81,
-1963,
90,
579,
-2277,
-631,
1472,
-716,
-122,
1844,
-87,
-705,
650,
-861,
-9755,
6089,
370,
-10089,
3700,
5847,
-7693,
-1248,
5918,
-3748,
-3032,
3511,
-1710,
-2023,
3056,
-890,
-2819,
1522,
919,
-958,
203,
190,
83,
-66,
-717,
583,
297,
-1458,
479,
901,
-1869,
-331,
1373,
-1066,
-332,
1902,
138,
-432,
821,
-872,
-9839,
5971,
419,
-10116,
3237,
5247,
-8181,
-1759,
5565,
-3882,
-3339,
3187,
-1579,
-1664,
3365,
-456,
-2378,
1657,
843,
-1022,
202,
208,
79,
7,
-609,
386,
-101,
-1538,
591,
764,
-1985,
-14,
1883,
-796,
-417,
1636,
-83,
-602,
673,
-861,
-9726,
6054,
344,
-10229,
3265,
5237,
-8403,
-2029,
5425,
-3792,
-2937,
3634,
-1442,
-1631,
3573,
-376,
-2657,
1360,
779,
-1013,
176,
197,
80,
30,
-492,
555,
-37,
-1602,
509,
598,
-2383,
-470,
1654,
-911,
-646,
1437,
-88,
-601,
547,
-864,
-9639,
6228,
512,
-10173,
3248,
5246,
-8390,
-2082,
5345,
-3932,
-3399,
2835,
-2152,
-2023,
3383,
-336,
-2417,
1453,
624,
-1139,
158,
187,
92,
44,
-528,
578,
150,
-1339,
761,
928,
-1980,
-313,
1443,
-1073,
-574,
1354,
-392,
-698,
711,
-873,
-9830,
6169,
369,
-10511,
3058,
5427,
-8033,
-1970,
5048,
-3984,
-2519,
4059,
-1627,
-2228,
2947,
-819,
-2818,
1302,
673,
-1046,
218,
208,
74,
-67,
-698,
548,
338,
-1148,
691,
587,
-2372,
-681,
966,
-1518,
-642,
1559,
-263,
-654,
740,
-879,
-9907,
6085,
389,
-10368,
3236,
5439,
-8414,
-2504,
4875,
-3970,
-2835,
3648,
-1605,
-1849,
3358,
-498,
-2631,
1367,
690,
-1061,
157,
162,
98,
-40,
-664,
734,
469,
-1420,
459,
930,
-1975,
-633,
1187,
-1152,
-758,
1193,
-350,
-606,
779,
-872,
-9899,
6051,
199,
-10787,
2646,
4967,
-8488,
-2452,
4707,
-3987,
-2533,
3554,
-2215,
-2100,
3631,
-337,
-2635,
1529,
915,
-1001,
109,
140,
99,
-59,
-653,
741,
274,
-1778,
226,
874,
-2035,
-812,
880,
-1397,
-714,
1390,
-207,
-430,
973,
-871,
-9710,
6357,
511,
-10531,
2799,
5021,
-8208,
-1773,
5273,
-3882,
-2369,
4237,
-1433,
-1788,
3653,
-157,
-2451,
1397,
718,
-957,
232,
175,
89,
-83,
-692,
630,
240,
-1329,
951,
1207,
-1876,
-319,
1230,
-1538,
-766,
1654,
18,
-304,
1072,
-876,
-9767,
6246,
581,
-10146,
3401,
5572,
-8101,
-1951,
5460,
-3496,
-2494,
3719,
-1884,
-2167,
3377,
-301,
-2676,
1150,
668,
-916,
241,
181,
87,
-42,
-565,
823,
518,
-1105,
984,
1288,
-1590,
55,
1817,
-754,
-300,
1639,
-140,
-478,
910,
-886,
-9805,
6386,
917,
-9594,
4109,
6166,
-7658,
-1463,
5974,
-3074,
-2331,
3386,
-2398,
-2322,
3227,
-879,
-3077,
1313,
810,
-1059,
120,
148,
115,
34,
-661,
569,
327,
-1359,
582,
983,
-1797,
-176,
1692,
-864,
-630,
1334,
-185,
-531,
733,
-876,
-9779,
6267,
534,
-10269,
3295,
5425,
-8292,
-1917,
5889,
-3048,
-2583,
3256,
-2058,
-2197,
2852,
-884,
-2480,
1697,
717,
-1217,
69,
148,
106,
31,
-570,
556,
6,
-1630,
591,
929,
-2042,
-461,
1377,
-1030,
-498,
1513,
-9,
-229,
900,
-864,
-9679,
6292,
461,
-10419,
3062,
5272,
-8224,
-2030,
5177,
-3790,
-2531,
3839,
-1723,
-2210,
2787,
-909,
-2478,
1723,
808,
-1008,
267,
199,
97,
-34,
-760,
382,
-129,
-1818,
615,
1230,
-1984,
-709,
1380,
-706,
-209,
1668,
-10,
-368,
855,
-869,
-9678,
6309,
509,
-10308,
3176,
5329,
-8112,
-1903,
5069,
-3942,
-2397,
3769,
-2460,
-2873,
2868,
-747,
-2834,
1376,
882,
-905,
182,
152,
93,
-76,
-611,
814,
294,
-1550,
821,
1341,
-1976,
-712,
1202,
-1186,
-616,
1579,
-91,
-562,
779,
-864,
-9777,
6087,
208,
-10576,
2990,
5150,
-8365,
-2136,
4937,
-4160,
-2703,
3846,
-1988,
-2778,
2435,
-845,
-2314,
1822,
948,
-859,
318,
204,
88,
-57,
-642,
716,
202,
-1707,
500,
1044,
-2006,
-592,
1265,
-1160,
-693,
1245,
-489,
-739,
726,
-871,
-9741,
6190,
501,
-10428,
2794,
5227,
-7814,
-1774,
5010,
-4061,
-2899,
3288,
-2209,
-2498,
2637,
-934,
-2452,
1726,
827,
-981,
285,
228,
65,
-108,
-693,
610,
137,
-1601,
635,
1062,
-2009,
-486,
1540,
-761,
-384,
1390,
-312,
-495,
861,
-868,
-9688,
6281,
607,
-10329,
2832,
4939,
-8545,
-2347,
5095,
-3769,
-2639,
4039,
-1062,
-1624,
3205,
-555,
-2461,
1546,
826,
-939,
255,
214,
76,
12,
-470,
700,
107,
-1557,
680,
1061,
-1950,
-499,
1226,
-1268,
-690,
1451,
-261,
-771,
580,
-891,
-9924,
6202,
608,
-10275,
2946,
4939,
-8448,
-1866,
5636,
-3446,
-2522,
3798,
-1417,
-1579,
3430,
-494,
-2356,
1687,
827,
-930,
284,
181,
113,
66,
-472,
803,
182,
-1676,
692,
1332,
-1717,
-393,
1255,
-1322,
-748,
1373,
-383,
-759,
715,
-875,
-9712,
6291,
576,
-10237,
3104,
5257,
-7760,
-895,
6328,
-3276,
-2567,
3621,
-1888,
-2119,
3091,
-850,
-2926,
1110,
440,
-1155,
163,
139,
131,
80,
-510,
879,
568,
-1155,
1021,
1404,
-1761,
-317,
1658,
-781,
-520,
1264,
-427,
-604,
819,
-845,
-9237,
6847,
1058,
-9835,
3603,
5776,
-7823,
-1774,
5207,
-4332,
-3829,
2202,
-3122,
-3074,
2427,
-1198,
-3053,
1113,
483,
-1147,
189,
183,
103,
53,
-464,
906,
536,
-1268,
771,
1179,
-1726,
-93,
1764,
-1002,
-917,
1002,
-611,
-937,
474,
-674,
-8161,
8219,
2344,
-8905,
3872,
5100,
-9209,
-3236,
3883,
-5625,
-4681,
2272,
-2652,
-3161,
1702,
-1915,
-3366,
1110,
515,
-1238,
56,
131,
125,
127,
-391,
890,
563,
-1027,
1054,
1288,
-1777,
-340,
1388,
-1131,
-712,
1224,
-411,
-609,
811,
-531,
-7086,
8603,
2125,
-8941,
4068,
5029,
-9826,
-3786,
4246,
-5085,
-5305,
1144,
-2846,
-2670,
1925,
-2155,
-3858,
710,
433,
-1236,
-25,
90,
140,
222,
-179,
1002,
499,
-1078,
987,
1147,
-1798,
-169,
1588,
-980,
-509,
1589,
-20,
-424,
899,
-511,
-6922,
8341,
1827,
-8986,
3977,
4904,
-9999,
-4286,
3902,
-4680,
-4839,
812,
-3675,
-3362,
1516,
-2331,
-3860,
736,
376,
-1297,
5,
118,
149,
360,
-15,
1014,
530,
-928,
1141,
1455,
-1196,
471,
2084,
-581,
-208,
1808,
105,
-514,
689,
-492,
-6662,
8630,
1899,
-8754,
4648,
5292,
-10084,
-3987,
4546,
-4474,
-4795,
1413,
-2709,
-2652,
1771,
-2213,
-3542,
1057,
395,
-1380,
60,
185,
111,
249,
-167,
852,
358,
-1114,
946,
1173,
-1533,
301,
2111,
-575,
-356,
1542,
-132,
-597,
668,
-480,
-6506,
8622,
1826,
-8638,
4803,
5143,
-10475,
-4294,
4559,
-3998,
-4064,
1799,
-2847,
-2839,
1821,
-2095,
-3458,
1155,
495,
-1309,
94,
190,
108,
226,
-178,
921,
424,
-1162,
826,
988,
-1775,
239,
2274,
-602,
-741,
1186,
-205,
-510,
832,
-468,
-6485,
8560,
1805,
-8653,
4596,
4699,
-11090,
-4703,
4787,
-3620,
-4323,
1170,
-3259,
-3061,
1770,
-1959,
-3499,
858,
323,
-1278,
118,
176,
121,
248,
-203,
903,
508,
-1066,
882,
1184,
-1526,
164,
1944,
-758,
-590,
1464,
-10,
-461,
847,
-462,
-6517,
8719,
1939,
-8735,
4574,
4907,
-11003,
-5043,
4236,
-3996,
-4375,
1440,
-2851,
-2981,
1415,
-2112,
-3124,
1212,
340,
-1299,
143,
155,
140,
180,
-477,
769,
657,
-1003,
760,
1101,
-1567,
109,
1913,
-825,
-691,
1453,
27,
-505,
745,
-448,
-6590,
8635,
2008,
-8581,
4548,
4718,
-11212,
-5382,
3651,
-4632,
-4723,
1444,
-2820,
-3149,
1254,
-2062,
-2944,
1363,
284,
-1568,
-38,
159,
112,
151,
-472,
596,
486,
-842,
1067,
1469,
-1022,
374,
1692,
-768,
-99,
1841,
-82,
-743,
598,
-437,
-6420,
8220,
1676,
-8339,
4735,
4662,
-11234,
-5601,
3233,
-4897,
-5000,
1102,
-2661,
-2347,
2048,
-1887,
-3382,
864,
154,
-1504,
-37,
146,
108,
142,
-341,
899,
741,
-825,
868,
1215,
-1204,
288,
1711,
-679,
-63,
1800,
-55,
-567,
808,
-428,
-6249,
8672,
1692,
-8641,
5105,
5414,
-10849,
-5203,
3856,
-4523,
-4869,
1263,
-2412,
-1873,
2695,
-1377,
-3055,
1087,
298,
-1308,
179,
207,
115,
212,
-423,
504,
292,
-878,
1232,
1485,
-1286,
116,
1542,
-1025,
-559,
1360,
-286,
-631,
642,
-404,
-6249,
8261,
1756,
-8271,
4402,
4145,
-11277,
-5166,
3621,
-4752,
-4899,
1277,
-2476,
-2085,
2552,
-1346,
-3180,
870,
368,
-1132,
186,
178,
124,
260,
-185,
932,
692,
-693,
1165,
1226,
-1638,
-24,
1899,
-536,
-459,
1291,
-189,
-542,
665,
-373,
-6113,
8387,
1596,
-8497,
4330,
3735,
-12067,
-5624,
3544,
-4780,
-4622,
1924,
-1942,
-1927,
2402,
-1505,
-2975,
1237,
443,
-1214,
204,
199,
128,
286,
-216,
950,
868,
-533,
1158,
1051,
-1924,
-265,
1761,
-654,
-488,
1396,
-133,
-550,
755,
-361,
-6048,
8118,
1466,
-8591,
3698,
3021,
-12614,
-6579,
2736,
-4456,
-3746,
2488,
-1657,
-1877,
2284,
-1515,
-3011,
1011,
245,
-1338,
84,
165,
123,
257,
-201,
856,
620,
-613,
1340,
1289,
-1695,
-84,
1799,
-676,
-397,
1675,
253,
-294,
795,
-334,
-6054,
7929,
958,
-9243,
3218,
2631,
-13111,
-6848,
2887,
-4447,
-4034,
2550,
-1209,
-1703,
1998,
-2063,
-3686,
460,
-64,
-1575,
-110,
103,
138,
248,
-310,
743,
687,
-554,
1216,
1398,
-1166,
424,
2187,
-180,
35,
1903,
488,
33,
1142,
-340,
-5770,
8279,
986,
-9406,
3452,
3281,
-12307,
-5751,
4261,
-3180,
-3023,
3328,
-758,
-1552,
2069,
-1868,
-3306,
859,
162,
-1461,
5,
164,
109,
161,
-501,
399,
313,
-732,
1254,
1350,
-1517,
-76,
1749,
-529,
-254,
1630,
207,
-190,
997,
-330,
-5576,
8150,
1037,
-9237,
2962,
2597,
-12307,
-5447,
4554,
-2546,
-2429,
3219,
-1337,
-2122,
1689,
-1963,
-3251,
925,
395,
-1103,
193,
182,
116,
212,
-340,
618,
438,
-662,
1328,
1348,
-1529,
24,
1807,
-722,
-612,
1349,
92,
-240,
934,
-284,
-5159,
8377,
133,
-10316,
3293,
3036,
-13145,
-5774,
5750,
-1799,
-3021,
2665,
-1265,
-2094,
1438,
-2161,
-3262,
942,
380,
-1042,
294,
206,
123,
271,
-223,
812,
551,
-784,
1188,
1420,
-1369,
55,
1628,
-1012,
-757,
1441,
213,
-261,
827,
-262,
-4916,
7405,
-161,
-9625,
2581,
1770,
-12719,
-4969,
5681,
-1698,
-2948,
1884,
-2026,
-2210,
1423,
-2233,
-3176,
1130,
485,
-1163,
92,
152,
122,
280,
-103,
944,
668,
-678,
1068,
1188,
-1384,
124,
1677,
-797,
-589,
1285,
14,
-262,
858,
-234,
-4650,
7518,
-1032,
-10723,
2664,
2193,
-12989,
-4992,
6029,
-2113,
-3631,
1973,
-1902,
-2891,
538,
-2543,
-2964,
1287,
246,
-1467,
50,
177,
140,
463,
87,
925,
589,
-710,
1018,
1253,
-1044,
491,
1706,
-974,
-519,
1625,
167,
-493,
599,
-192,
-4295,
7339,
-1633,
-11098,
2717,
2347,
-12953,
-4791,
6539,
-1923,
-4123,
1444,
-2120,
-3186,
199,
-2587,
-2819,
1480,
478,
-1376,
-20,
141,
140,
409,
-8,
886,
747,
-473,
1041,
1183,
-992,
436,
1476,
-1014,
-327,
1736,
123,
-536,
659,
-176,
-4120,
6282,
-896,
-9351,
1634,
1417,
-10660,
-3273,
6206,
-802,
-2847,
662,
-2803,
-2540,
1038,
-1784,
-2147,
1765,
806,
-1080,
-54,
113,
92,
180,
-142,
711,
326,
-767,
1004,
1086,
-1375,
-129,
1164,
-1138,
-870,
1047,
9,
-386,
557,
-180,
-4174,
6214,
-870,
-9237,
1601,
1046,
-11108,
-3136,
7104,
-135,
-3470,
-797,
-3711,
-2387,
1658,
-1310,
-1970,
1695,
584,
-1297,
-145,
114,
77,
119,
-201,
736,
519,
-471,
1162,
994,
-1507,
-41,
1407,
-1032,
-968,
998,
162,
-188,
633,
-210,
-4249,
6442,
-964,
-9346,
2168,
1321,
-11513,
-3097,
7276,
-752,
-4130,
-1026,
-3962,
-2235,
2463,
-797,
-2153,
1328,
340,
-1375,
-119,
123,
75,
54,
-318,
820,
762,
-340,
1232,
1026,
-1638,
-201,
1386,
-881,
-627,
1266,
81,
-389,
554,
-216,
-4356,
6305,
-516,
-8962,
1795,
1648,
-10010,
-2391,
6766,
-1117,
-4325,
-1399,
-3893,
-1564,
3311,
-43,
-1852,
1161,
211,
-1335,
-96,
134,
53,
-42,
-431,
691,
666,
-402,
1070,
876,
-1621,
-201,
1298,
-972,
-864,
941,
-15,
-341,
481,
-225,
-4478,
6126,
-832,
-9474,
1402,
1790,
-9608,
-2442,
6092,
-2024,
-5048,
-1647,
-3746,
-1548,
2898,
-598,
-2206,
1024,
152,
-1403,
-163,
109,
63,
-9,
-370,
802,
864,
-167,
1168,
824,
-1560,
121,
1641,
-889,
-954,
928,
69,
-256,
591,
-249,
-4454,
6481,
-926,
-9629,
2081,
2191,
-10015,
-2303,
6615,
-2149,
-5074,
-1083,
-3293,
-1138,
3395,
-647,
-2684,
832,
321,
-1114,
53,
145,
79,
35,
-414,
735,
752,
-384,
1046,
794,
-1687,
-22,
1469,
-1229,
-1280,
774,
14,
-202,
666,
-291,
-4616,
6906,
-1017,
-10116,
2789,
3289,
-10283,
-3305,
5947,
-2469,
-4885,
-566,
-3106,
-1188,
3343,
-923,
-2997,
771,
336,
-1087,
142,
178,
85,
99,
-344,
786,
731,
-451,
1130,
1002,
-1512,
149,
1532,
-1388,
-1397,
808,
-15,
-253,
722,
-326,
-4823,
6944,
-942,
-10164,
3029,
4043,
-9541,
-3388,
4923,
-3376,
-4711,
96,
-3099,
-1815,
2796,
-1164,
-3108,
716,
380,
-982,
180,
153,
109,
128,
-408,
682,
694,
-327,
1471,
1386,
-1380,
-31,
1283,
-1424,
-1236,
909,
-7,
-163,
829,
-363,
-5085,
7950,
-940,
-11199,
3700,
5129,
-9952,
-3259,
5846,
-3839,
-5831,
-159,
-3048,
-1866,
2545,
-1880,
-3556,
960,
578,
-1016,
208,
160,
132,
200,
-390,
725,
677,
-357,
1769,
1695,
-1462,
-40,
1515,
-1315,
-1162,
981,
-117,
-169,
1048,
-410,
-5473,
7973,
-602,
-10854,
4429,
6452,
-9010,
-3615,
4938,
-3981,
-5379,
-166,
-3502,
-1934,
3027,
-1364,
-3350,
914,
494,
-1047,
185,
152,
119,
99,
-463,
813,
765,
-362,
1770,
1582,
-1808,
-370,
1426,
-1234,
-1015,
1118,
-90,
-277,
862,
-503,
-6262,
7443,
-251,
-10488,
3645,
5410,
-8959,
-3132,
4789,
-4279,
-5103,
270,
-3688,
-2713,
2420,
-1371,
-3134,
873,
173,
-1397,
-6,
107,
144,
248,
-190,
1051,
891,
-295,
1852,
1769,
-1490,
30,
1836,
-902,
-749,
1382,
79,
-202,
1070,
-569,
-6811,
7792,
279,
-10444,
3845,
5855,
-8492,
-2284,
5718,
-3831,
-4716,
833,
-3374,
-2655,
2404,
-1449,
-3086,
1024,
174,
-1423,
87,
158,
139,
319,
-22,
1182,
776,
-475,
2061,
2213,
-1308,
-87,
1534,
-1353,
-1141,
1122,
-172,
-353,
1113,
-589,
-6958,
7752,
411,
-10147,
4313,
6334,
-8193,
-1949,
6377,
-3214,
-4629,
775,
-2887,
-1833,
2787,
-1682,
-3415,
986,
282,
-1426,
1,
120,
147,
271,
-235,
890,
658,
-496,
1864,
2089,
-1069,
94,
1365,
-1504,
-1161,
1042,
-155,
-237,
971,
-610,
-7163,
7667,
574,
-9999,
4232,
6207,
-8239,
-1882,
6667,
-2942,
-4723,
532,
-3040,
-2119,
2269,
-2253,
-3922,
672,
250,
-1314,
81,
131,
158,
337,
-178,
913,
674,
-618,
1626,
2033,
-959,
207,
1668,
-996,
-740,
1417,
254,
-37,
972,
-648,
-7410,
7685,
852,
-10065,
3563,
5767,
-7828,
-1552,
6077,
-3416,
-4035,
1478,
-2974,
-2503,
2314,
-1797,
-3538,
850,
412,
-1106,
226,
189,
116,
189,
-251,
1041,
899,
-407,
1636,
1681,
-1400,
-40,
1539,
-883,
-298,
1586,
-222,
-590,
826,
-671,
-7626,
7489,
732,
-9935,
4083,
6294,
-7773,
-1730,
6115,
-3272,
-3963,
1623,
-2754,
-2333,
2501,
-1586,
-3408,
934,
475,
-1149,
130,
158,
118,
195,
-111,
1367,
1153,
-406,
1670,
1877,
-1494,
-533,
1157,
-1110,
-755,
1092,
-307,
-355,
1028,
-612,
-7341,
7921,
1186,
-9171,
5123,
6647,
-8328,
-2195,
5996,
-3619,
-4445,
1329,
-3159,
-3129,
1551,
-2257,
-3595,
1016,
525,
-1134,
190,
207,
81,
65,
-261,
1162,
707,
-961,
1373,
1796,
-1501,
-162,
2072,
-6,
197,
1745,
-46,
-364,
1030,
-539,
-7019,
8057,
1323,
-8919,
5193,
6381,
-9047,
-3427,
4839,
-4214,
-4972,
583,
-3418,
-2594,
2122,
-2217,
-3739,
1156,
830,
-1013,
129,
165,
95,
64,
-357,
976,
651,
-817,
1440,
1793,
-1230,
130,
1729,
-827,
-306,
1811,
230,
-131,
1172,
-499,
-6930,
7787,
1070,
-8760,
5415,
6236,
-9505,
-3811,
4787,
-4220,
-5103,
934,
-2380,
-1710,
2478,
-1844,
-3227,
1447,
943,
-847,
280,
200,
97,
92,
-364,
997,
916,
-352,
1867,
2292,
-447,
914,
2134,
-697,
-174,
1966,
253,
-325,
859,
-536,
-6943,
7945,
1002,
-8956,
5717,
6727,
-9626,
-4389,
4502,
-3826,
-4382,
1093,
-2974,
-2112,
2716,
-1641,
-3455,
1109,
739,
-933,
268,
210,
84,
31,
-395,
1104,
1012,
-468,
1594,
1927,
-832,
761,
2105,
-1083,
-807,
1633,
208,
-406,
796,
-588,
-7183,
8068,
1012,
-9722,
4613,
6293,
-9198,
-3893,
4693,
-3234,
-3252,
1653,
-3302,
-2478,
2395,
-2369,
-4194,
817,
657,
-989,
267,
213,
84,
-28,
-527,
1190,
1422,
-17,
1961,
2122,
-1085,
174,
1662,
-1235,
-796,
1725,
313,
-280,
972,
-624,
-7414,
7604,
802,
-9636,
4442,
5922,
-9200,
-3267,
5742,
-2386,
-2957,
1744,
-3413,
-3122,
1772,
-2402,
-4168,
511,
365,
-1147,
148,
177,
89,
-16,
-568,
864,
866,
-554,
1444,
1842,
-747,
835,
2162,
-760,
-212,
2142,
426,
-361,
775,
-622,
-7425,
7556,
806,
-9583,
4350,
5540,
-9712,
-3469,
5956,
-2331,
-3356,
1530,
-2983,
-2527,
1989,
-2524,
-4299,
588,
513,
-1173,
47,
166,
73,
-51,
-619,
569,
359,
-886,
1314,
1597,
-1090,
721,
2304,
-813,
-722,
1665,
452,
-236,
573,
-606,
-7408,
7763,
889,
-10105,
3270,
4340,
-10876,
-4716,
4805,
-2954,
-3339,
1968,
-2382,
-2101,
2079,
-2422,
-3930,
913,
527,
-1319,
-71,
123,
90,
-7,
-499,
785,
556,
-733,
1510,
1814,
-992,
567,
2017,
-773,
-253,
1981,
330,
-326,
812,
-594,
-7585,
7464,
478,
-10649,
2563,
3741,
-10904,
-4339,
4884,
-3160,
-3148,
2631,
-1653,
-1303,
2973,
-1834,
-3848,
772,
463,
-1231,
52,
147,
115,
161,
-316,
914,
801,
-394,
1787,
2151,
-621,
532,
1641,
-782,
238,
2441,
677,
128,
1129,
-625,
-7727,
7388,
239,
-10803,
2883,
4093,
-10845,
-4328,
4725,
-3474,
-3095,
2950,
-1456,
-962,
3558,
-1293,
-3272,
1396,
812,
-1151,
72,
142,
129,
213,
-178,
1246,
1108,
-380,
1678,
1984,
-959,
301,
1618,
-1056,
-413,
1748,
104,
-214,
1111,
-672,
-7996,
7047,
184,
-10532,
3270,
4739,
-10004,
-3894,
4708,
-3386,
-2907,
2865,
-1756,
-1235,
3460,
-1175,
-3199,
1271,
785,
-1007,
115,
114,
134,
164,
-131,
1467,
1108,
-751,
1260,
1621,
-1385,
-185,
1144,
-1312,
-328,
1833,
-86,
-426,
1050,
-695,
-8278,
6671,
-74,
-10549,
3473,
5050,
-9644,
-3190,
5858,
-2580,
-3088,
2110,
-2557,
-1850,
3346,
-960,
-3170,
1284,
1074,
-767,
145,
119,
122,
178,
-55,
1368,
854,
-836,
1285,
1488,
-1558,
-93,
1446,
-1169,
-363,
2022,
271,
-389,
852,
-754,
-8645,
6659,
303,
-10174,
3830,
5709,
-8876,
-3001,
5282,
-3330,
-3416,
2338,
-1991,
-1375,
3452,
-995,
-3016,
1492,
1036,
-983,
11,
109,
107,
98,
-214,
1133,
688,
-765,
1538,
1810,
-1223,
130,
1531,
-1110,
-427,
1736,
18,
-483,
718,
-783,
-8887,
6694,
466,
-10067,
3765,
5259,
-9346,
-3163,
4929,
-3634,
-2698,
3387,
-1960,
-1823,
3475,
-854,
-3075,
1517,
1205,
-754,
227,
173,
105,
109,
-313,
1048,
730,
-813,
1464,
1869,
-1380,
-301,
1442,
-751,
-188,
1679,
-55,
-429,
827,
-796,
-9044,
6598,
278,
-10505,
3262,
5114,
-8825,
-2251,
5554,
-3351,
-2209,
4022,
-1764,
-2044,
3345,
-807,
-3179,
1142,
829,
-900,
208,
161,
107,
46,
-395,
1145,
821,
-1076,
958,
1357,
-1784,
-361,
1617,
-842,
-439,
1760,
180,
-406,
769,
-815,
-9052,
6735,
676,
-10008,
3594,
5283,
-8737,
-2375,
5075,
-4148,
-3126,
3381,
-1865,
-1889,
3323,
-1006,
-3355,
1021,
752,
-896,
270,
203,
82,
-39,
-577,
782,
370,
-1405,
768,
1240,
-1836,
-506,
1282,
-1131,
-626,
1396,
-320,
-726,
671,
-795,
-9009,
6491,
150,
-10570,
3211,
5058,
-9040,
-2673,
5212,
-3648,
-2731,
3618,
-1731,
-2020,
3186,
-644,
-2651,
1522,
888,
-982,
110,
116,
122,
29,
-488,
1082,
803,
-1263,
656,
1455,
-1202,
71,
1622,
-935,
-563,
1444,
-208,
-741,
502,
-813,
-9146,
6623,
336,
-10606,
3112,
5010,
-9153,
-2878,
4902,
-4146,
-3351,
3070,
-2093,
-2221,
3028,
-925,
-3090,
1155,
820,
-857,
224,
171,
86,
-37,
-474,
990,
620,
-1020,
1148,
1344,
-1724,
-86,
1582,
-1243,
-743,
1468,
-314,
-837,
549,
-815,
-9141,
6633,
335,
-10435,
3474,
5230,
-9165,
-3033,
4585,
-4277,
-3077,
2994,
-3013,
-3239,
2528,
-1087,
-3067,
1272,
808,
-963,
178,
160,
97,
-44,
-657,
653,
343,
-1194,
917,
966,
-2132,
-352,
1528,
-1103,
-553,
1542,
-256,
-637,
723,
-814,
-9084,
7006,
893,
-10140,
3434,
5185,
-9135,
-3016,
4697,
-4207,
-3348,
2901,
-2154,
-1999,
2978,
-1252,
-2893,
1806,
1143,
-872,
228,
165,
126,
154,
-339,
935,
479,
-1161,
1188,
1755,
-1196,
90,
1444,
-1177,
-231,
2127,
181,
-510,
782,
-822,
-9191,
6737,
757,
-9968,
3712,
5526,
-8585,
-2322,
5314,
-3794,
-3114,
3020,
-2084,
-1743,
3543,
-775,
-2807,
1841,
1353,
-726,
242,
176,
104,
50,
-508,
808,
569,
-901,
1450,
1977,
-1225,
-314,
1145,
-1135,
-410,
1581,
-126,
-402,
925,
-819,
-9264,
6354,
317,
-10195,
3675,
5717,
-8292,
-2236,
5418,
-3217,
-2271,
3622,
-1857,
-1821,
3291,
-1002,
-3007,
1486,
884,
-1056,
130,
153,
124,
135,
-497,
527,
-39,
-1666,
750,
1455,
-1523,
-267,
1483,
-906,
-420,
1659,
59,
-382,
905,
-828,
-9409,
6213,
208,
-10284,
3707,
5993,
-7854,
-1804,
5753,
-3145,
-2569,
3257,
-1964,
-1777,
3389,
-742,
-2770,
1432,
714,
-1111,
133,
162,
103,
39,
-516,
677,
174,
-1299,
1274,
1694,
-1661,
-247,
1860,
-453,
-18,
1943,
71,
-596,
645,
-815,
-9370,
6184,
48,
-10685,
3009,
5260,
-8267,
-1899,
5820,
-3015,
-2713,
2589,
-2694,
-2062,
3328,
-860,
-2753,
1728,
1150,
-710,
350,
194,
110,
71,
-439,
945,
577,
-1098,
1148,
1458,
-1793,
-243,
1862,
-708,
-648,
1220,
-332,
-670,
570,
-833,
-9408,
6375,
426,
-10385,
3047,
4990,
-8638,
-1912,
6174,
-2784,
-2527,
3141,
-2212,
-2161,
3092,
-933,
-2990,
1411,
1062,
-750,
239,
162,
99,
12,
-444,
931,
408,
-1355,
1039,
1616,
-1676,
-526,
1491,
-671,
-401,
1270,
-414,
-667,
709,
-840,
-9559,
6146,
248,
-10247,
3556,
5485,
-8556,
-2281,
5584,
-3148,
-2301,
3601,
-2157,
-2390,
3042,
-890,
-3019,
1459,
1140,
-785,
214,
187,
86,
43,
-410,
792,
210,
-1495,
809,
1373,
-1727,
-624,
1058,
-1229,
-820,
950,
-623,
-625,
928,
-836,
-9547,
6212,
111,
-10557,
3422,
5543,
-8475,
-2382,
4893,
-4368,
-3310,
3149,
-2248,
-2063,
3862,
35,
-2456,
1550,
1018,
-826,
230,
166,
111,
74,
-505,
533,
-304,
-2125,
503,
1358,
-1745,
-392,
1623,
-851,
-641,
1296,
-409,
-853,
610,
-840,
-9504,
6273,
238,
-10444,
3425,
5676,
-7969,
-1761,
5308,
-4013,
-2807,
3687,
-1880,
-2018,
3573,
-300,
-2617,
1369,
687,
-1075,
178,
169,
112,
52,
-647,
423,
-53,
-1589,
930,
1605,
-1539,
-330,
1471,
-989,
-653,
1363,
-151,
-436,
833,
-835,
-9321,
6440,
453,
-10181,
3559,
5616,
-8132,
-1839,
5608,
-3377,
-2361,
3781,
-1688,
-1643,
3684,
-495,
-2686,
1541,
826,
-1090,
144,
180,
96,
61,
-416,
911,
526,
-1137,
1078,
1620,
-1168,
347,
1791,
-1149,
-782,
1360,
-241,
-457,
1011,
-836,
-9398,
6387,
316,
-10432,
3463,
5916,
-7573,
-1476,
5266,
-4497,
-3568,
3221,
-1886,
-2205,
2971,
-688,
-2591,
1325,
452,
-1257,
103,
152,
117,
134,
-269,
1084,
647,
-872,
1587,
2019,
-1011,
677,
2538,
-238,
-94,
1593,
-349,
-545,
1132,
-845,
-9376,
6560,
909,
-9474,
4393,
6623,
-7069,
-1102,
5771,
-3673,
-2678,
3867,
-1319,
-1396,
3781,
-460,
-2860,
1261,
775,
-962,
199,
170,
107,
93,
-340,
1043,
679,
-991,
1167,
1509,
-1692,
-460,
1440,
-556,
160,
1794,
-388,
-788,
787,
-814,
-9110,
6893,
1058,
-9521,
4660,
7405,
-6392,
-828,
6047,
-3562,
-3294,
2863,
-2077,
-2042,
2967,
-1305,
-3504,
910,
583,
-1192,
2,
115,
129,
205,
-176,
1169,
995,
-461,
1366,
1330,
-1551,
109,
1811,
-583,
114,
1960,
-165,
-684,
865,
-825,
-9217,
6893,
1002,
-9865,
3782,
6037,
-7426,
-1106,
5716,
-4363,
-4111,
2040,
-2973,
-2594,
2707,
-1598,
-3673,
866,
406,
-1415,
-137,
41,
177,
320,
-43,
1365,
1085,
-387,
1899,
2165,
-925,
711,
2580,
-19,
390,
2212,
107,
-388,
1225,
