-596,
-7790,
4732,
3119,
-4729,
1618,
2479,
-4511,
720,
4591,
-1641,
592,
5334,
126,
-1322,
2478,
93,
-2126,
-29,
-285,
-1158,
-189,
0,
117,
170,
-165,
639,
410,
-623,
742,
1028,
-811,
-36,
867,
-421,
460,
1754,
273,
-150,
618,
-592,
-7870,
4771,
3162,
-4745,
1599,
2306,
-4900,
391,
4461,
-1908,
-159,
4559,
221,
-516,
3015,
214,
-2025,
-71,
-498,
-1234,
-188,
-44,
158,
266,
-44,
823,
506,
-525,
1085,
1346,
-726,
105,
1048,
-470,
305,
1669,
230,
-122,
717,
-603,
-7975,
4609,
2821,
-5001,
1654,
2340,
-4860,
831,
4942,
-1849,
-183,
4623,
-8,
-1078,
2447,
-185,
-2251,
-193,
-533,
-1166,
-127,
-48,
169,
264,
-62,
959,
844,
-187,
1129,
1042,
-873,
546,
1642,
-278,
254,
1633,
189,
-93,
860,
-606,
-7848,
4888,
2767,
-5230,
2024,
3051,
-4555,
968,
5303,
-1544,
-137,
4456,
-435,
-1725,
1746,
-683,
-2270,
77,
-423,
-1154,
-11,
18,
157,
255,
-187,
832,
907,
-202,
873,
835,
-897,
636,
1764,
-380,
-119,
1334,
33,
-272,
768,
-600,
-7981,
4803,
2706,
-5332,
2028,
3335,
-4115,
1327,
5465,
-1651,
-414,
4332,
-363,
-1733,
1706,
-475,
-1909,
301,
-403,
-1281,
-188,
-67,
197,
348,
-142,
705,
647,
-395,
824,
899,
-805,
555,
1623,
-128,
381,
1458,
-87,
-97,
1045,
-578,
-7829,
4794,
2812,
-4990,
2242,
3230,
-4533,
654,
4959,
-1653,
-135,
4729,
203,
-1252,
1904,
-265,
-1438,
872,
-5,
-1175,
-264,
-121,
222,
424,
-13,
813,
659,
-408,
861,
922,
-902,
319,
1328,
-382,
239,
1485,
36,
-121,
793,
-574,
-7801,
4919,
3028,
-4873,
2084,
3008,
-4516,
671,
4721,
-1703,
272,
5049,
161,
-1262,
2009,
-390,
-1921,
197,
-562,
-1352,
-168,
-47,
183,
299,
-195,
655,
575,
-426,
872,
912,
-855,
606,
1889,
280,
724,
1572,
-174,
-343,
627,
-556,
-7647,
4983,
2916,
-5313,
1373,
2414,
-4840,
540,
4750,
-1782,
-83,
4713,
-71,
-1445,
2183,
-20,
-2045,
-351,
-964,
-1531,
-218,
-17,
154,
284,
-148,
538,
375,
-461,
874,
964,
-442,
1261,
2304,
289,
562,
1516,
-152,
-395,
623,
-541,
-7620,
4855,
2432,
-6008,
800,
2041,
-4978,
730,
4936,
-2105,
-811,
4149,
-81,
-980,
2618,
-14,
-2283,
-545,
-1180,
-1795,
-373,
-49,
165,
334,
-14,
893,
980,
115,
1184,
1033,
-538,
1143,
2355,
461,
725,
1635,
-267,
-836,
243,
-564,
-7675,
4846,
2595,
-5623,
1148,
2290,
-4211,
2159,
6104,
-1557,
-260,
4698,
-27,
-1102,
2839,
376,
-2013,
-369,
-1024,
-1629,
-216,
26,
124,
234,
39,
1194,
1104,
-367,
407,
464,
-953,
698,
2019,
338,
621,
1359,
-583,
-916,
388,
-583,
-7664,
4835,
2607,
-5344,
1727,
2755,
-4016,
2412,
6415,
-1595,
-728,
4024,
-870,
-2118,
1970,
57,
-1765,
136,
-518,
-1256,
-51,
47,
127,
237,
-21,
1056,
984,
-377,
426,
467,
-865,
678,
1573,
-211,
509,
1533,
-545,
-1051,
217,
-573,
-7555,
4768,
2230,
-5950,
1146,
2236,
-4812,
1381,
5792,
-1630,
-642,
4140,
-596,
-2109,
1402,
-567,
-1986,
-16,
-891,
-1516,
-20,
91,
130,
293,
-108,
834,
933,
-312,
543,
1029,
151,
1520,
1989,
106,
907,
1810,
-580,
-1208,
223,
-574,
-7505,
4882,
2385,
-5902,
990,
1914,
-5208,
1133,
5816,
-1668,
-930,
3960,
-624,
-2370,
1072,
-514,
-1723,
103,
-827,
-1372,
95,
105,
146,
348,
-168,
594,
651,
-619,
149,
701,
19,
1527,
2136,
335,
1071,
2062,
-65,
-750,
335,
-587,
-7704,
4763,
2308,
-6167,
661,
2036,
-4515,
1865,
6061,
-1950,
-1367,
3753,
-698,
-2689,
529,
-1013,
-2157,
-230,
-864,
-1214,
155,
79,
166,
384,
-127,
654,
638,
-734,
-13,
476,
-212,
1433,
2064,
87,
877,
2265,
386,
-395,
540,
-609,
-7947,
4499,
2282,
-5946,
716,
1722,
-4861,
1725,
6071,
-1663,
-749,
4303,
-470,
-2593,
600,
-991,
-2041,
33,
-672,
-1236,
66,
71,
134,
192,
-342,
649,
855,
-419,
392,
1084,
494,
1796,
1920,
-164,
734,
2045,
107,
-643,
211,
-634,
-8114,
4568,
2335,
-5979,
933,
1922,
-5278,
959,
5798,
-1243,
-318,
4224,
-647,
-2420,
759,
-1105,
-2041,
263,
-550,
-1313,
-36,
47,
125,
121,
-374,
651,
715,
-400,
957,
1652,
487,
1580,
1675,
-825,
-138,
1536,
-31,
-581,
456,
-611,
-8050,
4584,
2500,
-5751,
885,
1737,
-5379,
734,
5537,
-1144,
-55,
4323,
-338,
-1585,
1677,
-642,
-2074,
51,
-617,
-1237,
-16,
32,
109,
-119,
-839,
252,
395,
-715,
835,
1647,
312,
1476,
1867,
-870,
-682,
1133,
79,
-306,
660,
-631,
-8085,
4574,
2389,
-6057,
441,
1236,
-5839,
381,
5220,
-1498,
-451,
3898,
-626,
-1486,
2140,
-74,
-1614,
310,
-512,
-1158,
51,
42,
124,
13,
-499,
867,
1212,
48,
1270,
1653,
7,
1118,
1729,
-682,
-398,
1138,
-267,
-700,
514,
-640,
-8209,
4290,
1823,
-6552,
449,
1467,
-5695,
613,
5326,
-1985,
-1138,
3689,
-571,
-1664,
1892,
-9,
-1310,
538,
-434,
-1091,
146,
82,
112,
-14,
-595,
703,
1060,
-156,
992,
1617,
269,
1062,
1198,
-854,
35,
1325,
-562,
-807,
687,
-548,
-8207,
3437,
1507,
-5210,
1660,
911,
-6610,
1144,
6433,
-2256,
-2577,
3210,
687,
-382,
1644,
-1076,
-1665,
905,
-448,
-1618,
-103,
149,
54,
33,
-361,
564,
626,
-315,
821,
902,
-601,
718,
1528,
-185,
445,
1159,
-907,
-936,
563,
-420,
-8297,
2270,
950,
-4295,
1888,
-226,
-7066,
1949,
7246,
-1864,
-2473,
2897,
252,
-619,
1192,
-1911,
-2175,
1089,
-125,
-1562,
-134,
142,
68,
103,
-426,
250,
315,
-538,
598,
808,
-616,
616,
1577,
120,
705,
1422,
-474,
-668,
470,
-475,
-8373,
2581,
1011,
-4821,
1668,
168,
-6909,
1549,
6634,
-2541,
-2880,
2945,
-14,
-1537,
669,
-1524,
-1722,
1160,
-8,
-1265,
65,
172,
84,
239,
-187,
438,
304,
-760,
386,
838,
-570,
361,
1330,
236,
902,
1494,
-271,
-327,
693,
-534,
-8385,
2142,
-99,
-6257,
1073,
853,
-6652,
178,
5316,
-2329,
-2350,
2478,
-1048,
-2282,
451,
-1717,
-2566,
-81,
-893,
-1749,
-256,
69,
100,
242,
-28,
831,
846,
-80,
1065,
1272,
-254,
885,
1893,
403,
887,
1823,
171,
-261,
586,
-552,
-7999,
2737,
197,
-6401,
1218,
1595,
-6092,
195,
5587,
-1345,
-1290,
3119,
-510,
-1484,
1477,
-657,
-1702,
444,
-614,
-1572,
-128,
145,
38,
37,
-179,
678,
281,
-1004,
393,
1033,
-496,
338,
1034,
-722,
-296,
930,
-307,
-497,
402,
-613,
-8177,
3450,
875,
-6567,
950,
1591,
-6074,
292,
5436,
-1912,
-1401,
3734,
14,
-1190,
1976,
-148,
-1555,
348,
-630,
-1394,
41,
168,
48,
36,
-180,
950,
649,
-1152,
-117,
923,
-185,
425,
747,
-951,
-339,
768,
-537,
-382,
797,
-638,
-8542,
3401,
813,
-6875,
575,
1073,
-6527,
125,
4906,
-2969,
-2142,
3343,
-651,
-2008,
1270,
-893,
-2324,
-279,
-1018,
-1523,
-2,
123,
76,
56,
-216,
954,
748,
-782,
411,
960,
-527,
664,
1696,
143,
687,
1452,
-458,
-513,
849,
-662,
-8493,
3877,
1540,
-6621,
450,
1518,
-5551,
886,
5660,
-1979,
-1573,
3495,
-78,
-1090,
1763,
-820,
-2079,
335,
-381,
-1187,
101,
158,
50,
-45,
-456,
524,
401,
-752,
667,
1156,
-471,
609,
1572,
-89,
386,
1396,
-198,
-355,
760,
-629,
-8374,
3924,
1670,
-6399,
374,
935,
-6400,
142,
5348,
-1848,
-1442,
3277,
-603,
-1768,
1266,
-827,
-1906,
272,
-490,
-1182,
58,
120,
45,
-154,
-518,
552,
279,
-775,
1038,
1435,
-644,
259,
1097,
-811,
-389,
745,
-610,
-385,
917,
-605,
-8350,
4145,
1934,
-6259,
188,
241,
-7116,
-55,
5372,
-1763,
-975,
3910,
-64,
-1036,
1979,
-687,
-2104,
180,
-501,
-1143,
131,
129,
61,
-90,
-390,
899,
679,
-638,
1053,
1368,
-1026,
-88,
1197,
-657,
-490,
628,
-748,
-663,
723,
-634,
-8618,
3968,
1701,
-6585,
198,
805,
-6327,
496,
5364,
-2165,
-1105,
4192,
105,
-899,
2511,
-236,
-2284,
-200,
-650,
-1200,
104,
144,
52,
-84,
-496,
565,
494,
-547,
1003,
1411,
-250,
986,
1720,
-473,
-52,
1160,
-539,
-703,
726,
-656,
-8651,
3890,
1724,
-6454,
388,
1097,
-6276,
-85,
4627,
-2497,
-1331,
3881,
-11,
-978,
2283,
-275,
-2181,
-320,
-786,
-1163,
62,
62,
91,
-71,
-508,
561,
263,
-947,
749,
1291,
-322,
961,
1589,
-705,
-169,
1163,
-450,
-454,
1018,
-681,
-8722,
3978,
1906,
-6432,
242,
993,
-6332,
-226,
4490,
-2400,
-979,
4243,
137,
-1040,
2163,
-193,
-1623,
515,
-230,
-997,
103,
59,
118,
29,
-510,
522,
313,
-1120,
394,
1207,
-476,
336,
1164,
-637,
-347,
627,
-751,
-514,
875,
-697,
-8800,
4025,
2100,
-6216,
606,
1607,
-5983,
-408,
4415,
-2084,
-776,
4097,
-314,
-1763,
1643,
-148,
-1437,
516,
-236,
-991,
49,
37,
116,
17,
-545,
334,
88,
-1118,
464,
1172,
-434,
374,
947,
-927,
-499,
523,
-836,
-629,
589,
-682,
-8622,
3961,
1866,
-6222,
895,
1906,
-5745,
-98,
4860,
-1505,
-316,
3990,
-1005,
-2607,
976,
-395,
-1177,
882,
-155,
-1053,
51,
61,
90,
-138,
-764,
340,
336,
-911,
640,
1526,
46,
734,
1006,
-988,
-183,
1193,
-493,
-765,
573,
-667,
-8504,
3848,
1738,
-6347,
437,
1442,
-5764,
-235,
4209,
-1972,
-403,
3616,
-1536,
-2688,
1023,
-665,
-1455,
768,
-307,
-1166,
75,
77,
104,
-50,
-697,
342,
280,
-1039,
523,
1391,
-227,
543,
1096,
-941,
-392,
1048,
-366,
-519,
782,
-661,
-8427,
3912,
1704,
-6473,
265,
1278,
-5719,
118,
4525,
-2090,
-836,
3372,
-1280,
-2183,
1267,
-827,
-1817,
373,
-547,
-1105,
232,
104,
124,
9,
-768,
267,
539,
-566,
649,
943,
-761,
555,
1673,
-329,
-151,
1009,
-377,
-491,
585,
-674,
-8519,
3993,
1707,
-6612,
352,
1599,
-5515,
97,
4420,
-2084,
-656,
3638,
-758,
-1214,
2186,
-528,
-1859,
458,
-455,
-1197,
115,
87,
114,
-17,
-729,
321,
519,
-632,
554,
930,
-464,
918,
1582,
-666,
-183,
1136,
-462,
-667,
559,
-687,
-8645,
3936,
1680,
-6734,
294,
1827,
-5114,
563,
4881,
-2082,
-1286,
3032,
-873,
-1014,
2522,
-308,
-1972,
422,
-127,
-974,
44,
47,
104,
-24,
-513,
557,
382,
-957,
503,
1308,
34,
1045,
1456,
-375,
520,
1563,
-446,
-693,
540,
-689,
-8690,
3834,
1596,
-6688,
372,
1618,
-5576,
432,
5147,
-2230,
-2056,
2346,
-1263,
-1301,
2612,
221,
-1475,
720,
33,
-1040,
-111,
9,
106,
37,
-300,
682,
248,
-1033,
737,
1445,
-444,
280,
1091,
-487,
229,
1377,
-287,
-498,
702,
-694,
-8886,
3728,
1581,
-6843,
-31,
1124,
-5952,
277,
5057,
-2583,
-2668,
1757,
-1863,
-2022,
2056,
80,
-1277,
1116,
432,
-799,
40,
94,
59,
-69,
-480,
438,
286,
-707,
748,
975,
-1003,
-302,
410,
-1035,
-117,
1014,
-669,
-697,
694,
-700,
-8789,
3870,
1427,
-7173,
-158,
1136,
-5894,
130,
4375,
-2939,
-1822,
2721,
-1748,
-2013,
2236,
-33,
-1298,
1480,
677,
-768,
89,
113,
62,
-106,
-585,
589,
646,
-703,
476,
1002,
-621,
223,
988,
-544,
264,
1452,
-170,
-339,
772,
-699,
-8777,
3672,
1113,
-7268,
78,
1374,
-5984,
-254,
3727,
-3789,
-2229,
3145,
-1367,
-2443,
1538,
-428,
-1663,
895,
87,
-1078,
50,
103,
112,
182,
-253,
855,
1045,
-287,
823,
1532,
-73,
586,
1500,
-95,
135,
1307,
231,
54,
845,
-703,
-8691,
3852,
1274,
-6947,
759,
1893,
-6143,
-561,
3994,
-3248,
-2073,
3090,
-1047,
-1819,
2019,
-146,
-1527,
773,
-129,
-1102,
141,
141,
100,
179,
-183,
875,
833,
-511,
730,
1230,
-516,
403,
1184,
-964,
-626,
1183,
270,
-118,
659,
-698,
-8806,
3654,
1085,
-7036,
644,
1803,
-5727,
383,
4726,
-3169,
-2439,
2705,
-953,
-1276,
2333,
-216,
-1521,
907,
-22,
-977,
212,
129,
110,
159,
-116,
1177,
1008,
-571,
900,
1592,
-311,
629,
1539,
-642,
-280,
1419,
126,
-303,
784,
-704,
-8829,
3645,
1327,
-6704,
827,
2076,
-5438,
333,
4684,
-2832,
-2124,
2638,
-1339,
-1719,
2231,
-51,
-1655,
496,
-264,
-1069,
123,
103,
105,
107,
-270,
840,
628,
-878,
561,
1286,
-553,
225,
1141,
-732,
-408,
997,
-209,
-410,
669,
-683,
-8728,
3433,
1016,
-6993,
381,
1630,
-5802,
-204,
4131,
-3161,
-2563,
1942,
-1953,
-2227,
1595,
-740,
-2180,
193,
-416,
-1176,
34,
73,
109,
58,
-446,
565,
368,
-1067,
439,
1156,
-940,
-463,
562,
-1037,
-792,
454,
-573,
-501,
680,
-653,
-8513,
3608,
1369,
-6222,
923,
1403,
-5712,
1057,
5373,
-2778,
-2045,
3135,
-788,
-1470,
2167,
-130,
-1539,
526,
-507,
-1269,
112,
107,
117,
106,
-376,
878,
974,
-609,
500,
1105,
-852,
-376,
506,
-980,
-376,
969,
-237,
-203,
1011,
-607,
-8255,
3440,
1092,
-6145,
1021,
1129,
-6054,
1209,
6061,
-2106,
-1626,
3742,
-14,
-1184,
2050,
-25,
-1320,
534,
-517,
-1237,
22,
31,
137,
70,
-358,
1214,
1592,
-4,
865,
1401,
-228,
430,
897,
-1053,
-377,
1311,
230,
85,
1072,
-563,
-7927,
3680,
1052,
-6520,
586,
1041,
-5892,
1268,
5989,
-2252,
-1688,
4064,
300,
-1583,
1326,
-421,
-1808,
-289,
-981,
-1155,
112,
3,
162,
92,
-382,
1233,
1767,
341,
1126,
1517,
181,
1126,
1138,
-1378,
-522,
1513,
234,
-238,
763,
-510,
-7539,
4034,
1321,
-5986,
1310,
1543,
-5121,
2657,
6764,
-2770,
-2164,
4569,
1133,
-1052,
1578,
-313,
-1746,
-280,
-987,
-984,
385,
112,
130,
35,
-451,
1223,
1776,
183,
812,
1207,
-143,
574,
359,
-1906,
-515,
1584,
14,
-416,
766,
-505,
-7425,
4092,
1328,
-5778,
1718,
1792,
-5102,
2478,
6270,
-3139,
-1827,
5202,
1479,
-846,
1678,
-525,
-2014,
-336,
-965,
-942,
479,
155,
124,
59,
-470,
1061,
1561,
135,
940,
1249,
-228,
574,
426,
-1863,
-441,
1589,
-77,
-295,
1114,
-506,
-7306,
3887,
804,
-6491,
1206,
1986,
-4802,
1952,
5617,
-2974,
-1652,
4565,
694,
-1203,
1416,
-907,
-2347,
-522,
-1004,
-903,
463,
104,
162,
120,
-518,
957,
1413,
-90,
891,
1478,
-141,
409,
344,
-1951,
-624,
1724,
229,
-431,
777,
-528,
-7415,
3805,
599,
-7054,
730,
2178,
-4461,
1899,
5786,
-2288,
-1211,
4246,
-169,
-1929,
1452,
-509,
-2289,
-470,
-640,
-706,
404,
87,
157,
189,
-318,
1126,
1655,
82,
483,
907,
-135,
595,
286,
-1865,
-315,
2023,
619,
-57,
854,
-524,
-7388,
3796,
798,
-6767,
443,
1458,
-4508,
2677,
6402,
-2089,
-1018,
4230,
-619,
-2308,
1542,
-166,
-1968,
-186,
-387,
-589,
402,
103,
116,
22,
-449,
970,
1318,
-250,
203,
585,
-228,
703,
238,
-1825,
-169,
1604,
-104,
-255,
868,
-539,
-7447,
3783,
538,
-7376,
64,
1554,
-4646,
2040,
5977,
-2113,
-1157,
4039,
-477,
-1973,
1908,
378,
-1349,
180,
-319,
-630,
357,
79,
123,
-45,
-651,
782,
1106,
-647,
-34,
714,
-366,
247,
400,
-1174,
-128,
1102,
-366,
-286,
830,
-542,
-7556,
3645,
272,
-7582,
-17,
1151,
-5361,
1499,
5429,
-3058,
-2160,
3479,
-497,
-1740,
1814,
-230,
-1988,
-166,
-457,
-622,
418,
82,
145,
87,
-430,
965,
1119,
-612,
243,
975,
-204,
712,
1101,
-704,
130,
1369,
-63,
128,
1240,
-444,
-6098,
5469,
1679,
-7056,
113,
1515,
-5097,
1304,
5297,
-3053,
-2681,
2761,
-380,
-885,
2588,
192,
-1899,
-457,
-927,
-936,
347,
100,
131,
49,
-555,
712,
1040,
-320,
573,
1149,
-20,
708,
665,
-1142,
55,
1299,
-444,
-374,
839,
-218,
-4410,
5862,
861,
-7858,
-285,
1493,
-5426,
56,
4473,
-2512,
-2590,
1664,
-594,
175,
2944,
-408,
-2077,
-116,
-897,
-1299,
80,
82,
98,
20,
-317,
907,
902,
-100,
1452,
1661,
-324,
469,
864,
-1047,
-104,
1203,
-391,
-267,
917,
-140,
-3728,
5838,
389,
-8038,
-175,
1557,
-5765,
-544,
4551,
-1713,
-2321,
1226,
-769,
183,
2555,
-770,
-1945,
115,
-966,
-1514,
-4,
110,
69,
18,
-179,
894,
581,
-329,
1447,
1473,
-656,
509,
1233,
-773,
142,
1576,
-163,
-272,
952,
-164,
-3927,
5985,
429,
-8102,
81,
1501,
-6483,
-1147,
4051,
-2422,
-2469,
1509,
-1433,
-1168,
1915,
-760,
-2029,
-19,
-1001,
-1558,
-38,
105,
78,
76,
-87,
1096,
1010,
155,
1800,
1782,
-425,
448,
956,
-944,
215,
1760,
-58,
-257,
1051,
-152,
-3760,
5783,
86,
-8155,
323,
1857,
-6192,
-1101,
3759,
-2977,
-2884,
1647,
-809,
-256,
2945,
-162,
-2038,
42,
-640,
-1383,
-81,
108,
43,
-92,
-350,
799,
684,
-397,
1138,
1446,
-711,
-104,
860,
-495,
76,
998,
-411,
-153,
1112,
-38,
-3342,
5097,
-1630,
-9619,
-231,
1433,
-7478,
-2673,
3259,
-2697,
-3018,
1335,
-732,
-421,
2179,
-964,
-2668,
-509,
-967,
-1540,
-221,
58,
45,
-88,
-124,
1290,
1175,
-29,
1452,
1776,
-402,
43,
886,
-324,
413,
1243,
-311,
-64,
1163,
9,
-3222,
4642,
-2314,
-10009,
-313,
1619,
-7295,
-2802,
3216,
-2328,
-2662,
1451,
-676,
-486,
1900,
-1332,
-2953,
-533,
-786,
-1430,
-204,
83,
16,
-182,
-265,
1120,
1101,
-114,
1169,
1601,
-231,
228,
828,
-661,
-188,
784,
-358,
-135,
855,
17,
-3272,
4685,
-2367,
-10377,
-577,
2146,
-6275,
-2350,
3036,
-2146,
-1971,
1755,
-955,
-686,
1992,
-1225,
-2889,
-451,
-677,
-1209,
61,
183,
-5,
-190,
-348,
959,
1010,
-216,
925,
1409,
-159,
367,
606,
-1341,
-829,
681,
-200,
-295,
480,
15,
-3076,
4949,
-2278,
-10294,
-353,
2185,
-6221,
-1878,
3402,
-2122,
-1652,
2240,
-853,
-602,
2272,
-1170,
-2918,
-267,
-623,
-1420,
-75,
181,
-12,
-140,
-114,
1299,
1094,
-614,
376,
1070,
-402,
123,
546,
-1184,
-580,
1056,
288,
46,
562,
-63,
-3249,
4763,
-1842,
-9669,
-560,
1666,
-6267,
-1925,
3290,
-1866,
-1712,
1322,
-1738,
-843,
2216,
-1199,
-2542,
502,
97,
-1031,
27,
167,
20,
8,
46,
1260,
711,
-1170,
184,
1414,
-149,
-8,
637,
-696,
-302,
932,
82,
-97,
511,
-37,
-3260,
4361,
-2453,
-9886,
-429,
1617,
-6306,
-1520,
3835,
-1503,
-1506,
1169,
-2173,
-993,
2281,
-1450,
-2966,
298,
-5,
-1237,
-173,
115,
13,
-52,
194,
1708,
966,
-1179,
533,
1969,
-231,
-538,
561,
-340,
-190,
714,
-34,
28,
637,
-51,
-3259,
4310,
-2239,
-9591,
-439,
1962,
-5219,
-966,
3257,
-1879,
-1140,
1324,
-2312,
-811,
2587,
-1187,
-2399,
987,
394,
-1013,
-9,
155,
7,
-103,
61,
1576,
768,
-1423,
442,
1759,
-823,
-920,
739,
-212,
-345,
716,
98,
-33,
496,
-8,
-3209,
4320,
-2259,
-9956,
-981,
1979,
-5025,
-1206,
3499,
-861,
-661,
1162,
-2164,
-745,
1960,
-1979,
-2905,
751,
402,
-1002,
-126,
94,
30,
23,
349,
1778,
863,
-1083,
928,
2065,
-701,
-1066,
354,
-324,
-98,
783,
-40,
68,
765,
-53,
-3449,
4452,
-1810,
-9838,
-1303,
2028,
-4445,
-1190,
2638,
-1553,
-937,
723,
-2328,
-122,
2599,
-1847,
-2859,
806,
344,
-941,
30,
134,
28,
-23,
204,
1629,
522,
-1720,
535,
2115,
-826,
-1473,
291,
-59,
-32,
837,
347,
334,
637,
-42,
-3292,
4192,
-1783,
-9081,
-633,
2232,
-4183,
-775,
2929,
-1364,
-840,
629,
-2504,
-182,
2727,
-1615,
-2718,
732,
131,
-1094,
35,
176,
10,
-23,
203,
1632,
792,
-1280,
633,
2010,
-546,
-1073,
135,
-580,
-308,
847,
361,
272,
527,
-69,
-3435,
3872,
-2166,
-9187,
-286,
2652,
-4178,
-971,
3004,
-1232,
-976,
585,
-2204,
45,
2686,
-1536,
-2360,
984,
-5,
-1354,
-24,
203,
14,
100,
247,
1299,
453,
-1262,
639,
1840,
-442,
-634,
478,
-454,
-282,
683,
-3,
34,
622,
-67,
-3423,
3900,
-2206,
-8965,
225,
2661,
-4690,
-1159,
2978,
-1627,
-1184,
883,
-2093,
-270,
2338,
-1898,
-2843,
659,
59,
-1127,
47,
172,
32,
100,
323,
1592,
607,
-1410,
728,
2225,
-467,
-1113,
258,
-194,
87,
964,
283,
330,
750,
-45,
-3403,
3399,
-2679,
-8963,
114,
2287,
-4626,
-660,
3257,
-1396,
-295,
2218,
-1336,
-368,
2258,
-1463,
-2544,
375,
-301,
-1173,
99,
174,
36,
87,
296,
1604,
713,
-1234,
724,
1999,
-372,
-584,
344,
-900,
-579,
749,
-18,
-206,
461,
-49,
-3277,
3637,
-2385,
-8708,
317,
2451,
-4603,
-860,
3031,
-1393,
-127,
2372,
-1186,
-234,
2293,
-1480,
-2600,
201,
-459,
-1153,
166,
177,
43,
52,
120,
1378,
585,
-1245,
738,
2024,
-213,
-382,
349,
-872,
-188,
1190,
105,
-165,
584,
-77,
-3417,
3808,
-2313,
-8784,
691,
2968,
-4581,
-858,
3154,
-2138,
-1629,
1541,
-1093,
-153,
2130,
-1568,
-2708,
-31,
-605,
-1178,
82,
78,
109,
139,
-28,
1215,
721,
-1107,
647,
2200,
359,
-177,
13,
-929,
262,
1483,
38,
-208,
622,
-137,
-3695,
4040,
-1655,
-8089,
1066,
2695,
-5097,
-959,
3222,
-2150,
-1303,
2112,
-715,
218,
2578,
-1371,
-2644,
144,
-505,
-1227,
45,
64,
135,
249,
-54,
885,
420,
-990,
955,
2260,
296,
-9,
340,
-743,
63,
854,
-589,
-402,
621,
-142,
-3722,
4365,
-1339,
-8133,
1002,
2497,
-6106,
-2179,
3090,
-1545,
-908,
2611,
-165,
-129,
1748,
-1549,
-2549,
-136,
-730,
-1179,
90,
88,
101,
194,
96,
967,
213,
-1050,
932,
1815,
8,
290,
480,
-956,
129,
1065,
-729,
-696,
528,
-139,
-3870,
4191,
-1436,
-8034,
1013,
1792,
-7487,
-3418,
2376,
-2088,
-1495,
2173,
-318,
-144,
1689,
-1554,
-2348,
51,
-811,
-1352,
33,
82,
106,
147,
-130,
875,
732,
-264,
1206,
1605,
-61,
512,
670,
-967,
96,
1311,
-225,
-382,
446,
-154,
-3907,
4428,
-951,
-7427,
1701,
2321,
-7214,
-2969,
2915,
-2346,
-2280,
2400,
996,
757,
1872,
-1138,
-1598,
478,
-854,
-1558,
-106,
51,
110,
152,
-185,
616,
407,
-399,
1040,
1153,
-431,
527,
707,
-1244,
-360,
876,
-527,
-467,
472,
-191,
-3992,
4413,
-1145,
-7700,
1798,
2515,
-7474,
-3267,
3177,
-1942,
-2357,
1939,
361,
-92,
1077,
-1470,
-1621,
382,
-981,
-1578,
-115,
26,
129,
232,
27,
920,
644,
-167,
1252,
1099,
-491,
926,
1205,
-1060,
-114,
1265,
-433,
-503,
673,
-214,
-3974,
4566,
-780,
-7165,
2209,
2567,
-7531,
-3320,
2710,
-2660,
-2531,
2037,
-239,
-992,
1008,
-865,
-1203,
570,
-686,
-1292,
-28,
21,
127,
178,
12,
1111,
869,
-198,
1097,
1084,
-452,
893,
1163,
-1160,
-386,
907,
-724,
-635,
718,
-214,
-4026,
4777,
-232,
-6078,
3202,
2119,
-8663,
-3164,
3377,
-3276,
-3568,
1820,
-374,
-1554,
631,
-775,
-751,
1183,
-292,
-1153,
79,
68,
122,
183,
-68,
1082,
981,
-272,
847,
1009,
-473,
781,
1129,
-1251,
-547,
1145,
-188,
-409,
698,
-195,
-4099,
4573,
-100,
-5568,
3232,
1648,
-8562,
-2750,
2814,
-4400,
-4069,
1569,
-871,
-1693,
931,
-676,
-932,
952,
-513,
-1226,
142,
87,
136,
249,
-34,
1141,
1203,
90,
1167,
1095,
-533,
838,
1310,
-1082,
-433,
1120,
-359,
-521,
733,
-248,
-4164,
4362,
20,
-5144,
3601,
2388,
-7413,
-2023,
3326,
-3277,
-2943,
1778,
-1059,
-1523,
1191,
-729,
-1065,
1017,
-375,
-1166,
166,
100,
124,
148,
-228,
1131,
1379,
-129,
617,
1045,
-177,
810,
999,
-1145,
-243,
1344,
-319,
-701,
647,
-253,
-4387,
4576,
430,
-4981,
3698,
2747,
-6957,
-2029,
2666,
-4009,
-3368,
1361,
-1327,
-1245,
1468,
-961,
-1238,
1240,
-206,
-1214,
107,
81,
136,
182,
-150,
1360,
1596,
-212,
401,
1057,
31,
914,
816,
-1439,
-229,
1778,
224,
-289,
877,
-287,
-4797,
5336,
980,
-6033,
2500,
2824,
-6252,
-1644,
2379,
-4680,
-3341,
2446,
-302,
-966,
1489,
-834,
-1062,
1407,
-146,
-1238,
118,
81,
166,
345,
-52,
1264,
1514,
-210,
459,
1313,
451,
1279,
1075,
-1361,
-483,
1353,
-41,
-342,
890,
-359,
-5284,
5446,
1273,
-6463,
1879,
3023,
-5639,
-1241,
3012,
-3543,
-2134,
3291,
-59,
-920,
2097,
-105,
-1118,
1049,
-138,
-1232,
-18,
60,
147,
385,
189,
1277,
1111,
-474,
684,
1687,
492,
1079,
1190,
-979,
-512,
870,
-476,
-638,
654,
-397,
-5543,
5414,
1411,
-6575,
1318,
2430,
-5595,
-621,
3488,
-3373,
-1957,
3298,
-275,
-838,
2258,
-709,
-2173,
566,
-70,
-1226,
-106,
60,
110,
199,
-82,
884,
499,
-1074,
410,
1549,
339,
1381,
2021,
-343,
-196,
1400,
153,
-330,
768,
-408,
-5565,
5658,
1722,
-6414,
1436,
2509,
-5797,
-1253,
2691,
-3861,
-2240,
2655,
-1199,
-1437,
2176,
-451,
-1824,
751,
7,
-1081,
11,
83,
107,
234,
147,
1208,
514,
-1344,
135,
1245,
64,
1175,
1580,
-956,
-583,
1225,
178,
-21,
961,
-432,
-5819,
5681,
1889,
-6612,
1137,
2676,
-5666,
-1553,
2701,
-3652,
-2841,
1773,
-1334,
-1430,
1786,
-577,
-1541,
954,
120,
-979,
11,
64,
105,
206,
131,
1197,
678,
-844,
552,
1281,
44,
1139,
1346,
-1118,
-660,
910,
-105,
44,
1053,
-442,
-5874,
5774,
2138,
-6494,
1004,
2542,
-5637,
-1297,
3246,
-3073,
-2587,
1754,
-1254,
-914,
2494,
-467,
-2073,
632,
192,
-974,
-41,
85,
73,
57,
-251,
727,
680,
-381,
1020,
1705,
156,
638,
990,
-805,
-460,
604,
-397,
-82,
1005,
-472,
-6170,
5636,
2573,
-5822,
1301,
2801,
-5049,
-1150,
2492,
-3848,
-2721,
1833,
-1371,
-1079,
2479,
-336,
-1944,
622,
104,
-1034,
-99,
50,
77,
-33,
-410,
699,
687,
-535,
845,
1610,
-26,
380,
823,
-858,
-398,
732,
-357,
-48,
1201,
-502,
-6440,
5544,
2517,
-5896,
1436,
2933,
-5281,
-1445,
2589,
-3513,
-2560,
1677,
-1822,
-1751,
1926,
-365,
-1582,
930,
327,
-765,
62,
53,
100,
34,
-318,
896,
946,
-377,
823,
1547,
147,
743,
1058,
-677,
-46,
1025,
-343,
-144,
1121,
-520,
-6729,
5391,
2625,
-5782,
1280,
2733,
-5122,
-1060,
2854,
-3238,
-2059,
2252,
-1344,
-1453,
1984,
-272,
-1154,
1407,
508,
-698,
182,
97,
114,
211,
-53,
1073,
1128,
-111,
839,
1073,
-383,
609,
1151,
-560,
173,
1212,
-409,
-375,
887,
-521,
-6855,
5209,
2493,
-6094,
607,
2150,
-5283,
-1210,
2219,
-4179,
-2518,
2626,
-810,
-1240,
2130,
-354,
-1771,
811,
389,
-661,
176,
100,
120,
311,
60,
1015,
1066,
-70,
872,
1228,
-41,
974,
1424,
-680,
-386,
902,
-276,
-397,
731,
-476,
-6413,
5147,
1902,
-6733,
236,
2252,
-4829,
-1103,
1728,
-4540,
-2386,
2635,
-1330,
-1912,
1849,
-139,
-1521,
705,
162,
-730,
144,
70,
121,
228,
11,
1145,
1256,
254,
1287,
1096,
-848,
232,
1046,
-826,
-105,
1468,
-83,
-684,
395,
-381,
-5726,
4152,
839,
-6864,
-425,
1399,
-5055,
-1628,
1307,
-3985,
-2120,
2189,
-1320,
-1739,
1421,
-590,
-1534,
884,
379,
-510,
337,
157,
87,
123,
-349,
748,
1394,
403,
875,
1013,
-460,
-26,
408,
-919,
105,
1696,
57,
-1037,
-119,
