-757,
-9675,
6324,
3994,
-6056,
2309,
3273,
-6246,
-195,
4449,
-3868,
-2628,
1790,
-3836,
-3867,
628,
-2470,
-3341,
313,
-469,
-1366,
149,
98,
122,
-120,
-820,
605,
387,
-1290,
457,
499,
-2200,
-453,
1127,
-1459,
-960,
1001,
-458,
-466,
983,
-620,
-9017,
6749,
4631,
-5316,
2186,
2553,
-6865,
-1315,
2591,
-5429,
-3394,
1431,
-4087,
-4098,
632,
-2032,
-2970,
203,
-647,
-1336,
189,
101,
117,
-71,
-552,
894,
507,
-951,
1098,
912,
-2183,
-734,
498,
-2156,
-1435,
522,
-992,
-768,
867,
-622,
-8823,
6883,
4627,
-5322,
1995,
1667,
-8141,
-2041,
2372,
-5784,
-3542,
2095,
-3089,
-3490,
879,
-1885,
-2888,
236,
-606,
-1285,
193,
71,
143,
-34,
-551,
1094,
919,
-804,
896,
919,
-1704,
-63,
1020,
-1981,
-1537,
312,
-1366,
-1245,
614,
-607,
-8645,
6860,
4390,
-5345,
2036,
1173,
-8601,
-1643,
2972,
-5577,
-3335,
2071,
-3635,
-3710,
1290,
-1577,
-2776,
439,
-501,
-1292,
232,
82,
151,
-83,
-765,
1048,
1109,
-804,
962,
1440,
-1373,
-388,
509,
-2427,
-1949,
154,
-1358,
-1398,
377,
-580,
-8323,
6794,
4001,
-5624,
1938,
1098,
-8681,
-1557,
3540,
-4740,
-3164,
1541,
-3604,
-2873,
1779,
-1643,
-2637,
765,
-359,
-1249,
203,
0,
209,
-57,
-973,
832,
855,
-1257,
816,
1928,
-928,
-503,
234,
-2555,
-2217,
-372,
-1756,
-1369,
671,
-573,
-8290,
6690,
3966,
-5193,
2549,
1202,
-8825,
-1245,
3975,
-4822,
-3526,
1254,
-3834,
-2848,
2147,
-1441,
-2846,
611,
-215,
-1108,
210,
9,
182,
-152,
-990,
911,
1008,
-1016,
829,
1523,
-1161,
-138,
680,
-2469,
-2291,
-424,
-1796,
-1400,
608,
-566,
-8360,
6156,
3720,
-4987,
2524,
1057,
-9017,
-1865,
3362,
-5159,
-4024,
999,
-3520,
-2708,
2193,
-894,
-2473,
363,
-394,
-1071,
125,
-69,
214,
-70,
-899,
858,
916,
-1057,
425,
885,
-1285,
96,
657,
-2599,
-2337,
-553,
-1890,
-1408,
444,
-559,
-8306,
5406,
2781,
-5244,
2667,
1015,
-9393,
-2419,
2925,
-5384,
-3967,
1375,
-3619,
-3861,
1245,
-596,
-1976,
208,
-642,
-1168,
-19,
-127,
208,
-124,
-848,
888,
818,
-999,
625,
1130,
-797,
416,
208,
-3252,
-2480,
-501,
-1913,
-1280,
613,
-541,
-7854,
5371,
2199,
-5333,
3294,
1256,
-9523,
-2193,
2912,
-5633,
-3188,
2400,
-4215,
-5134,
1241,
323,
-1299,
441,
-676,
-1246,
21,
-87,
203,
-71,
-731,
1011,
710,
-1499,
123,
887,
-1018,
296,
370,
-3107,
-2332,
-54,
-1584,
-1445,
402,
-523,
-7625,
4934,
1487,
-5254,
3920,
1321,
-9918,
-2394,
2744,
-5544,
-2220,
3354,
-4434,
-5711,
1329,
600,
-1264,
474,
-648,
-1240,
130,
-25,
206,
43,
-680,
912,
694,
-1453,
100,
851,
-1147,
64,
281,
-3035,
-2226,
85,
-1559,
-1557,
469,
-521,
-7551,
4637,
1212,
-5135,
3826,
689,
-10279,
-2149,
3017,
-5250,
-1790,
3261,
-4877,
-5281,
2422,
946,
-1690,
272,
-514,
-1177,
131,
-6,
197,
75,
-660,
741,
560,
-1239,
319,
754,
-1131,
279,
16,
-3704,
-2408,
444,
-1311,
-1563,
425,
-509,
-7499,
4349,
844,
-5212,
3815,
492,
-10499,
-2409,
2521,
-5691,
-1775,
3492,
-4782,
-5221,
2420,
613,
-2105,
279,
-236,
-1090,
37,
-56,
215,
80,
-826,
385,
417,
-925,
639,
698,
-1284,
313,
124,
-3614,
-2342,
369,
-1520,
-1675,
503,
-492,
-7481,
3587,
-123,
-5889,
3287,
501,
-10036,
-2588,
1441,
-6999,
-2814,
3198,
-4357,
-4920,
2228,
246,
-2461,
116,
-166,
-1112,
-88,
-70,
184,
-34,
-906,
357,
558,
-644,
645,
313,
-1660,
285,
395,
-3517,
-2695,
43,
-1463,
-1546,
561,
-357,
-6442,
2776,
-810,
-4858,
4846,
2277,
-8703,
-2618,
1726,
-6146,
-3279,
3191,
-2074,
-3359,
1619,
-119,
-1882,
826,
623,
-695,
-208,
-122,
143,
-181,
-837,
568,
682,
-967,
-184,
19,
-1276,
256,
584,
-2178,
-1524,
470,
-680,
-666,
757,
-208,
-5777,
1509,
-1984,
-4595,
4758,
1673,
-9229,
-3654,
1046,
-5987,
-3860,
2336,
-1803,
-3414,
568,
-404,
-1366,
963,
703,
-329,
-7,
-121,
165,
-40,
-508,
965,
835,
-1390,
-928,
-272,
-1334,
-308,
144,
-1934,
-1399,
422,
-243,
-294,
537,
-155,
-5702,
410,
-2716,
-4734,
3520,
412,
-9082,
-3629,
736,
-5043,
-2546,
2672,
-1493,
-2759,
607,
-868,
-1650,
821,
572,
-353,
53,
-88,
160,
-1,
-478,
882,
806,
-1261,
-837,
-393,
-1836,
-1180,
-631,
-2517,
-2200,
-332,
-491,
-438,
236,
-154,
-5439,
356,
-2387,
-4057,
3675,
886,
-7213,
-1688,
1611,
-4176,
-1132,
3737,
-1060,
-2547,
636,
-1044,
-1834,
705,
467,
-478,
-28,
-85,
139,
-30,
-402,
890,
769,
-916,
-341,
-417,
-2081,
-1017,
-397,
-2641,
-2376,
-295,
-352,
-264,
452,
-146,
-5580,
2,
-3233,
-4994,
3153,
453,
-7646,
-1897,
922,
-5612,
-2099,
3485,
-1789,
-3660,
179,
-1140,
-2262,
344,
504,
-445,
-106,
-87,
117,
-20,
-252,
878,
720,
-459,
92,
-700,
-2277,
-725,
-656,
-3377,
-2506,
-214,
-737,
-488,
627,
-148,
-5423,
40,
-3348,
-5217,
2816,
189,
-7557,
-1669,
807,
-5932,
-2135,
3657,
-1663,
-3413,
487,
-1184,
-2524,
300,
568,
-490,
-137,
-75,
115,
-5,
-375,
545,
515,
-412,
125,
-698,
-2169,
-600,
-514,
-3072,
-2165,
-94,
-814,
-564,
593,
-146,
-5208,
243,
-3341,
-5313,
2865,
454,
-6969,
-733,
1647,
-5432,
-1574,
4348,
-1203,
-3016,
1033,
-923,
-2651,
275,
723,
-395,
-96,
-63,
126,
45,
-505,
220,
383,
-309,
249,
-505,
-2037,
-697,
-439,
-2629,
-1805,
36,
-708,
-563,
477,
-118,
-5287,
-56,
-4210,
-6262,
2204,
-435,
-7677,
-713,
1217,
-6679,
-2320,
4011,
-1870,
-3335,
1037,
-1567,
-3483,
26,
645,
-547,
-144,
-89,
168,
149,
-565,
145,
494,
-84,
652,
-97,
-2028,
-845,
-330,
-2460,
-1770,
-3,
-877,
-792,
361,
-99,
-5289,
-92,
-4547,
-6816,
1807,
-638,
-7721,
-543,
1309,
-6860,
-2404,
4250,
-1576,
-3234,
916,
-1796,
-3648,
-47,
608,
-530,
-105,
-85,
178,
197,
-546,
34,
313,
-37,
966,
79,
-2082,
-824,
-299,
-2611,
-1894,
-22,
-979,
-921,
306,
-121,
-5039,
389,
-3874,
-6460,
1854,
-89,
-6658,
447,
2288,
-5997,
-1972,
4768,
-711,
-2562,
1425,
-1203,
-3316,
18,
750,
-371,
-2,
-18,
142,
173,
-544,
-71,
253,
-104,
706,
62,
-1684,
-548,
-157,
-2348,
-1790,
-39,
-842,
-886,
199,
-137,
-5076,
426,
-3832,
-6685,
1426,
-294,
-6628,
511,
2590,
-5595,
-2172,
4068,
-1012,
-2204,
2012,
-778,
-3362,
-470,
342,
-409,
109,
35,
121,
190,
-318,
237,
279,
-390,
395,
-40,
-1390,
129,
439,
-2281,
-2043,
-116,
-735,
-901,
105,
-128,
-5064,
721,
-3804,
-6986,
1345,
-349,
-6751,
938,
3276,
-5589,
-2674,
3773,
-902,
-1717,
2660,
-361,
-3233,
-473,
264,
-446,
187,
100,
91,
184,
-181,
381,
164,
-745,
1,
-403,
-1507,
531,
1036,
-2070,
-2206,
-264,
-755,
-954,
-58,
-165,
-4900,
1216,
-3341,
-6826,
1529,
199,
-5796,
2013,
3898,
-5431,
-2263,
4559,
-420,
-1707,
2677,
-113,
-2872,
-131,
447,
-479,
83,
69,
87,
130,
-198,
464,
241,
-677,
204,
-120,
-1330,
591,
1130,
-1740,
-1611,
197,
-809,
-1335,
-385,
-207,
-5138,
1262,
-3306,
-7160,
865,
-710,
-6595,
1774,
4066,
-5227,
-2209,
4241,
-995,
-2101,
2537,
-41,
-2516,
188,
423,
-629,
-13,
26,
92,
-17,
-481,
433,
483,
-352,
630,
89,
-1628,
279,
1143,
-1738,
-1666,
282,
-778,
-1490,
-569,
-235,
-5381,
1527,
-2904,
-7082,
837,
-809,
-6840,
1801,
4387,
-5266,
-2719,
3736,
-1333,
-2242,
2774,
425,
-2248,
148,
250,
-810,
-120,
15,
83,
-35,
-478,
359,
391,
-192,
987,
359,
-1453,
372,
1005,
-1989,
-1791,
267,
-709,
-1352,
-536,
-274,
-5419,
2075,
-2186,
-6625,
1302,
-285,
-6439,
2161,
4700,
-5109,
-2702,
3675,
-1308,
-2147,
2631,
199,
-2107,
487,
468,
-649,
-32,
7,
92,
-82,
-528,
458,
430,
-211,
1179,
482,
-1524,
585,
1329,
-2029,
-1769,
583,
-632,
-1481,
-442,
-313,
-5844,
2187,
-1950,
-6898,
798,
-753,
-7090,
1363,
4049,
-5572,
-3074,
3456,
-1324,
-2231,
2251,
-145,
-2114,
531,
393,
-639,
14,
-28,
145,
102,
-344,
658,
697,
126,
1481,
497,
-1754,
396,
1096,
-2378,
-1854,
759,
-713,
-1774,
-434,
-343,
-5928,
2641,
-1620,
-7058,
753,
-636,
-7120,
1223,
3646,
-6061,
-3006,
3823,
-1276,
-2243,
2319,
-312,
-2304,
564,
403,
-657,
126,
55,
114,
72,
-308,
814,
961,
384,
1704,
683,
-1716,
168,
685,
-2632,
-1835,
742,
-784,
-1580,
-159,
-362,
-6050,
3104,
-1273,
-7409,
474,
-276,
-6674,
1244,
3682,
-5355,
-2062,
4165,
-1172,
-1820,
2561,
-382,
-2177,
652,
236,
-598,
355,
94,
137,
109,
-303,
1014,
1084,
223,
1894,
1224,
-1707,
-282,
447,
-2856,
-2362,
317,
-796,
-1458,
-201,
-388,
-6150,
3481,
-656,
-7120,
360,
-584,
-7146,
572,
3092,
-5481,
-2040,
3691,
-1942,
-2398,
2028,
-829,
-2169,
821,
195,
-594,
450,
87,
173,
158,
-416,
926,
1001,
-16,
1858,
1452,
-1680,
-198,
1066,
-2175,
-2027,
611,
-518,
-1386,
-130,
-416,
-6203,
3898,
-501,
-7400,
579,
-134,
-7491,
-34,
3237,
-5104,
-2526,
2411,
-2948,
-2514,
2328,
-746,
-2343,
549,
-59,
-699,
448,
76,
190,
187,
-498,
690,
678,
-330,
1494,
908,
-2239,
-567,
837,
-2184,
-1732,
900,
-381,
-1217,
-33,
-470,
-6439,
4221,
48,
-6978,
1040,
303,
-7025,
581,
3589,
-4960,
-2132,
2446,
-3628,
-2762,
2766,
-822,
-3023,
152,
-172,
-897,
285,
48,
187,
162,
-540,
585,
460,
-555,
1407,
879,
-2198,
-189,
1424,
-1840,
-1618,
1090,
-61,
-871,
171,
-517,
-6853,
4436,
472,
-6988,
1233,
1366,
-5705,
1447,
4200,
-4378,
-1860,
2423,
-3516,
-2578,
2616,
-1142,
-3161,
-7,
-563,
-1271,
103,
-4,
196,
40,
-879,
381,
578,
-475,
1279,
849,
-2079,
-195,
1412,
-1485,
-1058,
1369,
-67,
-827,
325,
-533,
-7047,
4384,
234,
-7314,
1241,
1316,
-5970,
1663,
4685,
-4502,
-2151,
2804,
-2973,
-2721,
1951,
-1635,
-3187,
130,
-584,
-1352,
103,
6,
199,
68,
-752,
744,
943,
-495,
1193,
1145,
-1764,
-201,
1454,
-1259,
-1006,
1243,
-94,
-828,
169,
-547,
-7297,
4133,
150,
-7341,
1143,
1494,
-5285,
2352,
4970,
-4342,
-1944,
2855,
-3067,
-2790,
1976,
-1486,
-3065,
59,
-631,
-1185,
276,
51,
187,
80,
-553,
1083,
1042,
-758,
728,
629,
-1944,
150,
1742,
-1473,
-1293,
1259,
76,
-654,
312,
-574,
-7580,
3837,
-192,
-7592,
1125,
1315,
-5987,
1393,
4056,
-5152,
-2505,
2521,
-3380,
-2894,
2284,
-1153,
-3000,
124,
-469,
-1164,
177,
9,
200,
112,
-566,
962,
1054,
-434,
1039,
867,
-1256,
1212,
2426,
-1274,
-1225,
1075,
-316,
-701,
615,
-611,
-7786,
3995,
431,
-7077,
995,
844,
-6263,
1164,
3741,
-5018,
-1777,
3225,
-2965,
-2613,
2419,
-971,
-2500,
596,
-416,
-1292,
151,
30,
183,
57,
-665,
740,
665,
-751,
1053,
1078,
-1121,
1134,
2153,
-1437,
-1103,
1130,
-472,
-689,
838,
-640,
-8265,
3771,
450,
-6996,
1124,
1006,
-5922,
1753,
4250,
-4602,
-1151,
3726,
-3051,
-3033,
1979,
-1359,
-2587,
847,
-141,
-1080,
335,
94,
172,
57,
-660,
817,
746,
-874,
838,
1003,
-1219,
692,
1373,
-2125,
-1224,
1463,
-209,
-582,
1036,
-635,
-8431,
3389,
296,
-6896,
1046,
733,
-6420,
1046,
4006,
-4302,
-1187,
3319,
-3209,
-3127,
1697,
-1458,
-2427,
925,
-238,
-1200,
296,
97,
175,
86,
-750,
525,
602,
-732,
921,
1002,
-1038,
993,
1662,
-1814,
-921,
1676,
-210,
-878,
689,
-653,
-8664,
3237,
-78,
-7571,
553,
480,
-6878,
334,
3277,
-4964,
-1661,
3044,
-3578,
-3633,
1314,
-1843,
-3052,
395,
-340,
-1181,
172,
17,
195,
80,
-684,
765,
920,
-400,
1191,
1064,
-1130,
984,
1902,
-1283,
-281,
2078,
-181,
-1069,
462,
-666,
-8720,
3615,
396,
-7317,
935,
1113,
-6345,
598,
3332,
-4922,
-1204,
4174,
-2028,
-2224,
2103,
-1630,
-2947,
542,
-339,
-1224,
265,
87,
184,
166,
-614,
644,
919,
-46,
1458,
868,
-1536,
549,
1349,
-1680,
-260,
2069,
-627,
-1594,
273,
-686,
-8639,
3914,
714,
-7077,
1264,
1259,
-6824,
-115,
3035,
-4944,
-1306,
4035,
-2295,
-2649,
2041,
-1173,
-2661,
376,
-475,
-1138,
351,
114,
164,
110,
-566,
774,
869,
-334,
1182,
800,
-1480,
589,
1471,
-1443,
-215,
1902,
-543,
-1241,
425,
-709,
-9007,
3626,
213,
-7987,
269,
462,
-7339,
-418,
2788,
-5180,
-1835,
2837,
-3533,
-3018,
2309,
-852,
-2365,
541,
-473,
-1095,
399,
108,
163,
76,
-368,
1321,
1040,
-762,
943,
771,
-1850,
255,
1487,
-1723,
-1001,
1312,
-515,
-910,
622,
-699,
-9183,
3232,
18,
-7829,
390,
490,
-7185,
-221,
3011,
-4721,
-1175,
3488,
-3031,
-2846,
2110,
-1064,
-2284,
677,
-629,
-1412,
221,
69,
177,
76,
-508,
1190,
1203,
-458,
1164,
1039,
-1602,
213,
1262,
-1909,
-1106,
1350,
-418,
-916,
657,
-711,
-9174,
3337,
115,
-7597,
1088,
1288,
-7039,
-612,
2654,
-5146,
-1797,
3197,
-2790,
-2569,
2171,
-1085,
-2335,
643,
-594,
-1381,
225,
76,
172,
65,
-590,
1036,
1299,
-24,
1560,
1432,
-949,
734,
1447,
-1464,
-368,
1726,
-336,
-679,
895,
-722,
-9105,
3615,
385,
-7554,
1070,
1330,
-7021,
-457,
3053,
-5003,
-2236,
2739,
-2820,
-2473,
2299,
-643,
-1772,
1013,
-262,
-1052,
341,
69,
175,
60,
-493,
1153,
1131,
-349,
1301,
999,
-1636,
109,
1001,
-1736,
-409,
1767,
-381,
-784,
716,
-712,
-9282,
3387,
190,
-7415,
1558,
1594,
-7083,
-248,
3467,
-4958,
-2210,
3445,
-1743,
-1794,
2414,
-744,
-1738,
1175,
-212,
-1116,
307,
54,
195,
117,
-536,
1074,
1173,
-314,
1261,
1024,
-1491,
439,
1488,
-1392,
-170,
2181,
-80,
-879,
593,
-722,
-9592,
3200,
119,
-7561,
1542,
2031,
-6465,
122,
3654,
-4761,
-1972,
3657,
-1786,
-2059,
2410,
-410,
-1510,
1246,
-67,
-990,
291,
10,
227,
202,
-505,
1047,
1229,
-217,
1313,
1242,
-1070,
727,
1591,
-1280,
-142,
2035,
-217,
-905,
594,
-730,
-9555,
3428,
611,
-7105,
1407,
1345,
-7120,
-465,
3145,
-4570,
-1467,
3367,
-2251,
-1685,
2807,
-534,
-1439,
1401,
-351,
-1306,
213,
-16,
235,
73,
-767,
1057,
1346,
-318,
1338,
1443,
-1103,
647,
1868,
-752,
286,
2060,
-466,
-895,
914,
-724,
-9439,
3550,
881,
-6544,
2037,
1705,
-7026,
-540,
2865,
-4841,
-1463,
3438,
-2189,
-1261,
3390,
-473,
-1788,
1187,
-429,
-1362,
244,
9,
247,
198,
-618,
1102,
1233,
-632,
1001,
1117,
-1630,
314,
2125,
-695,
-393,
1471,
-524,
-919,
797,
-741,
-9605,
3476,
600,
-6977,
2016,
1925,
-7147,
-682,
3119,
-4636,
-1505,
3484,
-2307,
-1869,
2737,
-918,
-2256,
908,
-269,
-1132,
295,
8,
259,
374,
-267,
1212,
1112,
-431,
1495,
1493,
-1303,
718,
2485,
-319,
89,
1996,
18,
-498,
961,
-751,
-9462,
3804,
825,
-6938,
2286,
2529,
-6624,
-346,
3632,
-3789,
-609,
4086,
-2033,
-1690,
3015,
-567,
-2018,
848,
-561,
-1351,
275,
44,
225,
197,
-558,
1018,
940,
-1033,
594,
1042,
-1212,
783,
2452,
-188,
220,
1910,
-99,
-461,
1066,
-761,
-9432,
4075,
1142,
-6644,
2666,
2660,
-7017,
-969,
2864,
-4945,
-1926,
3077,
-2646,
-2015,
2896,
-553,
-1867,
1076,
-466,
-1439,
175,
18,
229,
182,
-616,
1016,
1227,
-408,
1223,
1366,
-1079,
904,
2474,
-226,
369,
2203,
114,
-285,
1271,
-761,
-9311,
4190,
1348,
-6532,
2556,
2760,
-6490,
-323,
3405,
-4679,
-1986,
2965,
-2878,
-2657,
2244,
-742,
-1778,
1265,
-177,
-1218,
282,
64,
216,
258,
-468,
1009,
1270,
-26,
1691,
1703,
-878,
701,
1758,
-1028,
-148,
1978,
46,
-365,
1082,
-772,
-9371,
4145,
1240,
-6626,
2723,
3153,
-6193,
-185,
3681,
-4169,
-1607,
3030,
-2771,
-2342,
2362,
-1048,
-2197,
1076,
-118,
-1114,
304,
69,
194,
159,
-446,
1233,
1406,
-92,
1609,
1646,
-937,
688,
1767,
-1040,
-194,
1890,
33,
-248,
1156,
-789,
-9611,
4094,
1108,
-6844,
2692,
3030,
-6377,
180,
4395,
-3808,
-1538,
3155,
-2518,
-1974,
2633,
-1049,
-2231,
1179,
-25,
-1098,
287,
56,
199,
162,
-402,
1251,
1155,
-436,
1577,
1681,
-1168,
538,
1846,
-1108,
-337,
2091,
465,
-14,
1131,
-807,
-9733,
4241,
1110,
-6993,
2937,
3172,
-6997,
-445,
4127,
-4551,
-2492,
2862,
-2821,
-2891,
1947,
-1178,
-2343,
1078,
-27,
-1217,
169,
58,
181,
133,
-438,
1252,
1310,
-494,
1111,
1509,
-819,
705,
1675,
-1287,
-585,
1817,
436,
139,
1280,
-801,
-9603,
4358,
1318,
-6636,
3333,
3542,
-6662,
-101,
4557,
-4201,
-2392,
3010,
-2431,
-2601,
2114,
-736,
-1820,
1187,
-153,
-1184,
292,
107,
160,
88,
-413,
1293,
1150,
-785,
971,
1508,
-814,
791,
1865,
-1147,
-604,
1592,
26,
-231,
1158,
-812,
-9643,
4561,
1573,
-6608,
3324,
3834,
-6243,
-97,
4102,
-4591,
-2587,
2816,
-2427,
-2467,
1796,
-1374,
-2167,
992,
-452,
-1324,
323,
106,
170,
52,
-481,
1482,
1465,
-614,
1321,
2041,
-819,
243,
1630,
-874,
-361,
1653,
72,
-314,
901,
-825,
-9629,
4849,
1868,
-6619,
3125,
3784,
-5891,
451,
4513,
-3962,
-1486,
3574,
-2502,
-2687,
1812,
-1448,
-2337,
937,
-452,
-1340,
309,
98,
169,
-21,
-717,
1078,
969,
-985,
1180,
1989,
-721,
525,
1671,
-1108,
-346,
1702,
-391,
-832,
865,
-828,
-9884,
4625,
1885,
-6575,
2917,
3621,
-5735,
603,
4432,
-4073,
-1628,
3038,
-3485,
-3490,
1814,
-841,
-1775,
1182,
-471,
-1526,
138,
47,
190,
55,
-651,
1065,
1025,
-780,
1414,
2286,
-374,
620,
1473,
-1244,
-300,
1779,
-307,
-712,
967,
-843,
-10006,
4566,
1668,
-6990,
2632,
3424,
-6158,
121,
4117,
-4534,
-2381,
2530,
-3314,
-2933,
2214,
-788,
-1890,
1159,
-270,
-1204,
353,
98,
173,
2,
-636,
1232,
1005,
-1253,
857,
1851,
-879,
431,
2034,
-597,
-237,
1604,
-410,
-883,
834,
-849,
-10206,
4341,
1279,
-7468,
2487,
3632,
-6200,
-538,
3249,
-5037,
-2561,
2297,
-3552,
-2962,
2159,
-1051,
-2004,
1370,
-85,
-1217,
319,
102,
172,
30,
-552,
1452,
1412,
-966,
626,
1219,
-1458,
133,
1996,
-491,
-184,
1554,
-391,
-754,
915,
-855,
-10391,
4037,
633,
-8337,
1894,
3356,
-6415,
-468,
3694,
-4803,
-2683,
2380,
-3390,
-3398,
1322,
-1628,
-2342,
1033,
-318,
-1325,
242,
81,
164,
-41,
-669,
1242,
1202,
-825,
1162,
1855,
-816,
689,
2148,
-699,
-256,
1839,
2,
-517,
988,
-858,
-10451,
4004,
700,
-8018,
2375,
3692,
-6028,
326,
4432,
-4560,
-2313,
3283,
-2603,
-3052,
1688,
-1098,
-1901,
1310,
-208,
-1330,
290,
143,
134,
-30,
-612,
1121,
942,
-966,
1221,
1925,
-1093,
-73,
1297,
-1301,
-798,
1283,
-237,
-399,
1115,
-871,
-10529,
4239,
938,
-8011,
2510,
3963,
-6084,
-31,
4046,
-5226,
-3464,
2167,
-3122,
-3125,
1632,
-1177,
-1810,
1599,
157,
-1068,
317,
75,
181,
-13,
-789,
1048,
1203,
-782,
875,
1327,
-1356,
21,
1386,
-1171,
-381,
1763,
-35,
-368,
1158,
-878,
-10522,
4353,
1094,
-8100,
2220,
3787,
-6386,
-626,
4023,
-4113,
-2147,
2625,
-3459,
-3565,
1600,
-884,
-1650,
1516,
27,
-1222,
169,
44,
168,
-56,
-709,
1190,
1278,
-570,
1381,
1858,
-1136,
-76,
1273,
-1015,
-40,
1934,
-175,
-653,
868,
-900,
-10646,
4552,
1208,
-8579,
1298,
2781,
-6949,
-130,
5232,
-3179,
-1490,
3494,
-2798,
-3540,
1501,
-766,
-1628,
1339,
-146,
-1304,
202,
106,
136,
-21,
-514,
1166,
801,
-1099,
1233,
2005,
-1009,
37,
1605,
-628,
-57,
1541,
-506,
-768,
903,
-894,
-10746,
4388,
934,
-8680,
1454,
2679,
-7188,
456,
6617,
-2213,
-1543,
3008,
-2916,
-3138,
1824,
-1001,
-2034,
1343,
163,
-1084,
283,
149,
98,
-147,
-625,
1145,
950,
-847,
1197,
1618,
-1095,
507,
1993,
-670,
-197,
1559,
-294,
-450,
1057,
-897,
-10723,
4341,
898,
-8542,
1682,
2723,
-7598,
-701,
4928,
-3478,
-2063,
2520,
-3409,
-3092,
1890,
-1551,
-2604,
1207,
38,
-1319,
170,
123,
117,
-115,
-705,
991,
707,
-1218,
1033,
1724,
-1235,
101,
1707,
-987,
-585,
1556,
-5,
-386,
939,
-891,
-10879,
4210,
783,
-8558,
1793,
2502,
-8318,
-1058,
5378,
-3089,
-2196,
2341,
-3680,
-3785,
1081,
-2249,
-3205,
956,
92,
-1369,
15,
54,
159,
28,
-672,
873,
782,
-1206,
426,
1009,
-1352,
255,
1763,
-818,
-236,
1897,
191,
-332,
1052,
-898,
-10916,
4410,
1238,
-8263,
1599,
2195,
-8111,
-368,
5940,
-3048,
-2481,
2159,
-3699,
-3918,
896,
-2119,
-2852,
1194,
304,
-1040,
242,
80,
179,
123,
-570,
943,
827,
-1148,
579,
1335,
-988,
254,
1336,
-1131,
-164,
2042,
241,
-330,
909,
-897,
-10808,
4615,
1301,
-8369,
1597,
2410,
-7829,
-322,
5745,
-2871,
-1741,
2747,
-3514,
-3719,
1127,
-1867,
-2311,
1736,
418,
-1135,
194,
57,
191,
85,
-676,
942,
866,
-1180,
521,
1069,
-1387,
340,
1888,
-815,
-228,
1823,
-105,
-584,
925,
-909,
-10978,
4242,
895,
-8717,
1373,
2509,
-7602,
-453,
5200,
-3557,
-2242,
2694,
-3282,
-3424,
1660,
-1214,
-2063,
1554,
146,
-1365,
81,
59,
176,
94,
-531,
1173,
1003,
-1357,
200,
1100,
-1118,
400,
1966,
-481,
-35,
1684,
-351,
-821,
796,
-926,
-11010,
4437,
1106,
-8673,
1284,
2314,
-7604,
-92,
5433,
-3564,
-1984,
2953,
-3624,
-3960,
1369,
-1712,
-2902,
945,
-56,
-1441,
60,
90,
152,
110,
-417,
1098,
726,
-1366,
457,
1081,
-1478,
17,
1618,
-728,
-30,
1831,
-243,
-852,
555,
-919,
-10822,
4613,
1606,
-8067,
1413,
2328,
-7383,
-385,
4584,
-3972,
-1796,
3220,
-3305,
-3688,
1396,
-1581,
-2626,
809,
-507,
-1613,
145,
131,
145,
121,
-345,
1146,
536,
-1656,
367,
1037,
-1651,
-67,
1625,
-915,
-379,
1551,
-378,
-815,
728,
-939,
-11242,
4370,
1451,
-8287,
1195,
2041,
-7652,
-304,
4894,
-3728,
-1452,
3736,
-2851,
-3240,
1857,
-1467,
-2833,
784,
-247,
-1388,
208,
138,
126,
-54,
-667,
1020,
794,
-1364,
354,
847,
-1732,
28,
1709,
-991,
-409,
1785,
-97,
-736,
701,
-949,
-11240,
4572,
1453,
-8594,
1194,
2344,
-7832,
-892,
4699,
-3663,
-1822,
3033,
-3476,
-3819,
1442,
-1376,
-2462,
874,
-440,
-1469,
292,
173,
143,
105,
-513,
987,
761,
-1263,
372,
766,
-1673,
164,
1779,
-791,
2,
2134,
57,
-621,
900,
-946,
-11286,
4474,
1433,
-8651,
966,
2291,
-7509,
-559,
4852,
-3466,
-1485,
3373,
-3274,
-3737,
1577,
-1159,
-2288,
1056,
-167,
-1254,
344,
161,
154,
125,
-525,
953,
765,
-1194,
505,
927,
-1537,
402,
2221,
-507,
-195,
1785,
-88,
-735,
651,
-949,
-11436,
4303,
1307,
-8686,
1140,
2719,
-6961,
74,
5537,
-2923,
-872,
4388,
-2391,
-3619,
1238,
-1519,
-2495,
1358,
511,
-907,
297,
129,
144,
79,
-536,
886,
608,
-1448,
146,
848,
-1113,
696,
1857,
-1203,
-828,
1264,
-433,
-844,
659,
-962,
-11481,
4338,
1371,
-8503,
1812,
3669,
-6842,
-1042,
4311,
-3435,
-1149,
4170,
-1974,
-2750,
1751,
-1378,
-2305,
1461,
316,
-1153,
220,
145,
117,
-37,
-644,
867,
481,
-1804,
-155,
676,
-1520,
133,
1694,
-974,
-670,
1363,
-147,
-503,
875,
-951,
-11350,
4349,
1327,
-8522,
1593,
3229,
-7058,
-1044,
3845,
-4538,
-2330,
3262,
-2629,
-3252,
1165,
-2126,
-2932,
1116,
136,
-1222,
247,
173,
104,
-52,
-617,
924,
512,
-1763,
-84,
621,
-1729,
-74,
1472,
-1128,
-402,
1912,
88,
-580,
930,
-962,
-11326,
4530,
1468,
-8380,
2017,
3776,
-6576,
-402,
4542,
-4230,
-2412,
2957,
-3197,
-3852,
875,
-2289,
-3251,
819,
53,
-1237,
175,
122,
131,
10,
-552,
1049,
795,
-1367,
240,
845,
-1500,
116,
1594,
-982,
-342,
1766,
38,
-349,
1092,
-984,
-11388,
4880,
2171,
-7638,
2491,
3782,
-6685,
-149,
4953,
-3901,
-1873,
3750,
-2465,
-3148,
1722,
-1461,
-2688,
1070,
58,
-1388,
5,
58,
149,
22,
-570,
953,
677,
-1296,
456,
981,
-1449,
5,
1220,
-1303,
-485,
1457,
-360,
-501,
1052,
-980,
-11803,
4385,
1779,
-8297,
1402,
2913,
-7162,
-595,
4874,
-3501,
-1768,
3548,
-2283,
-2849,
1546,
-1880,
-3048,
694,
-227,
-1406,
85,
50,
193,
212,
-362,
1314,
1410,
-577,
718,
1072,
-1162,
375,
1504,
-1115,
-273,
1843,
3,
-442,
964,
-993,
-11745,
4492,
1530,
-8529,
1887,
3542,
-7014,
-412,
5114,
-3828,
-2329,
3278,
-2611,
-3290,
1530,
-1469,
-2582,
1135,
94,
-1382,
-30,
36,
154,
13,
-539,
1149,
956,
-1184,
348,
779,
-1561,
298,
1852,
-935,
-423,
1869,
465,
219,
1482,
-996,
-11530,
4820,
1856,
-8182,
2234,
3747,
-6834,
-285,
4750,
-4559,
-2884,
2749,
-3222,
-3310,
2229,
-857,
-2398,
1225,
231,
-1313,
-35,
31,
148,
-36,
-648,
893,
627,
-1069,
1071,
1344,
-1630,
108,
1921,
-758,
-197,
2001,
191,
-346,
1021,
-988,
-11558,
4561,
1532,
-8318,
2374,
3995,
-7001,
-1024,
4099,
-4566,
-2175,
4079,
-1926,
-2856,
2044,
-1051,
-2620,
822,
-127,
-1394,
100,
108,
152,
178,
-342,
1033,
835,
-867,
837,
1078,
-1478,
58,
1416,
-1007,
-97,
1925,
-67,
-585,
785,
-977,
-11348,
4708,
1492,
-8495,
2275,
4178,
-6561,
-525,
4580,
-4048,
-1791,
3986,
-2310,
-2844,
2494,
-923,
-2991,
653,
160,
-1131,
126,
102,
128,
21,
-497,
1125,
1119,
-700,
772,
930,
-1605,
9,
1461,
-1118,
-501,
1607,
-64,
-612,
577,
-960,
-11410,
4583,
1205,
-8741,
2086,
3833,
-6599,
57,
5097,
-4053,
-2368,
2836,
-2993,
-2164,
3397,
-877,
-3178,
701,
230,
-1022,
219,
97,
134,
-65,
-627,
1111,
907,
-1060,
778,
1114,
-1412,
580,
2016,
-1092,
-421,
2036,
206,
-501,
792,
-960,
-11214,
4659,
1609,
-8055,
2769,
5048,
-5134,
357,
4295,
-4565,
-2101,
3497,
-2587,
-2592,
2681,
-812,
-2506,
1078,
118,
-1269,
73,
56,
158,
12,
-665,
913,
935,
-654,
1245,
1503,
-1228,
323,
1686,
-1051,
-444,
1526,
-422,
-860,
661,
-935,
-11158,
4404,
1278,
-8199,
2792,
5231,
-5060,
154,
4544,
-3485,
-1206,
3551,
-2887,
-3144,
1729,
-1513,
-2614,
960,
-213,
-1423,
106,
65,
172,
117,
-437,
1085,
733,
-1008,
1351,
1998,
-924,
403,
1909,
-607,
78,
1997,
-124,
-774,
617,
-927,
-11041,
4538,
1573,
-7858,
2815,
4877,
-5650,
-515,
4120,
-3569,
-1243,
3592,
-2431,
-2431,
2185,
-1511,
-2925,
549,
-541,
-1598,
37,
46,
182,
162,
-340,
1230,
855,
-1013,
1166,
1710,
-1101,
465,
1976,
-767,
31,
2407,
387,
-488,
930,
-944,
-10784,
5047,
1989,
-7776,
2618,
4550,
-5555,
360,
5030,
-3196,
-809,
4257,
-2233,
-2671,
2078,
-1516,
-2880,
990,
220,
-1006,
283,
95,
164,
61,
-553,
1081,
936,
-869,
1223,
1737,
-1197,
192,
1807,
-797,
-272,
1823,
14,
-544,
859,
-925,
-10905,
4818,
2022,
-7554,
2824,
5084,
-5030,
12,
4406,
-3052,
-404,
4303,
-2096,
-2319,
2153,
-1795,
-3254,
686,
72,
-1063,
210,
48,
187,
111,
-508,
1150,
1087,
-627,
1510,
2054,
-921,
284,
1694,
-1036,
-527,
1673,
-109,
-807,
604,
