-562,
-8016,
2933,
2083,
-4576,
1267,
3143,
-3116,
-905,
1351,
-2877,
-644,
2658,
-1455,
-2121,
564,
-1538,
-2359,
8,
-314,
-1012,
-164,
-55,
144,
219,
-97,
578,
351,
-316,
979,
776,
-806,
752,
1749,
-167,
187,
1472,
226,
-93,
739,
-558,
-7854,
3131,
2274,
-4355,
1582,
3585,
-2519,
-244,
1753,
-2932,
-787,
2992,
-679,
-1452,
898,
-1299,
-2122,
123,
-234,
-813,
33,
2,
130,
205,
21,
1085,
1113,
155,
1095,
984,
-574,
496,
1095,
-707,
-206,
1031,
-144,
-320,
494,
-549,
-7865,
3075,
2205,
-4386,
1539,
3534,
-2434,
-35,
2010,
-2556,
-391,
3297,
-199,
-868,
1140,
-1068,
-1411,
722,
-278,
-1061,
-91,
-64,
177,
273,
-56,
884,
662,
-533,
558,
611,
-958,
440,
1438,
-477,
-124,
1244,
18,
-286,
651,
-554,
-7979,
2873,
2188,
-4132,
1667,
3264,
-2801,
-120,
2056,
-2626,
-342,
3455,
-554,
-1635,
824,
-989,
-1553,
568,
-160,
-978,
-114,
-50,
156,
261,
-53,
717,
479,
-534,
497,
440,
-985,
475,
1374,
-499,
-51,
1296,
64,
-202,
683,
-561,
-8152,
2588,
1909,
-4249,
1603,
2864,
-3562,
-653,
1935,
-2951,
-1002,
3054,
-642,
-1766,
771,
-901,
-1620,
388,
-222,
-971,
-81,
3,
110,
140,
-133,
692,
504,
-559,
402,
567,
-696,
387,
969,
-733,
-305,
679,
-569,
-450,
775,
-549,
-7931,
2903,
2156,
-4220,
1444,
2987,
-2813,
-111,
1568,
-3173,
-409,
3400,
-833,
-1742,
759,
-1259,
-1747,
524,
-206,
-960,
-66,
-47,
146,
118,
-225,
853,
767,
-302,
1034,
1336,
-335,
568,
1224,
-548,
-93,
1015,
-217,
-90,
1039,
-560,
-7930,
3032,
2193,
-4357,
1464,
3197,
-2764,
-30,
2215,
-2326,
-248,
3007,
-909,
-1410,
939,
-1263,
-1577,
828,
-5,
-825,
78,
17,
130,
135,
-225,
776,
787,
-136,
1008,
951,
-758,
371,
1188,
-483,
111,
1312,
-10,
-166,
748,
-555,
-7699,
3230,
2436,
-4150,
1391,
2830,
-3295,
-481,
2042,
-2574,
-893,
2344,
-1332,
-1721,
846,
-1261,
-1868,
560,
168,
-599,
71,
-3,
117,
59,
-320,
602,
561,
-362,
700,
767,
-666,
285,
754,
-844,
-224,
725,
-482,
-191,
895,
-555,
-7702,
3338,
2473,
-4441,
1044,
2856,
-3139,
-569,
1846,
-2807,
-1119,
2555,
-772,
-1536,
726,
-1083,
-1637,
373,
-152,
-721,
33,
-35,
136,
86,
-316,
622,
657,
-210,
687,
426,
-1057,
213,
846,
-910,
-282,
910,
-312,
-288,
717,
-554,
-7726,
3441,
2705,
-4069,
1435,
3020,
-3032,
-217,
2224,
-2640,
-1011,
2700,
-618,
-1441,
597,
-1310,
-1639,
438,
-323,
-968,
-67,
-39,
130,
102,
-127,
897,
668,
-244,
1123,
955,
-928,
427,
1422,
-503,
-165,
1013,
-328,
-399,
827,
-566,
-7989,
3217,
2636,
-3692,
2153,
3478,
-2817,
-11,
2107,
-2767,
-530,
3065,
-942,
-1513,
1110,
-1037,
-1684,
538,
-149,
-851,
18,
-26,
142,
119,
-186,
951,
909,
-157,
979,
963,
-573,
860,
1554,
-685,
-347,
976,
-294,
-343,
820,
-567,
-8044,
3206,
2676,
-3695,
2106,
3387,
-3259,
-977,
1118,
-3233,
-589,
3085,
-926,
-1560,
906,
-1343,
-1937,
426,
-171,
-875,
-2,
-19,
131,
80,
-270,
775,
724,
-291,
729,
544,
-973,
519,
1231,
-860,
-388,
861,
-497,
-565,
523,
-560,
-7810,
3317,
2639,
-3845,
1845,
3090,
-3380,
-508,
2079,
-2880,
-1315,
2346,
-1058,
-1696,
512,
-1659,
-2094,
361,
-234,
-1026,
-99,
-8,
113,
70,
-317,
563,
597,
-183,
846,
621,
-1027,
176,
1069,
-506,
-107,
759,
-619,
-710,
215,
-566,
-7560,
3518,
2273,
-4476,
1559,
2831,
-3720,
-505,
1997,
-3454,
-1707,
2371,
-1207,
-2097,
213,
-1749,
-2053,
395,
-200,
-902,
-13,
-10,
109,
-47,
-422,
780,
824,
-321,
658,
721,
-629,
704,
1283,
-605,
152,
1360,
-353,
-679,
498,
-392,
-6331,
4346,
2093,
-5960,
-849,
938,
-4363,
-607,
2091,
-2846,
-860,
2888,
-1046,
-1950,
570,
-1335,
-1798,
647,
184,
-529,
278,
141,
28,
-227,
-630,
523,
883,
394,
1792,
1821,
24,
687,
795,
-1443,
-1055,
397,
-394,
-166,
872,
-188,
-4918,
3782,
-515,
-8526,
-2381,
14,
-4939,
-749,
2103,
-3374,
-2067,
1955,
-1021,
-1695,
189,
-2136,
-2441,
429,
420,
-186,
348,
90,
42,
-327,
-735,
734,
1056,
-59,
1064,
1736,
759,
1496,
1141,
-1109,
-177,
1354,
-81,
-292,
802,
-131,
-4422,
3132,
-1436,
-8335,
-1875,
-324,
-5461,
-469,
2855,
-3010,
-2219,
1912,
-587,
-1189,
369,
-2144,
-2494,
319,
406,
-39,
450,
88,
55,
-328,
-779,
751,
1032,
-392,
482,
1185,
257,
1030,
965,
-996,
-165,
1224,
-55,
-165,
788,
-201,
-4801,
3492,
-314,
-7392,
-1382,
454,
-4318,
347,
3480,
-1904,
-978,
2443,
-564,
-824,
1115,
-1651,
-2320,
575,
683,
24,
446,
109,
55,
-198,
-571,
745,
909,
-462,
233,
660,
-336,
503,
700,
-831,
156,
1379,
-8,
-137,
774,
-93,
-3895,
2585,
-2082,
-8068,
-1516,
-298,
-5372,
-298,
3309,
-2342,
-2245,
1338,
-586,
-786,
516,
-1979,
-2260,
316,
405,
46,
366,
-3,
83,
-333,
-749,
694,
542,
-1094,
-75,
672,
-139,
1046,
1327,
-457,
483,
1758,
202,
-119,
696,
-56,
-3791,
1756,
-2795,
-8118,
-1829,
-915,
-6064,
-1258,
2772,
-2483,
-3237,
160,
-577,
-673,
-300,
-2743,
-2558,
-90,
-39,
-179,
262,
-35,
95,
-246,
-549,
859,
705,
-839,
21,
561,
-237,
871,
1036,
-736,
65,
1301,
150,
108,
805,
-30,
-3621,
1564,
-2185,
-6839,
-1200,
-119,
-4327,
117,
3720,
-944,
-1822,
872,
161,
30,
31,
-2370,
-2230,
-33,
194,
195,
358,
-50,
73,
-402,
-662,
790,
468,
-1248,
-728,
-549,
-1059,
621,
864,
-878,
368,
1857,
441,
120,
767,
-11,
-3586,
1117,
-2361,
-6926,
-1926,
-541,
-4189,
-442,
2964,
-775,
-1604,
556,
-29,
-65,
-104,
-2221,
-2145,
-302,
47,
283,
407,
-41,
62,
-407,
-588,
836,
489,
-1079,
-371,
-122,
-915,
244,
386,
-1188,
-124,
1259,
167,
50,
728,
-8,
-3469,
1492,
-2258,
-6896,
-1384,
-34,
-3940,
173,
3527,
-819,
-1516,
973,
-11,
-324,
-148,
-2231,
-2269,
-415,
-34,
252,
420,
-42,
71,
-358,
-462,
1028,
609,
-933,
-45,
74,
-1041,
141,
460,
-1068,
-27,
1162,
-110,
-13,
928,
-2,
-3736,
1122,
-2473,
-7060,
-1707,
-236,
-4009,
-251,
2853,
-1239,
-1792,
556,
-415,
-557,
-343,
-2574,
-2753,
-808,
-212,
155,
339,
-68,
83,
-284,
-335,
1092,
652,
-834,
-15,
41,
-996,
100,
200,
-1199,
247,
1592,
198,
212,
1141,
-8,
-3796,
1124,
-2369,
-6874,
-1551,
-180,
-3843,
141,
3080,
-1404,
-1879,
861,
-103,
-505,
-294,
-2361,
-2523,
-686,
-225,
43,
252,
-72,
64,
-377,
-454,
998,
610,
-861,
-149,
-247,
-1337,
-238,
-233,
-1819,
-403,
1280,
355,
487,
1193,
-11,
-3629,
1345,
-2077,
-6652,
-1416,
116,
-3456,
411,
3410,
-922,
-1423,
1304,
399,
61,
387,
-1759,
-2225,
-510,
-36,
125,
265,
-55,
52,
-410,
-546,
906,
662,
-853,
-282,
-232,
-1318,
-493,
-387,
-1805,
-757,
683,
28,
407,
1266,
-15,
-3994,
735,
-2816,
-7203,
-1848,
-568,
-4130,
99,
3030,
-1548,
-1801,
1151,
48,
-378,
119,
-1971,
-2613,
-1105,
-555,
-87,
194,
-111,
87,
-386,
-620,
826,
528,
-1066,
-439,
-381,
-1597,
-923,
-990,
-2449,
-1221,
308,
-385,
141,
1309,
-21,
-3876,
695,
-2214,
-6200,
-1457,
-388,
-3756,
204,
3092,
-1413,
-2010,
1121,
470,
-252,
204,
-1336,
-2098,
-972,
-276,
179,
215,
-111,
70,
-382,
-526,
838,
694,
-430,
308,
173,
-1105,
-440,
-573,
-2329,
-1531,
19,
-430,
-35,
1058,
-36,
-3986,
603,
-2364,
-6422,
-1781,
-875,
-4199,
-157,
2580,
-1690,
-1565,
1763,
744,
-141,
197,
-1597,
-2322,
-1009,
-339,
84,
179,
-126,
86,
-332,
-478,
839,
518,
-754,
63,
-12,
-1346,
-531,
-390,
-2170,
-1655,
-227,
-514,
-42,
845,
-74,
-4020,
1277,
-2089,
-6944,
-2185,
-1432,
-5148,
-622,
2229,
-2694,
-2354,
1564,
397,
-430,
278,
-1701,
-2570,
-966,
-217,
124,
244,
-104,
96,
-302,
-526,
836,
540,
-946,
-98,
169,
-1021,
-121,
255,
-1476,
-1090,
245,
-293,
-224,
467,
-99,
-3974,
2185,
-1408,
-6510,
-1147,
-842,
-5082,
464,
3399,
-2608,
-1771,
2888,
935,
-165,
1084,
-1176,
-2451,
-729,
-75,
163,
396,
-33,
90,
-295,
-607,
820,
705,
-695,
299,
660,
-522,
499,
779,
-1144,
-469,
970,
-131,
-297,
584,
-127,
-4465,
2248,
-1005,
-6463,
-1366,
-804,
-4833,
402,
3012,
-2608,
-1197,
3278,
851,
-229,
1085,
-1377,
-2661,
-850,
-294,
2,
453,
20,
90,
-200,
-506,
851,
756,
-609,
495,
1124,
51,
815,
816,
-1114,
-385,
939,
-269,
-357,
630,
-164,
-4516,
1823,
-469,
-5406,
-1714,
-1644,
-4666,
357,
2011,
-3550,
-1789,
2803,
478,
-653,
1011,
-806,
-2335,
-1080,
-323,
125,
318,
-78,
93,
-334,
-681,
621,
461,
-603,
694,
871,
-460,
1053,
1837,
-504,
-581,
853,
31,
-282,
532,
-207,
-5286,
1774,
-797,
-6091,
-1606,
-1563,
-5228,
259,
2057,
-4026,
-1766,
3213,
336,
-561,
1470,
-1281,
-3432,
-1762,
-832,
-317,
229,
-69,
128,
-149,
-537,
813,
890,
-141,
1177,
1463,
-2,
1344,
2205,
-65,
-221,
1051,
147,
-39,
820,
-413,
-6316,
2978,
1058,
-5314,
-191,
853,
-3962,
165,
2337,
-2683,
-190,
4041,
615,
-211,
1548,
-1297,
-2401,
-245,
-397,
-574,
300,
47,
130,
126,
-273,
485,
-75,
-1419,
74,
920,
-231,
730,
1131,
-811,
-415,
660,
-601,
-576,
500,
-468,
-6966,
2485,
890,
-5374,
-117,
1267,
-3556,
37,
2039,
-2534,
-26,
3538,
-163,
-562,
1561,
-1263,
-2354,
-97,
-250,
-582,
211,
34,
109,
72,
-118,
904,
506,
-679,
633,
943,
-274,
1066,
1439,
-736,
-230,
935,
-424,
-358,
788,
-485,
-7190,
2391,
1158,
-4818,
531,
1859,
-3250,
48,
1971,
-2857,
-748,
2944,
-364,
-780,
1320,
-1156,
-2061,
19,
-315,
-713,
96,
-1,
116,
105,
1,
1090,
688,
-507,
777,
919,
-568,
733,
1370,
-664,
-224,
1005,
-263,
-280,
852,
-510,
-7381,
2620,
1557,
-4622,
608,
1800,
-3319,
498,
2721,
-2594,
-736,
3261,
-183,
-1051,
1037,
-1336,
-2270,
-100,
-444,
-970,
-65,
-20,
117,
53,
-318,
655,
620,
-413,
700,
942,
-616,
236,
981,
-687,
-582,
355,
-538,
-342,
623,
-505,
-7565,
2503,
1822,
-4045,
1225,
2458,
-2885,
223,
2143,
-2596,
-302,
3340,
-558,
-1377,
1003,
-1177,
-1961,
310,
-192,
-1005,
-165,
-42,
126,
137,
-130,
917,
945,
-314,
318,
531,
-635,
251,
811,
-704,
-366,
625,
-263,
-200,
575,
-509,
-7359,
2871,
2222,
-3645,
1770,
2881,
-3288,
-957,
1234,
-2900,
-885,
2264,
-1207,
-1351,
1086,
-1163,
-1814,
451,
-112,
-853,
0,
25,
96,
90,
-134,
761,
568,
-466,
465,
477,
-776,
406,
906,
-822,
-198,
1054,
72,
138,
875,
-501,
-7234,
3104,
2449,
-3678,
1347,
2329,
-3572,
-1022,
905,
-3884,
-2523,
445,
-2559,
-2107,
631,
-1336,
-1712,
489,
-187,
-797,
103,
41,
94,
34,
-182,
859,
570,
-643,
500,
665,
-850,
272,
1043,
-619,
-137,
943,
-240,
-141,
861,
-519,
-7571,
2798,
2094,
-3930,
1592,
2904,
-3096,
-618,
1321,
-3437,
-1670,
1820,
-1311,
-1370,
1231,
-734,
-1432,
458,
-211,
-780,
62,
8,
103,
26,
-192,
885,
692,
-333,
814,
673,
-910,
524,
1219,
-958,
-511,
1014,
-60,
-135,
910,
-526,
-7755,
2731,
2042,
-4117,
1645,
3614,
-2058,
258,
2084,
-2703,
-1063,
2387,
-831,
-1346,
755,
-1301,
-1759,
403,
-189,
-839,
-14,
-18,
126,
143,
-118,
762,
635,
-89,
1232,
1133,
-764,
-35,
577,
-855,
-218,
737,
-467,
-259,
765,
-522,
-7598,
2922,
2216,
-3946,
1758,
3536,
-2410,
-493,
1016,
-3610,
-1687,
1715,
-1297,
-1097,
1326,
-1057,
-1789,
401,
-33,
-524,
265,
66,
106,
144,
-12,
977,
816,
20,
1289,
1043,
-847,
134,
771,
-815,
-52,
1036,
-370,
-363,
654,
-517,
-7530,
2972,
2089,
-4361,
870,
2172,
-3572,
-1001,
592,
-4199,
-1799,
2164,
-876,
-932,
1269,
-1085,
-1235,
1403,
623,
-341,
331,
76,
123,
151,
-207,
868,
1075,
116,
878,
527,
-1219,
-52,
804,
-939,
-482,
834,
-227,
-322,
593,
-512,
-7458,
2930,
2313,
-3758,
1445,
2587,
-3224,
-695,
990,
-3697,
-1340,
2515,
-905,
-1470,
816,
-1131,
-1364,
1038,
273,
-765,
-119,
-87,
160,
162,
-197,
835,
916,
-117,
681,
544,
-989,
140,
1033,
-456,
-102,
796,
-295,
-120,
819,
-514,
-7466,
2866,
2118,
-4032,
1346,
2802,
-2950,
-564,
1239,
-3173,
-919,
2636,
-683,
-975,
1087,
-1476,
-2098,
340,
-138,
-831,
-1,
-20,
136,
133,
-249,
729,
861,
-26,
832,
679,
-715,
617,
1365,
-469,
-28,
1295,
269,
111,
837,
-452,
-6524,
3246,
1939,
-4636,
-93,
932,
-4213,
-1159,
568,
-4325,
-2181,
2024,
-626,
-1003,
1006,
-924,
-1236,
734,
-6,
-561,
159,
-48,
174,
148,
-353,
715,
826,
-328,
631,
890,
-524,
541,
1321,
-508,
-220,
1230,
349,
-55,
473,
-416,
-6087,
3189,
1704,
-4647,
-245,
691,
-3912,
-467,
962,
-4105,
-1509,
3011,
62,
-525,
1653,
-472,
-1325,
610,
167,
-421,
165,
-31,
155,
158,
-272,
664,
758,
-105,
929,
985,
-379,
903,
1588,
-547,
-333,
1266,
366,
-217,
406,
-427,
-6209,
2874,
1258,
-4960,
-82,
1270,
-3498,
-292,
1615,
-2855,
-554,
2932,
-862,
-1359,
1474,
-659,
-1989,
283,
474,
-318,
-39,
-58,
92,
-75,
-346,
681,
736,
-99,
652,
305,
-935,
677,
1441,
-696,
-661,
624,
-125,
-191,
618,
-465,
-6668,
2821,
1349,
-4952,
201,
1810,
-2961,
251,
2023,
-2733,
-607,
2793,
-971,
-1453,
1122,
-1007,
-1853,
433,
167,
-554,
70,
14,
91,
13,
-218,
836,
891,
103,
1046,
660,
-847,
798,
1630,
-795,
-850,
668,
-127,
-414,
436,
-478,
-6909,
2814,
1229,
-5342,
-253,
1277,
-3191,
575,
2021,
-3322,
-757,
3062,
-1267,
-2299,
193,
-1898,
-2424,
248,
23,
-677,
73,
17,
114,
127,
-116,
806,
540,
-506,
721,
728,
-998,
222,
1159,
-710,
-388,
943,
-147,
-240,
856,
-465,
-6958,
2720,
1292,
-5531,
-1041,
631,
-3380,
153,
1488,
-3261,
-298,
3532,
-644,
-1482,
1027,
-1300,
-2324,
53,
-55,
-693,
-12,
-20,
114,
72,
-281,
400,
6,
-815,
685,
760,
-1013,
98,
961,
-820,
-334,
1033,
-307,
-773,
289,
-475,
-6950,
2859,
1645,
-5136,
-882,
313,
-4410,
-1336,
294,
-4143,
-1596,
2003,
-1482,
-1613,
1109,
-962,
-1852,
149,
-223,
-632,
196,
48,
105,
68,
-265,
611,
413,
-621,
483,
654,
-584,
756,
1363,
-698,
-359,
915,
-387,
-797,
188,
-497,
-7094,
2893,
1676,
-4963,
-141,
1181,
-4096,
-1251,
579,
-3955,
-1621,
2082,
-1278,
-1487,
1040,
-1309,
-2315,
-118,
-355,
-837,
24,
14,
105,
84,
-155,
893,
914,
-109,
762,
897,
-171,
1110,
1565,
-450,
-162,
936,
-229,
-359,
570,
-501,
-6996,
2992,
1485,
-5202,
156,
1841,
-3462,
-294,
2021,
-2714,
-919,
2765,
-447,
-1123,
774,
-1457,
-1906,
427,
-68,
-770,
-2,
-4,
101,
37,
-151,
907,
766,
-101,
1184,
1159,
-334,
1145,
1913,
-305,
-160,
1116,
3,
-184,
739,
-496,
-6893,
3340,
2187,
-4749,
12,
1777,
-3288,
-535,
1311,
-3661,
-2121,
1541,
-1632,
-2339,
154,
-1197,
-1598,
333,
-199,
-775,
37,
24,
96,
104,
-45,
987,
973,
-16,
847,
996,
-84,
979,
1278,
-578,
-54,
1191,
69,
-195,
534,
-521,
-7234,
3178,
1931,
-4829,
664,
2605,
-2695,
393,
2447,
-3126,
-2242,
1250,
-1643,
-1936,
507,
-1192,
-1609,
397,
-255,
-864,
8,
18,
86,
10,
-83,
1174,
1105,
-16,
1024,
1161,
-238,
674,
820,
-1188,
-374,
1176,
-46,
-295,
648,
-514,
-7296,
3102,
1905,
-4949,
285,
2283,
-2741,
156,
2082,
-2649,
-1034,
1992,
-1391,
-1509,
761,
-1357,
-1624,
533,
-376,
-1023,
12,
20,
102,
-4,
-303,
967,
1178,
130,
919,
736,
-699,
678,
1379,
-588,
-108,
1249,
16,
-321,
521,
-513,
-7219,
3219,
2153,
-4699,
344,
2092,
-3404,
-1014,
876,
-3583,
-1595,
1948,
-1336,
-1817,
637,
-919,
-1271,
562,
-213,
-727,
165,
48,
100,
28,
-351,
607,
773,
184,
1348,
1163,
-465,
623,
1205,
-594,
-31,
1283,
81,
-338,
315,
-520,
-7206,
3221,
2227,
-4358,
822,
2244,
-3498,
-858,
1089,
-3667,
-1494,
2394,
-1289,
-2160,
680,
-608,
-1187,
674,
96,
-554,
154,
33,
107,
82,
-228,
780,
952,
206,
1218,
1136,
-412,
619,
1267,
-580,
-340,
886,
-27,
-178,
579,
-536,
-7427,
3096,
1810,
-5077,
383,
2301,
-2948,
90,
1938,
-3118,
-1064,
2573,
-1312,
-2104,
484,
-1280,
-1823,
264,
-304,
-832,
76,
20,
107,
15,
-344,
703,
751,
-54,
1214,
1141,
-667,
505,
1453,
-360,
-39,
1276,
182,
-147,
571,
-521,
-7325,
3184,
2297,
-4348,
756,
2469,
-2785,
-28,
1755,
-3097,
-1260,
2153,
-1326,
-1730,
640,
-1490,
-1965,
526,
91,
-728,
-9,
-10,
116,
92,
-215,
752,
789,
-47,
1020,
1023,
-506,
445,
1055,
-469,
208,
1353,
131,
55,
872,
-524,
-7207,
3358,
2442,
-4047,
1199,
2422,
-3472,
-649,
1501,
-3224,
-1239,
2264,
-1468,
-1990,
726,
-1133,
-1732,
629,
255,
-567,
18,
-38,
139,
173,
-113,
729,
624,
-63,
1170,
999,
-547,
736,
1279,
-688,
-23,
1364,
19,
-273,
611,
-528,
-7186,
3194,
1804,
-5039,
358,
1891,
-3769,
-463,
2057,
-3093,
-1629,
2107,
-1392,
-2269,
303,
-1205,
-1710,
301,
-306,
-956,
-47,
13,
95,
66,
-116,
964,
923,
-36,
1183,
1471,
-76,
609,
1005,
-668,
-26,
1219,
-101,
-439,
454,
-520,
-7035,
3371,
2040,
-4828,
276,
1632,
-3735,
-231,
2056,
-3182,
-1646,
1911,
-1562,
-2058,
468,
-1413,
-1853,
422,
-232,
-1014,
-87,
19,
83,
33,
-104,
991,
895,
-57,
1084,
1102,
-485,
486,
1083,
-524,
102,
1184,
-127,
-272,
531,
-539,
-7547,
3228,
2558,
-3834,
1406,
2542,
-3342,
-401,
1662,
-3344,
-1587,
1850,
-1561,
-1528,
1229,
-1049,
-1708,
837,
302,
-739,
-65,
-14,
110,
91,
-166,
784,
741,
-46,
1139,
1057,
-648,
301,
1005,
-491,
96,
1112,
-78,
-46,
716,
-544,
-7758,
3103,
2454,
-3841,
1729,
3005,
-3057,
-94,
2340,
-2399,
-698,
2571,
-1119,
-1662,
691,
-1285,
-1599,
685,
-14,
-715,
119,
18,
127,
132,
-229,
670,
664,
-151,
912,
897,
-355,
875,
1248,
-569,
36,
966,
-241,
79,
875,
-544,
-7857,
2851,
2114,
-4230,
1409,
2960,
-2971,
-224,
1768,
-3547,
-1969,
2056,
-977,
-1620,
766,
-763,
-1044,
817,
-166,
-893,
41,
32,
93,
-32,
-472,
437,
354,
-758,
139,
295,
-792,
662,
1451,
-371,
-142,
865,
-115,
15,
754,
-546,
-7584,
3093,
2132,
-4496,
884,
2256,
-3546,
-390,
1748,
-3839,
-2497,
1406,
-1612,
-1682,
1344,
-474,
-1299,
826,
200,
-769,
-47,
6,
99,
63,
-236,
762,
867,
-175,
431,
309,
-857,
567,
1465,
-228,
-90,
864,
-24,
81,
766,
-539,
-7757,
2999,
2394,
-4015,
1250,
2544,
-3480,
-936,
1167,
-3325,
-1049,
2574,
-1468,
-2556,
70,
-1237,
-1457,
628,
-130,
-905,
-62,
-21,
122,
117,
-141,
891,
883,
-141,
776,
836,
-461,
670,
1195,
-645,
-286,
716,
-506,
-549,
404,
-541,
-7915,
2959,
2597,
-3483,
2098,
3453,
-2816,
-649,
1105,
-3655,
-1563,
2104,
-1513,
-2124,
606,
-822,
-1150,
766,
-137,
-908,
-52,
-20,
107,
-35,
-405,
715,
808,
-143,
947,
1124,
-187,
901,
1230,
-836,
-327,
983,
-221,
-339,
625,
-543,
-7784,
3155,
2692,
-3361,
2432,
3681,
-2879,
-706,
935,
-4358,
-2581,
1201,
-2327,
-2891,
-49,
-1464,
-1732,
548,
120,
-391,
379,
112,
84,
20,
-230,
1040,
1209,
47,
868,
870,
-760,
146,
821,
-920,
-558,
619,
-436,
-387,
721,
-547,
-7681,
3284,
2461,
-3876,
2010,
3479,
-2471,
304,
1523,
-4380,
-2317,
1662,
-2211,
-2835,
-29,
-1777,
-2007,
482,
-160,
-842,
110,
37,
119,
109,
-144,
1079,
1057,
-195,
918,
1129,
-673,
131,
910,
-740,
-331,
745,
-516,
-501,
620,
-540,
-7820,
3041,
2489,
-3739,
1814,
3231,
-2673,
-205,
1230,
-3881,
-1723,
1905,
-1689,
-1922,
666,
-1450,
-1829,
528,
-305,
-1116,
-122,
-40,
145,
149,
-216,
814,
817,
-228,
889,
1026,
-645,
252,
1003,
-527,
113,
1331,
62,
-135,
747,
-536,
-7589,
3255,
2647,
-3873,
1196,
2249,
-3848,
-983,
1527,
-3201,
-1774,
1605,
-1479,
-1703,
599,
-1246,
-1176,
1320,
364,
-759,
-48,
-47,
156,
198,
-211,
677,
690,
-257,
799,
860,
-858,
-35,
858,
-513,
-75,
1113,
321,
371,
978,
-551,
-7671,
3435,
2721,
-3923,
1395,
2546,
-3626,
-1025,
815,
-3874,
-1431,
1938,
-2294,
-2709,
268,
-1410,
-1468,
1054,
125,
-885,
-23,
-24,
158,
256,
-68,
840,
690,
-357,
817,
959,
-575,
548,
1212,
-637,
-116,
1184,
24,
-82,
748,
-553,
-7715,
3201,
2296,
-4389,
1296,
3077,
-2911,
-523,
1235,
-3734,
-1695,
2028,
-1554,
-2068,
473,
-1543,
-2082,
266,
-234,
-892,
14,
18,
112,
117,
-182,
673,
512,
-367,
830,
874,
-587,
594,
1243,
-457,
150,
1197,
-243,
-334,
709,
-557,
-7783,
3094,
2062,
-4702,
892,
2404,
-3716,
-1167,
784,
-3922,
-1639,
1974,
-1675,
-1862,
821,
-1331,
-1783,
604,
-207,
-1078,
-124,
-38,
146,
210,
-73,
811,
593,
-309,
1007,
898,
-872,
575,
1706,
-140,
135,
1282,
-16,
-197,
752,
-541,
-7776,
3070,
2476,
-4034,
995,
1837,
-4510,
-1736,
802,
-3757,
-1943,
1707,
-1549,
-2003,
422,
-1421,
-1886,
243,
-324,
-915,
-73,
-63,
150,
140,
-199,
818,
891,
129,
1294,
1087,
-798,
243,
1277,
-183,
-48,
473,
-807,
-457,
737,
-535,
-7916,
2999,
2627,
-3435,
2079,
3102,
-3334,
-744,
1611,
-2968,
-1099,
2467,
-1007,
-1982,
-263,
-2157,
-2038,
273,
-468,
-924,
64,
-24,
148,
96,
-292,
827,
765,
-390,
851,
1119,
-625,
219,
1081,
-445,
-192,
624,
-443,
-156,
775,
-549,
-7823,
3367,
2678,
-4137,
1418,
3300,
-2698,
-366,
1726,
-2975,
-1192,
2531,
-623,
-1389,
452,
-1394,
-1377,
779,
-180,
-953,
-103,
-82,
158,
136,
-180,
815,
537,
-517,
939,
1156,
-627,
401,
1336,
-279,
45,
979,
-243,
-208,
677,
-546,
-7818,
3224,
2513,
-4141,
1136,
2300,
-3918,
-1459,
472,
-3946,
-1490,
1942,
-1749,
-1850,
700,
-1394,
-1435,
1081,
53,
-948,
-71,
-49,
150,
135,
-141,
1060,
899,
-399,
890,
1293,
-252,
888,
1676,
-304,
-62,
1063,
-257,
-418,
636,
-555,
-8143,
2800,
2196,
-4314,
1003,
2444,
-3023,
2,
1500,
-3794,
-1398,
2506,
-1364,
-1952,
678,
-1297,
-1633,
791,
-46,
-1018,
-155,
-69,
159,
188,
-172,
823,
795,
-306,
575,
447,
-1088,
177,
875,
-1084,
-620,
782,
-327,
-504,
421,
-554,
-8193,
2619,
1968,
-4323,
1461,
3246,
-2386,
293,
1865,
-3192,
-907,
2786,
-1119,
-1801,
682,
-1294,
-1625,
730,
-88,
-970,
-83,
-38,
148,
183,
-216,
591,
421,
-596,
428,
382,
-1152,
-8,
695,
-959,
-286,
1063,
-3,
-134,
560,
-564,
-8026,
2983,
2339,
-3950,
1877,
3169,
-3315,
-865,
1127,
-3550,
-1112,
2539,
-1417,
-1722,
1214,
-944,
-1639,
796,
68,
-996,
-168,
-41,
130,
118,
-262,
635,
591,
-310,
845,
843,
-779,
423,
1169,
-950,
-741,
849,
196,
97,
729,
-567,
-8079,
2914,
2220,
-4233,
1401,
2697,
-3483,
-610,
1478,
-3585,
-1385,
2655,
-914,
-1485,
942,
-1410,
-1979,
790,
397,
-623,
27,
13,
108,
95,
-187,
777,
765,
-54,
1063,
840,
-877,
425,
1224,
-812,
-428,
1034,
-14,
-94,
944,
-567,
-8144,
2799,
2116,
-4190,
1682,
3085,
-3265,
-668,
1295,
-3716,
-1308,
3035,
-511,
-1449,
819,
-1278,
-1872,
413,
-179,
-890,
31,
31,
108,
98,
-236,
703,
723,
-202,
741,
669,
-788,
306,
848,
-853,
-162,
988,
-425,
-558,
504,
-558,
-7871,
3138,
2532,
-3831,
1825,
3180,
-3045,
-298,
1947,
-2933,
-987,
2759,
-931,
-1757,
752,
-930,
-1390,
612,
-162,
-868,
4,
2,
111,
86,
-118,
923,
723,
-302,
879,
814,
-808,
598,
1652,
-62,
233,
1150,
-243,
-316,
729,
-563,
-7728,
3489,
2760,
-4095,
1166,
2462,
-3546,
-486,
1935,
-2888,
-866,
2848,
-961,
-1721,
894,
-927,
-1560,
446,
-255,
-865,
73,
30,
109,
84,
-137,
1047,
1040,
-101,
877,
829,
-844,
411,
1494,
-216,
-28,
1029,
-125,
-252,
661,
-576,
-8150,
3033,
2414,
-3916,
1778,
2683,
-3665,
-365,
1900,
-3212,
-797,
3068,
-1121,
-1765,
1006,
-1314,
-2117,
352,
-184,
-975,
-91,
-61,
173,
256,
-98,
856,
703,
-427,
780,
960,
-632,
634,
1467,
-700,
-576,
791,
-255,
-433,
523,
-569,
-8125,
2997,
2324,
-3996,
1931,
3331,
-2736,
302,
2142,
-3327,
-1339,
2350,
-1541,
-1937,
878,
-1248,
-1984,
168,
-552,
-1187,
-151,
-65,
157,
177,
-138,
816,
433,
-917,
152,
212,
-1269,
193,
1082,
-753,
-163,
1007,
-518,
-605,
633,
-570,
-7865,
3158,
2216,
-4372,
1623,
3413,
-2478,
561,
2608,
-2814,
-1048,
2658,
-1228,
-1947,
852,
-927,
-1619,
404,
-276,
-944,
-44,
-21,
118,
15,
-344,
726,
601,
-633,
290,
252,
-1199,
224,
1002,
-973,
-412,
1036,
-234,
-430,
685,
-386,
-5685,
3578,
813,
-6207,
-153,
2285,
-2832,
-5,
2010,
-2543,
-576,
2985,
-36,
-586,
492,
-2413,
-2260,
722,
13,
-921,
-82,
-46,
133,
50,
-261,
961,
816,
-723,
148,
519,
-681,
627,
1389,
-554,
-191,
1146,
-96,
-510,
379,
-237,
-4961,
1554,
802,
-3536,
130,
1917,
-1832,
-1253,
423,
-776,
400,
1178,
-787,
-208,
408,
-1886,
-1684,
246,
-329,
-709,
50,
6,
105,
167,
-113,
375,
253,
-318,
521,
519,
-608,
137,
869,
119,
537,
939,
-261,
-419,
287,
21,
-4150,
-1636,
-1607,
-2843,
-286,
1390,
-652,
-1951,
-1521,
-719,
21,
-711,
-1345,
-138,
-365,
-2015,
-1189,
332,
-92,
-364,
15,
-44,
99,
207,
61,
428,
649,
632,
1002,
598,
-186,
367,
867,
392,
425,
408,
-335,
-395,
10,
-4,
-3888,
-777,
-1338,
-3041,
472,
2410,
-413,
-1634,
-880,
-310,
615,
71,
-979,
198,
203,
-1773,
-1188,
469,
-21,
-412,
19,
-26,
82,
64,
-214,
295,
685,
601,
857,
271,
-650,
152,
901,
315,
328,
510,
-144,
-224,
89,
-299,
-5162,
3175,
268,
-5174,
2633,
4970,
-2481,
-1766,
802,
-2030,
170,
2760,
-923,
-1047,
1342,
-1139,
-2263,
-193,
-359,
-769,
-13,
-36,
107,
-81,
-415,
955,
1287,
180,
856,
676,
-1077,
-151,
962,
-232,
163,
1146,
49,
-180,
513,
