-395,
-6462,
3783,
3469,
-2169,
2101,
1713,
-4353,
-1304,
284,
-4933,
-3086,
246,
-3076,
-2573,
642,
-1354,
-1980,
367,
-196,
-979,
-118,
-34,
121,
83,
-193,
884,
864,
-278,
507,
432,
-872,
618,
1623,
-95,
145,
1205,
143,
54,
816,
-398,
-6415,
3821,
3433,
-2268,
2141,
2190,
-3373,
-189,
985,
-4839,
-3202,
408,
-2828,
-2804,
169,
-1254,
-1369,
725,
-210,
-984,
-64,
-17,
114,
37,
-274,
756,
679,
-323,
696,
592,
-894,
444,
1312,
-228,
422,
1376,
-165,
-212,
923,
-389,
-6341,
3782,
3207,
-2525,
2096,
2246,
-3550,
-443,
1058,
-4607,
-3193,
178,
-3201,
-3081,
239,
-1250,
-1898,
151,
-319,
-952,
-164,
-76,
125,
13,
-309,
739,
649,
-365,
744,
811,
-659,
577,
1502,
16,
486,
1281,
-260,
-350,
707,
-388,
-6239,
3983,
3315,
-2698,
1817,
1998,
-3946,
-710,
1551,
-3671,
-2755,
46,
-3298,
-2863,
632,
-1010,
-1960,
61,
-271,
-959,
-236,
-85,
111,
-6,
-193,
1008,
946,
-275,
513,
491,
-887,
418,
1500,
47,
161,
807,
-312,
-98,
831,
-393,
-6286,
3879,
3341,
-2538,
1770,
1972,
-3283,
74,
1314,
-4420,
-2914,
271,
-3097,
-2576,
853,
-798,
-1441,
457,
-429,
-1217,
-283,
-97,
139,
75,
-238,
753,
602,
-407,
694,
682,
-789,
449,
1145,
-590,
-50,
1086,
-53,
56,
992,
-410,
-6423,
3798,
3496,
-2411,
1696,
1926,
-3559,
-600,
1029,
-4027,
-2468,
715,
-2569,
-2540,
331,
-1233,
-1540,
539,
-315,
-1158,
-229,
-54,
124,
134,
-96,
862,
702,
-409,
621,
966,
-210,
769,
1175,
-671,
-216,
1134,
189,
-9,
745,
-420,
-6555,
3474,
3123,
-2501,
1874,
2048,
-3439,
-232,
1481,
-3706,
-2223,
796,
-2680,
-2475,
631,
-1142,
-1709,
471,
-259,
-1173,
-298,
-84,
138,
157,
-81,
978,
1020,
-145,
470,
456,
-781,
346,
1152,
-244,
93,
842,
-290,
-133,
773,
-420,
-6623,
3365,
3005,
-2669,
1702,
2027,
-3477,
-573,
1032,
-3924,
-2132,
1283,
-2052,
-2510,
-194,
-1922,
-2122,
92,
-521,
-1137,
-205,
-71,
133,
124,
-97,
899,
793,
-28,
1169,
920,
-934,
284,
1284,
-457,
-202,
899,
-201,
-178,
868,
-439,
-6633,
3171,
2405,
-3341,
1342,
1793,
-3480,
-18,
1707,
-3567,
-1899,
1304,
-2325,
-2449,
405,
-1529,
-2392,
-521,
-1010,
-1300,
-170,
-40,
121,
104,
-54,
981,
640,
-525,
660,
751,
-673,
754,
1507,
-588,
-267,
1128,
147,
152,
1121,
-454,
-6730,
2983,
2099,
-3658,
1202,
1821,
-3528,
-209,
1724,
-3121,
-1456,
1344,
-2318,
-2090,
827,
-1308,
-2218,
-372,
-1010,
-1360,
-178,
-31,
114,
67,
-126,
905,
541,
-637,
651,
807,
-716,
768,
1879,
-43,
16,
1138,
63,
-94,
750,
-464,
-6830,
3003,
2050,
-4116,
524,
1577,
-3052,
598,
2342,
-2817,
-1272,
1466,
-2412,
-2377,
526,
-1580,
-2366,
-219,
-696,
-1202,
-206,
-74,
133,
33,
-355,
675,
570,
-599,
425,
548,
-979,
214,
1290,
-174,
173,
1138,
-123,
-298,
571,
-476,
-6867,
2965,
1898,
-4323,
369,
1436,
-2954,
1079,
2557,
-3324,
-1807,
1535,
-2086,
-2169,
751,
-1279,
-2129,
-42,
-501,
-1037,
-133,
-66,
143,
121,
-203,
754,
638,
-295,
837,
720,
-941,
232,
967,
-766,
-92,
1283,
39,
-210,
666,
-465,
-7166,
2529,
2009,
-3709,
666,
1426,
-2960,
791,
2249,
-2979,
-1085,
2100,
-1690,
-2132,
394,
-1375,
-1720,
351,
-355,
-976,
-128,
-94,
163,
161,
-169,
757,
518,
-528,
596,
546,
-986,
350,
1196,
-504,
135,
1459,
268,
127,
962,
-473,
-7366,
2317,
1824,
-3715,
943,
1610,
-3223,
524,
2524,
-2425,
-775,
2020,
-2066,
-2450,
422,
-1381,
-2137,
-97,
-549,
-1168,
-321,
-118,
129,
13,
-301,
629,
402,
-532,
617,
497,
-1069,
166,
939,
-613,
122,
1344,
225,
340,
1201,
-300,
-6366,
919,
-127,
-3265,
2159,
901,
-4831,
127,
2782,
-3449,
-3127,
379,
-1658,
-757,
1963,
-607,
-1831,
222,
-187,
-912,
-130,
-25,
93,
-22,
-266,
878,
761,
-712,
154,
903,
-201,
226,
547,
-874,
-458,
710,
78,
34,
457,
-109,
-4871,
-97,
-573,
-2020,
1577,
-546,
-4949,
-980,
779,
-3586,
-2659,
-316,
-2317,
-945,
1921,
-167,
-1406,
219,
-66,
-685,
-83,
-16,
81,
-14,
-308,
710,
926,
-452,
-211,
644,
116,
138,
232,
-713,
-632,
54,
-136,
29,
260,
-136,
-4451,
850,
357,
-1542,
1952,
-221,
-5360,
-2516,
-1250,
-4845,
-2496,
451,
-2192,
-1589,
1223,
-495,
-1425,
320,
-10,
-766,
-250,
-107,
120,
44,
-261,
833,
1174,
-98,
-12,
431,
12,
849,
1294,
-142,
-389,
364,
108,
217,
527,
-95,
-4029,
1069,
121,
-1811,
2281,
-11,
-6326,
-3198,
-168,
-4132,
-3324,
832,
-240,
-952,
933,
230,
-962,
-402,
-384,
-517,
-233,
-161,
100,
-108,
-318,
682,
872,
108,
476,
340,
-351,
869,
1521,
20,
-297,
433,
329,
550,
674,
-75,
-3779,
955,
-67,
-1931,
1994,
-219,
-6299,
-3064,
329,
-3383,
-2811,
1441,
540,
-904,
413,
146,
-948,
-870,
-732,
-436,
-160,
-167,
90,
-174,
-300,
674,
582,
-76,
726,
453,
-746,
517,
1573,
138,
-289,
497,
377,
451,
623,
-74,
-3677,
725,
-493,
-2470,
1175,
-663,
-5640,
-2375,
-77,
-3740,
-2162,
1975,
354,
-1120,
159,
-425,
-1412,
-1106,
-970,
-549,
-120,
-149,
92,
-152,
-214,
747,
467,
17,
1355,
915,
-752,
654,
1638,
-228,
-268,
1011,
380,
118,
730,
-72,
-3541,
693,
-724,
-3006,
632,
-500,
-4994,
-1985,
186,
-3501,
-2254,
2027,
935,
-787,
-152,
-773,
-1493,
-1075,
-894,
-474,
-69,
-120,
80,
-142,
-223,
608,
339,
14,
1476,
1289,
-395,
448,
1168,
-294,
-58,
1148,
436,
32,
535,
-82,
-3531,
738,
-1186,
-3770,
351,
-422,
-4860,
-1631,
483,
-3528,
-2373,
1694,
368,
-1163,
-614,
-1549,
-1764,
-756,
-880,
-684,
-28,
-74,
101,
-34,
-281,
611,
619,
19,
1288,
1562,
-93,
365,
1408,
274,
2,
933,
572,
176,
429,
-69,
-3389,
746,
-1579,
-3946,
772,
-189,
-4801,
-1011,
1107,
-3422,
-2167,
1971,
269,
-1242,
-532,
-1632,
-1792,
-546,
-664,
-515,
85,
-60,
104,
-64,
-311,
675,
556,
-197,
1172,
1343,
-478,
270,
1472,
61,
-215,
940,
559,
139,
438,
-60,
-3295,
673,
-1675,
-3834,
1000,
-23,
-4621,
-627,
1644,
-3043,
-2109,
1834,
71,
-1383,
-415,
-1303,
-1574,
-494,
-555,
-334,
189,
-41,
100,
-66,
-257,
775,
534,
-426,
883,
1120,
-687,
16,
1197,
-138,
-212,
1035,
486,
-24,
405,
-59,
-3351,
596,
-1779,
-4031,
705,
-154,
-4419,
-465,
1522,
-3178,
-2366,
1150,
-549,
-1510,
-442,
-1389,
-1549,
-552,
-688,
-287,
256,
-67,
123,
-48,
-146,
1058,
561,
-637,
1016,
1392,
-776,
-115,
1332,
68,
-24,
1190,
595,
149,
537,
-52,
-3374,
440,
-1909,
-4113,
502,
-344,
-4487,
-692,
1125,
-3391,
-2457,
903,
-807,
-1645,
-682,
-1759,
-1767,
-586,
-728,
-353,
230,
-78,
142,
40,
-84,
1057,
650,
-470,
1037,
1325,
-659,
132,
1493,
196,
162,
1350,
710,
247,
561,
-56,
-3338,
506,
-1664,
-3934,
567,
27,
-4164,
-836,
1363,
-2524,
-2057,
824,
-564,
-1384,
-683,
-1538,
-1445,
-549,
-714,
-226,
281,
-71,
126,
-10,
-70,
1027,
490,
-583,
914,
1062,
-827,
111,
1325,
-99,
-16,
1272,
625,
178,
527,
-51,
-3363,
422,
-1724,
-3906,
507,
-127,
-4084,
-586,
1402,
-2649,
-2285,
429,
-633,
-996,
-696,
-1994,
-1440,
-242,
-769,
-375,
300,
-78,
155,
17,
-159,
1115,
660,
-773,
750,
1317,
-695,
-42,
1394,
38,
-211,
1082,
740,
309,
523,
-42,
-3370,
379,
-1530,
-3827,
310,
103,
-3668,
-683,
1445,
-2357,
-2675,
53,
19,
-350,
-742,
-1924,
-1191,
-282,
-814,
-255,
335,
-102,
164,
1,
-190,
1112,
599,
-1054,
429,
1380,
-517,
-284,
1132,
138,
-272,
787,
721,
405,
420,
-44,
-3423,
340,
-1770,
-3976,
546,
256,
-3797,
-876,
1070,
-2694,
-2688,
-215,
-560,
-414,
-500,
-2084,
-1439,
-321,
-923,
-396,
309,
-108,
180,
71,
-78,
1215,
575,
-1041,
616,
1397,
-591,
14,
1382,
-72,
-287,
1168,
855,
312,
508,
-47,
-3465,
328,
-1690,
-3910,
544,
244,
-3911,
-988,
1229,
-2575,
-2904,
-279,
-319,
-400,
-671,
-2047,
-1386,
-457,
-1057,
-449,
291,
-103,
175,
81,
-57,
1237,
716,
-918,
433,
1204,
-403,
247,
1345,
-131,
-256,
1147,
832,
356,
534,
-53,
-3423,
502,
-1422,
-3723,
686,
493,
-3561,
-405,
2034,
-2175,
-3066,
-263,
2,
-234,
-427,
-1509,
-1001,
-335,
-945,
-384,
296,
-78,
147,
9,
-141,
1115,
644,
-1041,
90,
934,
-461,
50,
1074,
-192,
-410,
733,
568,
355,
515,
-61,
-3529,
519,
-1550,
-4142,
258,
172,
-3889,
-726,
1738,
-2573,
-3631,
-811,
-347,
-554,
-868,
-1811,
-1117,
-594,
-1298,
-549,
255,
-101,
159,
46,
-5,
1334,
824,
-782,
413,
1101,
-264,
362,
1153,
-116,
61,
1112,
580,
501,
812,
-72,
-3565,
566,
-1563,
-4262,
179,
123,
-3944,
-699,
1787,
-2580,
-3665,
-1057,
-836,
-798,
-746,
-1823,
-1319,
-647,
-1291,
-644,
195,
-101,
161,
65,
-26,
1342,
1002,
-598,
524,
1255,
-331,
-15,
1099,
281,
236,
1019,
686,
664,
775,
-81,
-3612,
725,
-1224,
-3978,
221,
31,
-3839,
-341,
2185,
-2221,
-3536,
-1349,
-1048,
-455,
-317,
-1680,
-1141,
-431,
-1318,
-746,
205,
-82,
154,
27,
-80,
1327,
896,
-771,
582,
1375,
-517,
-245,
1008,
20,
-37,
1116,
825,
515,
638,
-93,
-3625,
1095,
-929,
-3975,
236,
-50,
-3919,
84,
2821,
-1920,
-3431,
-1401,
-1275,
-369,
131,
-1380,
-980,
-248,
-1327,
-893,
193,
-33,
124,
-25,
-90,
1388,
938,
-949,
218,
1149,
-412,
8,
1082,
-193,
-390,
824,
716,
540,
649,
-107,
-3701,
1462,
-705,
-4120,
274,
-190,
-4600,
-10,
3717,
-1373,
-3655,
-1646,
-1580,
-800,
234,
-899,
-890,
-381,
-1298,
-929,
69,
-49,
101,
-99,
-116,
1404,
1111,
-678,
173,
877,
-463,
-10,
924,
-47,
-20,
780,
388,
461,
727,
-126,
-3793,
1792,
-491,
-4233,
218,
-362,
-4785,
312,
4079,
-1398,
-3547,
-1591,
-2126,
-1256,
423,
-704,
-980,
-346,
-1111,
-869,
-14,
-102,
115,
-134,
-192,
1326,
959,
-709,
466,
1127,
-482,
-18,
885,
-222,
26,
1006,
340,
276,
731,
-165,
-3939,
2215,
-21,
-4202,
225,
-188,
-4692,
221,
3851,
-1415,
-3123,
-1253,
-2179,
-1201,
671,
-701,
-1141,
-306,
-880,
-688,
-16,
-158,
145,
-128,
-297,
1116,
670,
-814,
620,
1186,
-432,
272,
919,
-591,
-67,
1103,
58,
-5,
863,
-204,
-4113,
2564,
387,
-3940,
593,
-294,
-5492,
-406,
3605,
-1599,
-2958,
-731,
-1760,
-1012,
491,
-1243,
-1448,
-215,
-836,
-694,
78,
-124,
164,
8,
-175,
1124,
544,
-1066,
381,
1120,
-155,
845,
1212,
-808,
-187,
1246,
-6,
-155,
954,
-222,
-4261,
2776,
709,
-3854,
444,
-552,
-5620,
-574,
2969,
-2100,
-2641,
-430,
-2022,
-983,
866,
-1388,
-1917,
-347,
-771,
-706,
48,
-130,
164,
-9,
-160,
1277,
703,
-1108,
267,
1161,
45,
1085,
1388,
-718,
-183,
1154,
-67,
-91,
1012,
-243,
-4447,
2963,
988,
-3696,
680,
-509,
-6005,
-967,
2557,
-2798,
-2961,
-13,
-1846,
-1435,
703,
-973,
-1622,
-463,
-1028,
-895,
-24,
-137,
162,
-38,
-292,
1136,
857,
-636,
742,
1462,
190,
1045,
1142,
-1014,
-221,
1469,
277,
-10,
935,
-254,
-4533,
3108,
1123,
-3576,
1176,
49,
-6057,
-1423,
2267,
-2897,
-2972,
101,
-1642,
-1052,
1317,
-529,
-1657,
-705,
-1179,
-948,
2,
-98,
147,
-10,
-252,
1036,
762,
-587,
759,
1433,
227,
1004,
1068,
-869,
-115,
1233,
47,
26,
1014,
-255,
-4507,
3128,
1252,
-3552,
975,
159,
-5463,
-951,
2433,
-2732,
-2814,
254,
-1279,
-595,
1547,
-594,
-1800,
-602,
-865,
-818,
-66,
-104,
113,
-101,
-156,
1167,
647,
-739,
754,
1403,
71,
757,
815,
-962,
-112,
1101,
-118,
29,
1041,
-265,
-4616,
3320,
1443,
-3855,
494,
37,
-5454,
-1068,
2495,
-2404,
-2535,
234,
-1682,
-1019,
1603,
-349,
-1877,
-761,
-848,
-826,
-131,
-121,
116,
-94,
-179,
1223,
933,
-520,
738,
1501,
141,
490,
763,
-614,
-131,
714,
-144,
319,
1208,
-279,
-4702,
3413,
1434,
-4282,
-40,
-107,
-5274,
-1070,
2064,
-2897,
-2607,
432,
-1802,
-1586,
1030,
-648,
-2018,
-855,
-862,
-773,
-97,
-131,
145,
66,
9,
1226,
845,
-431,
885,
1488,
218,
857,
1083,
-548,
-41,
945,
-16,
259,
1162,
-294,
-4697,
3600,
1627,
-3995,
612,
672,
-4645,
-651,
2052,
-3140,
-2452,
869,
-1577,
-1384,
1435,
-272,
-1720,
-543,
-652,
-701,
-59,
-116,
140,
16,
-187,
982,
800,
-433,
474,
782,
-182,
766,
881,
-651,
249,
1158,
-228,
-66,
893,
-296,
-4868,
3463,
1617,
-3919,
583,
512,
-4722,
-777,
1541,
-3717,
-2668,
614,
-2199,
-1887,
1373,
-211,
-1833,
-857,
-1040,
-964,
-163,
-145,
146,
-36,
-280,
1060,
947,
-515,
446,
1291,
554,
1105,
927,
-508,
336,
1011,
-271,
159,
1082,
-314,
-4983,
3523,
1690,
-3958,
602,
475,
-5069,
-980,
2223,
-2392,
-1731,
737,
-2460,
-2247,
837,
-705,
-1923,
-662,
-903,
-927,
-133,
-128,
142,
-9,
-174,
1220,
1117,
-350,
412,
797,
-98,
923,
1181,
-302,
447,
1159,
-231,
54,
990,
-320,
-5078,
3703,
1949,
-3659,
1251,
1398,
-4211,
-377,
2503,
-2338,
-1974,
20,
-3094,
-2196,
1045,
-800,
-1868,
-388,
-807,
-902,
-10,
-68,
129,
-21,
-211,
1165,
992,
-592,
74,
311,
-577,
752,
1127,
-515,
338,
1268,
-251,
-172,
811,
-324,
-5325,
3734,
2535,
-3114,
1201,
1393,
-3667,
-27,
2029,
-3216,
-2556,
-70,
-3053,
-2250,
1234,
-345,
-1703,
-540,
-814,
-778,
16,
-83,
137,
14,
-155,
1154,
952,
-561,
72,
292,
-391,
997,
1054,
-822,
197,
1343,
-255,
-362,
637,
-334,
-5551,
3694,
2675,
-2731,
1713,
1471,
-3906,
-14,
1757,
-4120,
-2831,
677,
-2756,
-2784,
903,
-365,
-1820,
-533,
-700,
-874,
-130,
-104,
129,
-13,
-220,
1064,
998,
-363,
369,
653,
-269,
789,
922,
-825,
52,
1256,
-73,
-118,
863,
-336,
-5600,
3491,
2645,
-2589,
1707,
1293,
-4378,
-626,
1854,
-3416,
-2596,
638,
-2260,
-2247,
889,
-600,
-2122,
-966,
-983,
-916,
-128,
-105,
124,
-29,
-240,
989,
946,
-296,
395,
628,
-83,
1140,
1158,
-770,
-18,
1165,
-69,
-107,
789,
-334,
-5607,
3515,
2694,
-2553,
1847,
1694,
-3996,
-655,
1709,
-3308,
-2690,
176,
-2153,
-1218,
1794,
-539,
-2508,
-1290,
-1073,
-783,
28,
-66,
123,
-4,
-200,
1029,
1010,
-202,
289,
168,
-467,
1185,
1262,
-873,
-92,
1122,
-254,
-303,
694,
-343,
-5828,
3491,
2773,
-2402,
2280,
2261,
-3650,
-618,
1446,
-3670,
-2714,
448,
-2130,
-1592,
1307,
-970,
-2734,
-1131,
-673,
-492,
111,
-63,
126,
39,
-36,
1272,
1125,
-205,
434,
415,
-484,
920,
1121,
-870,
-209,
925,
-327,
-335,
556,
-353,
-5762,
3316,
2170,
-3108,
2071,
2738,
-2813,
-8,
1446,
-3936,
-2667,
726,
-1891,
-1257,
1654,
-939,
-2834,
-1051,
-586,
-553,
33,
-87,
136,
67,
25,
1355,
1005,
-570,
375,
852,
-201,
837,
1076,
-981,
-598,
632,
-342,
-295,
595,
-346,
-5603,
2982,
1525,
-3745,
1700,
2853,
-2865,
-590,
1506,
-2993,
-2349,
284,
-1851,
-831,
1625,
-1375,
-3254,
-1230,
-544,
-550,
-36,
-89,
115,
1,
-82,
1097,
793,
-559,
377,
909,
101,
977,
912,
-929,
-210,
1128,
313,
383,
934,
-342,
-5722,
2647,
1097,
-4182,
1398,
3048,
-2255,
-11,
1979,
-2804,
-2932,
-749,
-2429,
-875,
1610,
-1429,
-3131,
-920,
-258,
-459,
-48,
-78,
101,
26,
32,
1026,
560,
-382,
1037,
1412,
242,
1158,
1177,
-940,
-420,
1196,
665,
562,
864,
-389,
-6063,
2545,
1374,
-3782,
1380,
2523,
-2260,
1080,
2874,
-2943,
-2737,
531,
-1621,
-1576,
507,
-1688,
-2609,
-312,
37,
-377,
16,
-44,
92,
34,
32,
930,
342,
-534,
1096,
1166,
-797,
122,
1083,
-649,
-589,
809,
471,
496,
850,
-349,
-6156,
1845,
380,
-4412,
1034,
1935,
-3133,
346,
2460,
-3260,
-2956,
853,
-563,
-294,
1233,
-1762,
-2898,
-219,
298,
-373,
-117,
-84,
88,
-76,
-256,
625,
167,
-930,
416,
1007,
-303,
216,
554,
-850,
-182,
1235,
566,
267,
454,
-355,
-6405,
1592,
58,
-4759,
647,
1487,
-3201,
694,
2605,
-3179,
-2616,
843,
-902,
-129,
1645,
-1670,
-2757,
42,
298,
-501,
-192,
-138,
122,
-75,
-384,
531,
16,
-1235,
156,
792,
-432,
396,
714,
-1087,
-506,
992,
252,
57,
460,
-346,
-6449,
1369,
28,
-4483,
812,
1420,
-3298,
674,
2649,
-3271,
-2893,
809,
-498,
358,
1974,
-1558,
-2943,
-298,
16,
-678,
-228,
-102,
98,
-61,
-229,
770,
309,
-975,
304,
858,
-586,
52,
706,
-690,
-285,
942,
217,
-24,
350,
-379,
-6631,
1485,
-102,
-5215,
370,
1770,
-3076,
221,
2147,
-3433,
-2822,
1096,
-347,
22,
1771,
-1045,
-2313,
-158,
-41,
-630,
-176,
-93,
96,
-31,
-59,
1017,
391,
-1099,
141,
772,
-514,
339,
1087,
-397,
-59,
1181,
330,
-134,
212,
-420,
-6854,
1681,
388,
-4880,
275,
1222,
-3657,
-36,
2080,
-3193,
-2101,
1562,
-806,
-843,
1184,
-1289,
-2341,
-158,
-158,
-729,
-173,
-99,
127,
111,
-40,
688,
7,
-1067,
442,
916,
-409,
523,
1014,
-553,
243,
1696,
663,
284,
705,
-430,
-7011,
1585,
208,
-5155,
-9,
974,
-3499,
592,
2540,
-3005,
-1906,
1380,
-1251,
-649,
1781,
-1190,
-2515,
-159,
-224,
-876,
-189,
-75,
119,
84,
-105,
754,
309,
-758,
567,
884,
-476,
555,
1113,
-585,
-9,
1315,
347,
169,
727,
-440,
-7107,
1723,
370,
-5352,
-396,
851,
-3402,
441,
1925,
-3796,
-2380,
1399,
-1077,
-653,
1716,
-1110,
-2336,
23,
-69,
-785,
-135,
-30,
80,
-27,
-159,
734,
212,
-921,
320,
481,
-931,
206,
884,
-691,
-68,
1015,
-216,
-174,
849,
-482,
-7535,
1874,
876,
-4892,
16,
884,
-3736,
633,
2919,
-2707,
-1624,
1752,
-1286,
-1277,
1250,
-925,
-1594,
727,
317,
-479,
108,
13,
98,
29,
-182,
828,
561,
-585,
434,
335,
-1252,
149,
1337,
-228,
-19,
903,
-248,
-222,
805,
-500,
-7589,
2164,
1006,
-5283,
-421,
736,
-3750,
483,
2484,
-3128,
-1667,
1866,
-1275,
-1316,
1128,
-971,
-1296,
1003,
210,
-608,
179,
61,
90,
35,
-155,
913,
579,
-678,
527,
705,
-870,
294,
1051,
-772,
-205,
1205,
32,
-195,
699,
-475,
-7454,
2115,
876,
-5667,
-1157,
395,
-3498,
400,
2047,
-2963,
-1051,
2113,
-1292,
-1160,
1453,
-578,
-1032,
925,
6,
-637,
230,
60,
105,
84,
-131,
868,
465,
-809,
286,
162,
-1504,
17,
1014,
-1079,
-795,
750,
-125,
-184,
738,
-484,
-7762,
1815,
681,
-5617,
-813,
742,
-3369,
435,
2050,
-3103,
-1366,
1587,
-2077,
-2026,
761,
-1025,
-1280,
761,
-211,
-889,
52,
-6,
132,
91,
-250,
865,
906,
-159,
701,
410,
-1226,
245,
1379,
-203,
312,
1477,
205,
59,
955,
-488,
-7574,
1999,
708,
-5569,
-761,
403,
-3713,
737,
2317,
-3506,
-1595,
1851,
-2193,
-2438,
828,
-766,
-1269,
883,
93,
-792,
-17,
-20,
122,
70,
-212,
924,
894,
-278,
617,
586,
-926,
297,
1202,
-336,
229,
1373,
134,
-10,
855,
-484,
-7587,
1997,
781,
-5599,
-952,
248,
-3894,
621,
2578,
-3364,
-2076,
1451,
-1977,
-1944,
1531,
36,
-884,
954,
200,
-849,
-229,
-96,
141,
145,
-138,
730,
626,
-164,
1025,
979,
-686,
384,
1371,
-93,
114,
976,
-8,
99,
899,
-491,
-7825,
1667,
638,
-5459,
-772,
144,
-4462,
7,
2653,
-2791,
-1720,
1856,
-1165,
-1615,
735,
-1069,
-1521,
596,
-129,
-1059,
-282,
-82,
116,
33,
-252,
746,
751,
-108,
961,
1053,
-337,
642,
1275,
-173,
352,
1193,
-76,
25,
1020,
-491,
-8037,
1510,
642,
-5476,
-691,
777,
-3794,
-408,
1487,
-3375,
-1502,
2224,
-864,
-1320,
923,
-1095,
-1754,
375,
-57,
-785,
-95,
-36,
103,
52,
-112,
886,
704,
-318,
610,
553,
-735,
551,
1328,
-116,
472,
1354,
44,
108,
1060,
-485,
-7946,
1485,
653,
-4882,
242,
1206,
-3498,
453,
2251,
-3174,
-1310,
2416,
-936,
-1386,
844,
-1345,
-1902,
339,
-133,
-724,
48,
-16,
125,
143,
35,
1129,
870,
-274,
576,
103,
-1472,
290,
1449,
-228,
318,
1387,
-43,
-107,
915,
-495,
-7733,
1918,
921,
-5023,
-105,
734,
-3996,
347,
2608,
-2852,
-1382,
1992,
-1491,
-1803,
702,
-1194,
-1458,
886,
238,
-537,
148,
9,
118,
61,
-196,
920,
746,
-433,
661,
629,
-1070,
221,
1268,
-484,
-157,
1139,
119,
-59,
728,
-488,
-7448,
2240,
976,
-5511,
-764,
670,
-3568,
449,
2323,
-3004,
-1442,
1889,
-1238,
-1104,
1320,
-893,
-1276,
965,
137,
-640,
200,
80,
83,
60,
-77,
911,
439,
-829,
341,
343,
-1209,
243,
1041,
-1060,
-574,
1023,
-44,
-245,
712,
-474,
-7597,
1950,
798,
-5635,
-1105,
447,
-3402,
458,
1993,
-2989,
-955,
2171,
-1406,
-1356,
1332,
-538,
-896,
964,
-94,
-725,
201,
42,
119,
85,
-232,
803,
606,
-574,
456,
273,
-1489,
-65,
1094,
-679,
-357,
956,
-44,
-77,
845,
-491,
-7691,
1916,
700,
-5598,
-694,
779,
-3396,
632,
2315,
-3102,
-1461,
1525,
-2328,
-2348,
675,
-1044,
-1427,
718,
-64,
-800,
30,
-13,
122,
49,
-258,
908,
956,
-146,
664,
443,
-1023,
432,
1347,
-316,
294,
1487,
172,
19,
935,
-484,
-7548,
2020,
742,
-5626,
-950,
269,
-3697,
818,
2339,
-3683,
-1841,
1864,
-1997,
-2254,
1185,
-262,
-962,
1021,
209,
-809,
-120,
-55,
133,
131,
-136,
875,
823,
-198,
785,
772,
-785,
316,
1254,
-166,
297,
1314,
145,
39,
840,
-489,
-7596,
1980,
840,
-5350,
-640,
267,
-4173,
607,
3156,
-2659,
-1736,
1660,
-1561,
-1595,
1467,
-233,
-1022,
936,
186,
-852,
-209,
-78,
124,
61,
-262,
636,
571,
-208,
1000,
974,
-737,
190,
1044,
-413,
-133,
713,
-271,
-15,
935,
-493,
-7974,
1597,
720,
-5432,
-755,
500,
-4099,
-292,
2008,
-3031,
-1488,
2323,
-652,
-1365,
671,
-1192,
-1636,
471,
-152,
-983,
-210,
-50,
98,
11,
-218,
767,
674,
-336,
566,
698,
-402,
746,
1332,
-58,
627,
1454,
4,
-30,
947,
-485,
-7979,
1464,
637,
-5133,
-143,
1177,
-3378,
169,
1870,
-3217,
-1260,
2456,
-711,
-1035,
1210,
-1042,
-1799,
347,
-74,
-722,
-8,
-16,
103,
54,
-79,
959,
706,
-318,
684,
395,
-1190,
224,
1170,
-398,
142,
1121,
-149,
-3,
1042,
-489,
-7858,
1664,
799,
-4832,
203,
978,
-3809,
441,
2590,
-2858,
-1270,
2190,
-1331,
-1784,
594,
-1370,
-1687,
663,
103,
-607,
96,
-14,
133,
144,
-37,
1083,
934,
-212,
629,
223,
-1415,
245,
1451,
-276,
100,
1244,
-15,
-165,
762,
-503,
-7730,
2034,
961,
-5255,
-431,
570,
-4044,
224,
2295,
-3353,
-1881,
1767,
-1386,
-1568,
826,
-1245,
-1530,
879,
173,
-682,
75,
15,
108,
59,
-169,
950,
816,
-307,
862,
1002,
-621,
429,
1201,
-481,
83,
1368,
121,
-162,
687,
-498,
-7854,
1877,
961,
-5115,
-277,
832,
-3745,
207,
1957,
-3582,
-1751,
1964,
-1528,
-1862,
739,
-1509,
-2320,
193,
57,
-662,
-30,
-32,
114,
59,
-172,
917,
965,
105,
1056,
812,
-687,
595,
1202,
-631,
-9,
1172,
-212,
-292,
809,
-483,
-7952,
1543,
808,
-5051,
-410,
682,
-3683,
185,
1909,
-3378,
-1591,
1739,
-2085,
-2548,
302,
-1525,
-2302,
-1,
-133,
-725,
-26,
-15,
104,
70,
-164,
762,
738,
14,
1037,
768,
-826,
207,
782,
-676,
163,
1241,
-151,
-198,
781,
-468,
-8082,
1339,
898,
-4579,
-145,
576,
-3470,
889,
2500,
-3005,
-1075,
2460,
-1253,
-1858,
553,
-1386,
-1871,
343,
-197,
-899,
-121,
-53,
112,
2,
-237,
895,
923,
116,
1202,
919,
-769,
343,
840,
-962,
-163,
1228,
12,
-113,
712,
-475,
-8277,
1298,
972,
-4677,
-326,
581,
-3528,
574,
2333,
-2841,
-857,
2616,
-1107,
-1551,
1279,
-416,
-1077,
871,
30,
-983,
-221,
-47,
105,
80,
-65,
994,
1012,
208,
1175,
931,
-525,
876,
1666,
-230,
108,
1334,
136,
-190,
644,
-481,
-8148,
1535,
992,
-5020,
-620,
622,
-3512,
143,
1643,
-3465,
-1615,
1623,
-1868,
-1988,
723,
-1053,
-1542,
445,
-274,
-932,
-84,
-44,
126,
121,
47,
1300,
1143,
-188,
513,
305,
-977,
768,
1825,
14,
414,
1530,
113,
-147,
834,
-489,
-8072,
1509,
821,
-5029,
-312,
817,
-3571,
340,
2071,
-3389,
-1784,
1555,
-2132,
-2430,
658,
-893,
-1595,
479,
64,
-646,
28,
0,
113,
190,
132,
1085,
847,
-134,
721,
342,
-1106,
513,
1685,
258,
727,
1566,
81,
-174,
610,
-488,
-7919,
1599,
698,
-5267,
-382,
909,
-3638,
208,
2565,
-2120,
-686,
1830,
-2093,
-2129,
734,
-1307,
-1982,
377,
9,
-722,
20,
19,
93,
77,
-88,
862,
709,
-135,
867,
371,
-1452,
45,
1351,
-174,
149,
1233,
96,
-25,
868,
-482,
-8052,
1514,
775,
-5266,
-623,
768,
-3693,
-407,
1360,
-3214,
-1406,
1339,
-2436,
-2560,
171,
-1551,
-1847,
410,
-116,
-725,
95,
42,
88,
81,
7,
1030,
780,
-85,
1170,
906,
-947,
329,
1410,
-126,
376,
1604,
529,
334,
927,
-481,
-7850,
1848,
1219,
-4667,
188,
1804,
-2463,
692,
1865,
-3201,
-1333,
1679,
-1960,
-2046,
643,
-1108,
-1341,
854,
76,
-730,
23,
-9,
111,
58,
-156,
904,
744,
-314,
642,
430,
-1081,
318,
1211,
-359,
280,
1353,
71,
128,
1014,
-487,
-7926,
1698,
974,
-4900,
-26,
1355,
-3167,
115,
1563,
-3387,
-1410,
1709,
-1969,
-2031,
782,
-1054,
-1497,
670,
-36,
-807,
-16,
-21,
122,
87,
-212,
761,
720,
-94,
1043,
852,
-797,
542,
1560,
-19,
425,
1436,
147,
75,
967,
-473,
-7953,
1444,
971,
-4594,
-160,
528,
-4146,
-433,
1557,
-3384,
-1686,
1742,
-1399,
-1484,
1188,
-613,
-1275,
634,
-41,
-786,
-31,
-12,
106,
56,
-258,
558,
447,
-247,
922,
635,
-1155,
102,
1350,
75,
464,
1422,
324,
210,
853,
-430,
-6726,
1960,
677,
-4313,
1047,
1636,
-3261,
421,
1750,
-3391,
-764,
2851,
-1106,
-1406,
1309,
-961,
-1887,
125,
-443,
-892,
117,
48,
114,
164,
-101,
697,
416,
-564,
384,
-28,
-1679,
-147,
957,
-667,
-265,
821,
-197,
-101,
611,
-363,
-5903,
2099,
536,
-4192,
1281,
2374,
-2085,
826,
1499,
-2773,
634,
3370,
-1851,
-2067,
1568,
-507,
-1883,
146,
-145,
-780,
-17,
-15,
126,
186,
16,
973,
748,
-335,
823,
1024,
-638,
193,
1167,
-187,
-148,
486,
-380,
-54,
658,
