-349,
-9397,
-514,
1804,
-1455,
1604,
1655,
-2189,
598,
1999,
-2234,
-1467,
819,
-1684,
-1412,
1279,
-1,
-1283,
-485,
-789,
-828,
-37,
-10,
79,
10,
-313,
217,
167,
-399,
177,
184,
-165,
876,
648,
-654,
256,
798,
-457,
-110,
678,
-331,
-8726,
-841,
718,
-1989,
1845,
1761,
-2506,
646,
2743,
-1681,
-1674,
424,
-1884,
-1701,
774,
-778,
-2353,
-1316,
-1014,
-888,
-216,
-97,
107,
103,
-121,
313,
151,
-165,
580,
243,
-378,
963,
1108,
-260,
435,
971,
-281,
-73,
661,
-469,
-8696,
905,
1340,
-2645,
2984,
2972,
-3301,
357,
3112,
-2507,
-1827,
2051,
-641,
-1376,
963,
-758,
-2013,
-540,
-668,
-877,
-71,
-30,
108,
122,
-123,
446,
234,
-114,
982,
367,
-924,
854,
1590,
-182,
338,
1164,
-233,
-170,
683,
-652,
-8928,
3176,
2269,
-4053,
3224,
3980,
-3606,
816,
3907,
-3150,
-2126,
2117,
-1882,
-2155,
1565,
-702,
-2339,
-232,
-419,
-849,
43,
-20,
134,
94,
-123,
956,
445,
-760,
758,
554,
-1484,
290,
1683,
-156,
522,
1878,
268,
-48,
770,
-668,
-9321,
3467,
3197,
-3134,
3445,
3294,
-4224,
1124,
4655,
-2439,
-1742,
1471,
-2932,
-1977,
2634,
-104,
-2100,
43,
-423,
-1061,
-59,
-36,
132,
-23,
-405,
791,
483,
-793,
562,
410,
-1386,
333,
1200,
-769,
470,
2038,
176,
-13,
1040,
-694,
-9654,
3501,
3234,
-3514,
2999,
3127,
-4188,
1133,
4397,
-2827,
-1846,
1705,
-2399,
-1075,
3487,
264,
-1906,
316,
-331,
-1124,
-27,
15,
110,
-46,
-385,
940,
695,
-777,
587,
991,
-438,
867,
1129,
-978,
397,
2019,
154,
-28,
1003,
-802,
-10344,
4497,
3989,
-3932,
3216,
3364,
-5098,
422,
4053,
-3524,
-1811,
2392,
-2589,
-1740,
3166,
-169,
-2384,
106,
-567,
-1339,
-62,
7,
120,
-64,
-343,
1220,
697,
-1195,
534,
1082,
-828,
814,
1797,
-623,
254,
1986,
59,
-399,
739,
-996,
-11785,
5209,
3607,
-5966,
3733,
5111,
-5248,
478,
4639,
-4353,
-1762,
4685,
-1173,
-2135,
2591,
-721,
-2627,
664,
-168,
-1519,
-111,
93,
82,
-69,
-414,
845,
227,
-1237,
840,
820,
-1772,
141,
1446,
-1131,
-29,
2001,
-156,
-674,
667,
-1144,
-13832,
4965,
3345,
-7222,
3834,
5867,
-5830,
106,
5345,
-3951,
-1500,
5089,
-1549,
-2768,
2668,
-345,
-2059,
1594,
570,
-1118,
184,
174,
86,
-91,
-704,
630,
314,
-1303,
656,
757,
-2065,
-384,
992,
-1745,
-824,
1433,
-501,
-913,
632,
-1408,
-14815,
8119,
4552,
-9709,
3999,
6902,
-7405,
397,
7343,
-4524,
-2032,
6302,
-1555,
-2964,
3838,
-132,
-2795,
1680,
835,
-1100,
359,
239,
90,
-258,
-1195,
527,
337,
-1748,
778,
1583,
-1636,
-44,
1446,
-1866,
-1070,
1439,
-716,
-975,
922,
-1307,
-13783,
7262,
3842,
-9439,
3072,
5604,
-7720,
-593,
5852,
-4908,
-2326,
5618,
-1514,
-2893,
3208,
-509,
-2818,
1526,
849,
-996,
265,
178,
98,
-235,
-1104,
579,
459,
-1629,
520,
1426,
-1288,
28,
1195,
-1617,
-698,
1364,
-693,
-672,
1073,
-1445,
-15168,
7707,
3782,
-10905,
2651,
5314,
-9345,
-1604,
5474,
-6137,
-3090,
5785,
-1931,
-3484,
3076,
-1004,
-3382,
1565,
936,
-1095,
229,
149,
134,
-167,
-1039,
860,
632,
-1878,
351,
1458,
-1337,
114,
1367,
-1592,
-558,
1508,
-826,
-678,
1274,
-2307,
-19692,
12044,
5907,
-14451,
5229,
9151,
-11298,
0,
9934,
-7054,
-3511,
8350,
-2874,
-4710,
5367,
0,
-3813,
2343,
967,
-1773,
406,
280,
199,
0,
-1168,
1197,
787,
-2350,
986,
1933,
-2610,
0,
2601,
-1924,
-985,
2375,
-817,
-1313,
1429,
-2307,
-19692,
12044,
5907,
-14451,
5229,
9151,
-11298,
0,
9934,
-7054,
-3511,
8350,
-2874,
-4710,
5367,
0,
-3813,
2343,
967,
-1773,
406,
280,
199,
0,
-1168,
1197,
787,
-2350,
986,
1933,
-2610,
0,
2601,
-1924,
-985,
2375,
-817,
-1313,
1429,
-1267,
-14334,
5805,
2907,
-9318,
2942,
5250,
-7594,
-668,
5519,
-4673,
-2200,
4701,
-2667,
-3344,
3280,
-279,
-2577,
1641,
798,
-1125,
168,
134,
147,
51,
-733,
642,
341,
-1463,
925,
1706,
-1191,
148,
1445,
-1354,
-549,
1429,
-698,
-691,
1232,
-1049,
-12285,
5048,
2874,
-7464,
2728,
4543,
-6232,
-374,
4377,
-4834,
-3132,
2245,
-4251,
-4463,
1582,
-1354,
-3157,
803,
415,
-1059,
86,
80,
148,
118,
-516,
661,
349,
-1221,
812,
1405,
-1061,
195,
1174,
-1489,
-665,
1366,
-564,
-934,
667,
-995,
-11587,
5186,
3126,
-6806,
2914,
4581,
-5441,
700,
5134,
-4284,
-2872,
2201,
-4320,
-4488,
1770,
-801,
-2744,
653,
23,
-1318,
-5,
78,
134,
56,
-593,
618,
361,
-1321,
552,
1368,
-746,
522,
1453,
-1186,
-530,
1442,
-272,
-626,
814,
-959,
-11129,
5703,
3612,
-6506,
3110,
4916,
-5360,
208,
4760,
-4111,
-2513,
2782,
-3564,
-4383,
1059,
-1561,
-3357,
-62,
-574,
-1534,
13,
103,
131,
84,
-586,
600,
508,
-1082,
648,
1589,
-246,
786,
1416,
-1002,
-260,
1424,
-275,
-403,
966,
-958,
-11077,
6112,
4136,
-6407,
2837,
4750,
-5435,
-35,
4690,
-3558,
-1708,
3182,
-3463,
-3965,
1879,
-895,
-3127,
58,
-350,
-1403,
-3,
101,
110,
29,
-436,
1015,
870,
-1017,
559,
1607,
-195,
553,
969,
-1268,
-381,
1165,
-489,
-387,
896,
-994,
-11168,
5943,
3643,
-6773,
3053,
4995,
-5412,
44,
4387,
-4436,
-2340,
3220,
-3015,
-3462,
1965,
-1139,
-3054,
405,
-143,
-1261,
109,
105,
122,
-13,
-591,
827,
546,
-1299,
566,
1397,
-728,
498,
1285,
-1335,
-503,
1407,
-360,
-523,
847,
-1002,
-11433,
5650,
3383,
-6546,
3845,
5535,
-5215,
500,
4522,
-5284,
-3217,
3121,
-2816,
-3253,
2291,
-970,
-3162,
330,
-54,
-1149,
115,
48,
177,
149,
-493,
790,
325,
-1630,
390,
1414,
-471,
1388,
2559,
-617,
-386,
1580,
-175,
-516,
1015,
-995,
-11367,
5714,
3505,
-6915,
2713,
4607,
-5300,
879,
5057,
-5004,
-3526,
2822,
-2871,
-3768,
1592,
-936,
-2763,
277,
-453,
-1461,
27,
70,
155,
114,
-572,
601,
326,
-1268,
769,
1525,
-703,
943,
2376,
-499,
-384,
1796,
678,
288,
1197,
-980,
-11271,
5660,
3281,
-7329,
2122,
4084,
-5639,
603,
4940,
-4882,
-3444,
2929,
-2273,
-2948,
1864,
-1028,
-2477,
756,
-438,
-1726,
1,
148,
128,
190,
-495,
372,
211,
-748,
1497,
1924,
-418,
1319,
2576,
-649,
-722,
1539,
645,
321,
1132,
-986,
-11252,
5641,
3137,
-7500,
1940,
3706,
-5979,
698,
5120,
-5037,
-3556,
3117,
-2118,
-2872,
2042,
-937,
-2543,
784,
-364,
-1836,
-179,
90,
138,
205,
-405,
526,
231,
-998,
1132,
1665,
-612,
1088,
2458,
-492,
-523,
1426,
346,
254,
1292,
-1019,
-11344,
5875,
3333,
-7458,
2143,
3620,
-6856,
-235,
5097,
-4155,
-2498,
3546,
-2381,
-3049,
2259,
-882,
-2889,
444,
-388,
-1623,
9,
136,
124,
122,
-501,
693,
573,
-930,
898,
1344,
-1057,
591,
2126,
-714,
-735,
1286,
249,
186,
1345,
-1003,
-11237,
5993,
3401,
-7661,
1697,
3356,
-6955,
-550,
4854,
-3895,
-2235,
3105,
-3497,
-4337,
1363,
-1220,
-3095,
183,
-420,
-1544,
-115,
11,
187,
294,
-122,
1261,
1070,
-499,
1343,
1762,
-610,
812,
1817,
-846,
-39,
1920,
28,
-197,
1386,
-884,
-9756,
7539,
4277,
-7838,
1075,
3422,
-6333,
-290,
4875,
-3706,
-2150,
3185,
-2961,
-3485,
2268,
-179,
-1942,
1238,
279,
-1323,
-97,
65,
109,
-79,
-777,
443,
371,
-1023,
777,
1207,
-1066,
323,
1409,
-1115,
-506,
1296,
-422,
-681,
651,
-646,
-8217,
8341,
3944,
-9018,
-835,
1548,
-7391,
-1273,
3123,
-5516,
-3222,
2614,
-3426,
-4193,
1154,
-941,
-1693,
1789,
334,
-1572,
-327,
-49,
156,
-106,
-935,
533,
631,
-1028,
642,
1171,
-1200,
82,
1247,
-1236,
-526,
1531,
-97,
-450,
844,
-573,
-7751,
8178,
3478,
-9431,
-1230,
1555,
-7296,
-1876,
2488,
-5539,
-3452,
2119,
-3439,
-4185,
821,
-848,
-1132,
2158,
508,
-1440,
-304,
-48,
144,
-108,
-836,
478,
402,
-953,
911,
1221,
-1096,
398,
1426,
-1144,
-336,
1620,
-85,
-299,
1051,
-558,
-7564,
7498,
2517,
-9581,
-683,
2278,
-6676,
-2089,
1252,
-6452,
-3286,
2295,
-3822,
-4369,
982,
-893,
-1342,
1938,
137,
-1747,
-329,
-29,
172,
106,
-545,
792,
760,
-796,
911,
1427,
-814,
544,
1803,
-347,
509,
2241,
233,
-300,
966,
-526,
-7351,
6395,
2271,
-7973,
96,
1941,
-5920,
-1249,
497,
-7127,
-2864,
2592,
-3422,
-3156,
1901,
-705,
-951,
2471,
310,
-1647,
-216,
-43,
199,
53,
-766,
788,
796,
-1261,
348,
1405,
-610,
436,
1514,
-407,
678,
2207,
-165,
-669,
870,
-513,
-7127,
6336,
2508,
-7423,
330,
2370,
-4731,
-85,
972,
-7320,
-3608,
2085,
-2822,
-1888,
2913,
-291,
-1178,
1927,
0,
-1687,
-216,
-32,
179,
-23,
-849,
706,
857,
-1071,
282,
1134,
-601,
617,
1466,
-625,
375,
1811,
-398,
-638,
901,
-462,
-6602,
6857,
2360,
-8304,
-361,
2139,
-5333,
-845,
1165,
-6624,
-3577,
1650,
-3284,
-2550,
2274,
-742,
-1805,
1272,
-295,
-1833,
-365,
-66,
179,
58,
-559,
951,
895,
-980,
606,
1500,
-543,
382,
1312,
-803,
-162,
1368,
-287,
-453,
768,
-318,
-5385,
6831,
1936,
-8314,
-861,
1336,
-5686,
-1180,
731,
-6721,
-3155,
2772,
-2333,
-3156,
933,
-1279,
-1957,
997,
-218,
-1576,
-322,
-61,
149,
-18,
-548,
914,
969,
-393,
1332,
1648,
-1019,
-217,
959,
-1147,
-775,
881,
-465,
-831,
202,
-210,
-4530,
6232,
820,
-8137,
-335,
884,
-5733,
207,
1627,
-7691,
-4198,
3495,
-850,
-2660,
788,
-899,
-1436,
823,
-664,
-1685,
-247,
-15,
119,
-55,
-429,
922,
695,
-536,
1109,
945,
-1214,
620,
1455,
-1699,
-1662,
-45,
-1285,
-1160,
97,
-145,
-4039,
4869,
-240,
-6928,
834,
402,
-5981,
1317,
2435,
-8466,
-5033,
4423,
715,
-2220,
721,
-825,
-1825,
389,
-412,
-1354,
-242,
-26,
110,
-24,
-422,
556,
223,
-720,
981,
964,
-763,
1081,
1507,
-1967,
-2025,
-270,
-1471,
-1561,
-242,
-79,
-3745,
4025,
-986,
-7136,
25,
-439,
-6327,
479,
1566,
-8373,
-4622,
4900,
1398,
-2257,
-134,
-1522,
-2257,
97,
-377,
-1287,
-335,
-79,
138,
119,
-318,
435,
256,
-540,
884,
1133,
-115,
1114,
921,
-1918,
-1257,
450,
-1070,
-1404,
-77,
-52,
-3397,
3827,
-1313,
-7065,
-73,
-764,
-5958,
1105,
1405,
-8220,
-3041,
6338,
1317,
-2817,
-90,
-1044,
-1759,
324,
-407,
-1249,
-217,
-49,
136,
87,
-385,
402,
162,
-672,
808,
852,
-599,
853,
830,
-2017,
-1012,
988,
-852,
-1520,
-74,
-45,
-3322,
3274,
-1430,
-6718,
-758,
-1937,
-6172,
1028,
643,
-8529,
-2487,
6374,
114,
-4231,
-643,
-1072,
-2030,
-58,
-559,
-1327,
-293,
-59,
140,
170,
-244,
526,
517,
-139,
1040,
852,
-608,
632,
705,
-1455,
-109,
1676,
-280,
-1068,
30,
-37,
-3237,
2790,
-1145,
-5656,
-601,
-2177,
-5660,
1486,
1065,
-7141,
-973,
7019,
475,
-3914,
-568,
-822,
-1576,
206,
-337,
-1013,
-97,
-11,
123,
137,
-339,
220,
232,
-148,
831,
174,
-1227,
175,
93,
-2000,
-419,
1408,
-302,
-712,
232,
-32,
-3423,
2325,
-953,
-5228,
-910,
-2201,
-5225,
1033,
833,
-5750,
-12,
6128,
-551,
-4100,
-603,
-937,
-1768,
-158,
-561,
-934,
20,
4,
142,
239,
-309,
189,
539,
284,
692,
-158,
-1145,
71,
-422,
-2109,
-159,
1419,
-236,
-279,
545,
-33,
-3567,
2000,
-920,
-4922,
-807,
-2381,
-6289,
-764,
384,
-4552,
330,
5031,
-1228,
-3890,
-504,
-1347,
-2291,
-241,
-239,
-783,
-90,
-50,
144,
176,
-416,
214,
670,
-21,
145,
146,
-448,
-212,
-952,
-1794,
30,
911,
-498,
-138,
524,
-63,
-3638,
1859,
-534,
-4421,
-645,
-1943,
-6390,
-2171,
128,
-2850,
576,
3268,
-1603,
-2509,
275,
-1365,
-2147,
-73,
-279,
-834,
-83,
-42,
146,
237,
-273,
304,
672,
45,
335,
324,
-374,
16,
-369,
-1301,
121,
1048,
-235,
-171,
437,
-66,
-3775,
2081,
-269,
-4111,
-130,
-2127,
-7568,
-2799,
729,
-2398,
43,
2624,
-1428,
-1766,
736,
-1392,
-2214,
-92,
-430,
-934,
-28,
-15,
151,
256,
-347,
213,
651,
7,
235,
108,
-638,
61,
-6,
-1047,
255,
1226,
-262,
-407,
387,
-70,
-3840,
2157,
-264,
-3432,
1079,
-2410,
-8817,
-2448,
1874,
-2507,
-588,
2342,
-1553,
-1394,
1212,
-1626,
-2401,
249,
-411,
-1233,
-61,
25,
163,
308,
-534,
-21,
789,
154,
8,
-122,
-635,
-55,
-225,
-801,
828,
1370,
-427,
-348,
407,
-100,
-3977,
1939,
-242,
-2866,
1847,
-1941,
-8493,
-2103,
1890,
-2935,
-1360,
1177,
-2507,
-1310,
1828,
-1368,
-2225,
654,
-232,
-1351,
-122,
19,
188,
438,
-503,
-141,
793,
227,
-63,
-62,
-159,
466,
-128,
-990,
694,
1278,
-556,
-387,
467,
-123,
-4008,
2184,
-60,
-2685,
2373,
-1554,
-8344,
-1241,
3397,
-2000,
-1329,
756,
-3013,
-1379,
2301,
-1051,
-2298,
688,
-4,
-1192,
-4,
109,
136,
402,
-344,
-3,
725,
157,
-96,
-335,
-466,
586,
31,
-1395,
181,
1262,
-423,
-442,
492,
-144,
-4171,
2345,
-26,
-2929,
2303,
-1690,
-8889,
-1742,
3099,
-2264,
-1180,
1267,
-2956,
-1788,
2066,
-1213,
-2732,
211,
-266,
-1296,
-33,
111,
132,
388,
-353,
29,
803,
283,
167,
1,
-332,
543,
120,
-1187,
274,
1263,
-380,
-364,
560,
-173,
-4504,
2586,
251,
-3088,
2419,
-1263,
-9198,
-2713,
2505,
-2438,
-1343,
1341,
-2749,
-1983,
1750,
-1166,
-2789,
-327,
-791,
-1499,
-131,
57,
146,
326,
-508,
-26,
1033,
745,
567,
294,
44,
799,
105,
-999,
754,
1449,
-452,
-174,
900,
-171,
-4668,
2813,
697,
-2987,
2386,
-1029,
-9223,
-3130,
2522,
-1985,
-917,
2024,
-2090,
-2018,
1723,
-618,
-2505,
-522,
-806,
-1427,
-248,
-17,
161,
293,
-668,
-356,
820,
842,
611,
109,
-83,
963,
652,
-350,
954,
1297,
-473,
-125,
871,
-177,
-4594,
3119,
570,
-3296,
2915,
-259,
-9514,
-4352,
1196,
-2848,
-1131,
1975,
-2371,
-2206,
1814,
-334,
-1963,
51,
-505,
-1240,
-94,
4,
178,
346,
-627,
-256,
805,
639,
581,
219,
-173,
851,
596,
-717,
391,
984,
-585,
-236,
827,
-228,
-5012,
3253,
672,
-3543,
2985,
44,
-9586,
-4750,
776,
-3230,
-1830,
747,
-3245,
-2195,
1734,
-744,
-1863,
336,
-660,
-1362,
-2,
12,
208,
419,
-525,
-48,
794,
539,
920,
431,
-517,
843,
1050,
-489,
761,
1694,
-352,
-481,
792,
-290,
-5329,
4152,
1639,
-3245,
3469,
317,
-9947,
-4602,
1456,
-3129,
-2116,
783,
-2931,
-1922,
1798,
-596,
-1439,
515,
-772,
-1231,
199,
43,
177,
131,
-759,
129,
484,
-334,
795,
706,
-1052,
0,
452,
-1168,
280,
1587,
-540,
-654,
844,
-313,
-5664,
4828,
1861,
-3923,
3226,
211,
-10076,
-3902,
1941,
-3625,
-2166,
1361,
-2523,
-1358,
2105,
-1141,
-1750,
822,
-752,
-1427,
188,
43,
196,
154,
-709,
336,
353,
-944,
463,
630,
-1272,
28,
682,
-1117,
552,
2157,
-178,
-489,
875,
-373,
-6192,
5261,
1998,
-4763,
2792,
403,
-9847,
-3309,
2507,
-3540,
-1543,
2377,
-2657,
-2091,
2286,
-593,
-1784,
582,
-837,
-1536,
39,
-15,
205,
103,
-697,
655,
611,
-1152,
404,
1196,
-803,
-35,
611,
-1068,
330,
1722,
-470,
-556,
877,
-400,
-6458,
5821,
2741,
-4713,
2600,
329,
-10352,
-4418,
1491,
-3645,
-714,
3022,
-3108,
-2997,
1848,
-890,
-2399,
226,
-449,
-943,
271,
4,
188,
7,
-695,
789,
582,
-1235,
430,
846,
-1395,
225,
1550,
-855,
-168,
1712,
129,
-75,
1002,
-429,
-6608,
6266,
2718,
-5567,
2240,
733,
-9922,
-4096,
1392,
-4352,
-1245,
2789,
-3607,
-3223,
2287,
-708,
-2702,
225,
-144,
-809,
283,
25,
167,
-90,
-867,
717,
717,
-1174,
245,
641,
-1435,
334,
1663,
-898,
-190,
1958,
373,
-117,
927,
-530,
-7086,
6212,
2881,
-5580,
2409,
1575,
-8501,
-2754,
1905,
-4641,
-1440,
3249,
-2934,
-2884,
2521,
-156,
-2124,
379,
-224,
-830,
283,
24,
161,
-89,
-804,
613,
452,
-1019,
753,
904,
-1189,
699,
1596,
-1067,
96,
1967,
-258,
-542,
980,
-557,
-7428,
6181,
2585,
-6597,
1487,
1315,
-8737,
-3443,
1046,
-5471,
-2244,
2640,
-3217,
-3014,
2235,
-648,
-2516,
213,
-392,
-990,
321,
92,
152,
76,
-506,
759,
527,
-858,
903,
1052,
-956,
901,
1600,
-1262,
-127,
1929,
-110,
-378,
1081,
-609,
-7924,
6070,
2736,
-6869,
937,
1173,
-8599,
-3410,
1043,
-5595,
-2350,
3133,
-2441,
-2853,
1812,
-1212,
-3042,
-2,
-291,
-889,
403,
166,
111,
36,
-403,
1156,
1203,
-510,
749,
955,
-1198,
304,
1634,
-570,
-59,
1471,
-248,
-476,
864,
-639,
-8106,
5983,
2817,
-7124,
331,
1247,
-7745,
-2856,
1360,
-4690,
-1257,
3735,
-2089,
-2573,
1903,
-1034,
-2548,
543,
-2,
-904,
250,
94,
131,
43,
-422,
1085,
1072,
-535,
913,
1066,
-1377,
-14,
1463,
-605,
-78,
1520,
-196,
-606,
720,
-650,
-8093,
5939,
3328,
-6247,
810,
1933,
-6306,
-1931,
1184,
-4855,
-1256,
3274,
-2367,
-2077,
2383,
-1110,
-2793,
369,
-180,
-1097,
103,
52,
136,
35,
-498,
696,
475,
-792,
891,
1005,
-887,
914,
1624,
-1058,
-28,
1807,
-262,
-671,
667,
-658,
-8439,
5263,
3567,
-5351,
691,
1406,
-6025,
-1996,
270,
-4968,
-369,
3533,
-2998,
-2566,
2224,
-1252,
-2577,
1085,
289,
-1212,
-66,
35,
146,
128,
-468,
712,
869,
-452,
707,
1125,
-136,
1309,
1550,
-862,
350,
2079,
70,
-330,
888,
-685,
-8505,
5643,
3490,
-5853,
810,
1688,
-5986,
-1320,
1106,
-5146,
-908,
3272,
-3432,
-2834,
2534,
-1096,
-2873,
798,
33,
-1496,
-203,
1,
177,
227,
-442,
782,
1169,
-118,
954,
1266,
-452,
522,
929,
-1064,
232,
1955,
77,
-292,
828,
-704,
-8516,
6157,
3482,
-6480,
946,
2236,
-6099,
-1112,
2104,
-5016,
-1837,
3128,
-2649,
-2711,
1817,
-1479,
-2587,
1202,
285,
-1363,
-180,
-8,
173,
178,
-535,
463,
420,
-842,
789,
1299,
-674,
359,
1118,
-849,
89,
1550,
-107,
-53,
1094,
-697,
-8712,
5279,
3473,
-5748,
636,
1442,
-6654,
-1917,
2270,
-3800,
-2162,
2132,
-1372,
-883,
1877,
-1478,
-1901,
1162,
-53,
-1111,
59,
-1,
157,
30,
-539,
550,
237,
-563,
1792,
1656,
-1121,
473,
1592,
-1057,
-209,
1962,
445,
111,
1087,
-324,
-8322,
764,
2541,
-1377,
960,
-475,
-5609,
-2099,
1821,
-558,
-441,
655,
-804,
477,
1446,
-1121,
-1048,
689,
-184,
-484,
237,
4,
103,
-35,
-322,
461,
88,
-447,
938,
302,
-1400,
409,
1276,
-633,
212,
1615,
64,
-303,
634,
0,
-7579,
-1230,
2262,
154,
-282,
-954,
-2880,
-1781,
296,
697,
664,
-144,
-406,
856,
247,
-1302,
-404,
248,
-508,
-147,
268,
-39,
51,
-229,
-254,
398,
-64,
120,
1470,
144,
-1353,
501,
752,
-1094,
37,
1274,
-169,
-339,
538,
78,
-7832,
-1901,
2598,
902,
-835,
-848,
-746,
-1092,
-1756,
-276,
2210,
1191,
-754,
-396,
-1007,
-1797,
53,
840,
-465,
-441,
74,
-81,
77,
-73,
-26,
629,
436,
766,
1598,
-27,
-968,
1215,
1124,
-862,
330,
1376,
-150,
-231,
497,
-20,
-7847,
-2135,
1599,
381,
221,
195,
-285,
-47,
-1339,
-1411,
1918,
2288,
-405,
-511,
-582,
-2012,
-829,
696,
-240,
-667,
-171,
-110,
78,
-87,
-114,
756,
807,
608,
959,
-285,
-976,
1126,
1285,
-666,
264,
1472,
5,
-429,
381,
-97,
-7161,
-1567,
726,
-813,
575,
718,
-591,
236,
-1139,
-2727,
697,
2147,
-667,
-487,
526,
-1066,
-653,
896,
19,
-635,
-189,
-127,
104,
-102,
-489,
197,
321,
60,
611,
-329,
-1339,
580,
1171,
-826,
-178,
1549,
407,
-630,
-62,
-100,
-7057,
-1644,
-22,
-2116,
-604,
120,
-520,
473,
-1283,
-2617,
1499,
2351,
-1674,
-1312,
612,
-803,
-596,
878,
18,
-466,
30,
-104,
158,
112,
-453,
34,
304,
185,
692,
-202,
-1166,
489,
886,
-890,
-315,
834,
-286,
-625,
161,
-148,
-6870,
-1088,
-195,
-3176,
-1449,
-722,
-1998,
-941,
-2061,
-2883,
1757,
2768,
-1649,
-1445,
800,
-343,
-290,
693,
-388,
-635,
-7,
-147,
168,
-15,
-633,
169,
555,
321,
907,
43,
-925,
919,
1239,
-906,
-526,
478,
-648,
-630,
277,
-203,
-6816,
-816,
-828,
-4359,
-1947,
-1554,
-3753,
-1936,
-2132,
-3408,
971,
2407,
-1702,
-1233,
969,
-566,
-423,
835,
-470,
-893,
-116,
-162,
176,
7,
-544,
334,
488,
106,
1233,
956,
-73,
1352,
1335,
-606,
363,
1250,
-547,
-520,
713,
-255,
-6637,
-55,
-818,
-4758,
-1406,
-1258,
-3928,
-766,
-723,
-3236,
2026,
4847,
-224,
-505,
2155,
45,
-516,
1295,
220,
-740,
-122,
-100,
127,
-111,
-664,
249,
338,
-213,
1056,
962,
-434,
630,
818,
-817,
266,
1168,
-644,
-423,
1041,
-317,
-7085,
295,
-686,
-5401,
-1820,
-1613,
-4875,
-1544,
-1039,
-3734,
1565,
4665,
-655,
-1132,
1729,
-427,
-1191,
693,
-184,
-943,
-142,
-75,
112,
-116,
-505,
566,
439,
-426,
892,
700,
-1099,
198,
1106,
-450,
376,
1477,
-188,
-238,
1148,
-390,
-7211,
1192,
-275,
-5652,
-1022,
-453,
-4448,
-924,
-601,
-4628,
381,
4267,
-529,
-628,
2074,
-850,
-1718,
560,
-354,
-1146,
-185,
-100,
149,
-26,
-474,
689,
639,
-313,
920,
539,
-1373,
103,
1068,
-446,
719,
1834,
-230,
-434,
896,
-451,
-7453,
1983,
198,
-5807,
-277,
505,
-4517,
-1038,
-618,
-5416,
-143,
4820,
-109,
-778,
2224,
-256,
-1178,
751,
-442,
-1165,
-86,
-87,
176,
37,
-550,
550,
364,
-885,
451,
464,
-1401,
-14,
1067,
-380,
705,
1749,
-277,
-296,
1129,
-512,
-7997,
2376,
75,
-7149,
-1007,
577,
-5267,
-2383,
-1260,
-5242,
292,
4961,
-451,
-1244,
1597,
-1360,
-2239,
371,
-409,
-1172,
-165,
-132,
196,
94,
-346,
921,
516,
-960,
847,
1408,
-634,
321,
1128,
-619,
362,
1732,
146,
337,
1659,
-545,
-8313,
2747,
393,
-7326,
-783,
1369,
-4498,
-1618,
-551,
-4995,
307,
5431,
530,
-626,
1197,
-2081,
-2375,
560,
-258,
-866,
145,
-61,
193,
77,
-396,
839,
235,
-1265,
711,
985,
-1251,
304,
1368,
-938,
-143,
1432,
-321,
-234,
1362,
-574,
-8244,
3320,
823,
-7048,
111,
2306,
-4246,
-1340,
-196,
-5423,
-345,
5474,
772,
-468,
1692,
-1684,
-2605,
241,
-304,
-969,
-18,
-94,
186,
74,
-395,
629,
-191,
-1755,
114,
444,
-1453,
156,
941,
-1347,
-288,
1352,
-434,
-376,
1186,
-624,
-8393,
3775,
1174,
-6724,
877,
2432,
-4679,
-912,
47,
-6682,
-1691,
4688,
-380,
-1439,
1542,
-1834,
-2996,
-57,
-739,
-1434,
-163,
-103,
213,
220,
-257,
779,
121,
-1242,
744,
852,
-1278,
577,
1369,
-1464,
-378,
1881,
144,
-206,
1152,
-655,
-8470,
4370,
1468,
-7064,
872,
2712,
-4432,
-335,
523,
-6589,
-1157,
5413,
-401,
-1693,
1554,
-2050,
-3329,
-145,
-858,
-1555,
-58,
-14,
183,
129,
-506,
612,
331,
-880,
1032,
983,
-1559,
-54,
898,
-1536,
-254,
1970,
188,
-36,
1483,
-703,
-8724,
4609,
1724,
-6954,
1180,
2844,
-4394,
322,
1154,
-6944,
-2048,
4417,
-1546,
-2463,
1414,
-2056,
-3348,
-35,
-767,
-1561,
-67,
-6,
171,
66,
-567,
636,
494,
-498,
1421,
1037,
-1482,
502,
1496,
-1247,
33,
2231,
237,
-3,
1479,
-743,
-9081,
4745,
1591,
-7329,
1601,
3427,
-4459,
535,
1732,
-6922,
-2062,
4860,
-1363,
-2360,
1974,
-1736,
-3468,
133,
-439,
-1492,
-37,
29,
183,
228,
-438,
626,
457,
-861,
815,
776,
-1628,
305,
2046,
-209,
258,
1806,
40,
-207,
1052,
-760,
-9094,
4757,
1612,
-7386,
1450,
3177,
-4799,
513,
2397,
-6214,
-2078,
4553,
-1388,
-2430,
1736,
-1700,
-3159,
379,
-276,
-1350,
58,
77,
153,
192,
-321,
863,
755,
-514,
894,
360,
-2183,
-84,
1669,
-658,
-217,
1202,
-619,
-593,
1013,
-760,
-9046,
5128,
1666,
-7965,
978,
3046,
-5296,
-548,
1391,
-6831,
-2597,
4122,
-1213,
-1838,
1799,
-2071,
-2994,
1000,
33,
-1351,
71,
85,
171,
331,
-69,
1062,
674,
-685,
1178,
1099,
-1472,
428,
2024,
-411,
145,
1724,
-214,
-405,
1078,
-804,
-9258,
5436,
2300,
-7348,
1482,
3002,
-5855,
-594,
2196,
-6018,
-2224,
4184,
-1458,
-2099,
1924,
-1871,
-3147,
692,
-171,
-1488,
-20,
55,
187,
375,
-129,
777,
248,
-1120,
826,
948,
-1369,
755,
2447,
-209,
-48,
1453,
-233,
-299,
1062,
-813,
-9592,
5082,
1917,
-7736,
1344,
3218,
-5314,
519,
3626,
-5480,
-2880,
3705,
-1067,
-1688,
1947,
-1805,
-3105,
359,
-658,
-1774,
-139,
0,
220,
421,
-196,
689,
286,
-1048,
802,
864,
-1457,
628,
2168,
-601,
-162,
1705,
-201,
-641,
947,
-838,
-9914,
4978,
1925,
-7887,
1295,
3672,
-4511,
1258,
4099,
-5303,
-2911,
3622,
-1085,
-1497,
2362,
-1455,
-2954,
551,
-343,
-1494,
63,
99,
167,
300,
-264,
785,
518,
-1066,
405,
629,
-1357,
552,
1868,
-726,
-167,
1655,
-163,
-579,
845,
-864,
-10163,
4945,
1895,
-7878,
1844,
4518,
-4100,
1342,
4444,
-4679,
-2416,
3679,
-1505,
-2075,
2098,
-1253,
-2613,
637,
-520,
-1682,
-32,
60,
195,
411,
-126,
820,
359,
-1202,
623,
1034,
-1231,
505,
2192,
-52,
267,
1694,
-111,
-371,
987,
-872,
-9928,
5675,
2513,
-7726,
1795,
3960,
-5320,
328,
4115,
-4636,
-2040,
4235,
-1426,
-2578,
1563,
-1641,
-3047,
214,
-702,
-1633,
45,
80,
193,
422,
-127,
628,
-73,
-1534,
518,
870,
-1346,
731,
2460,
31,
432,
1912,
-28,
-229,
1163,
-903,
-10088,
5914,
3030,
-7480,
1778,
3881,
-5771,
-319,
3931,
-4629,
-2172,
4464,
-1158,
-3023,
1182,
-1197,
-2496,
473,
-448,
-1574,
-124,
37,
154,
232,
-191,
829,
309,
-1145,
664,
822,
-1413,
514,
2061,
-357,
54,
1487,
-429,
-549,
1024,
-908,
-10151,
5856,
2879,
-7493,
2247,
4508,
-5441,
1,
4544,
-4127,
-2109,
4368,
-1131,
-2915,
1344,
-870,
-2043,
812,
-348,
-1606,
-174,
19,
146,
94,
-407,
884,
692,
-726,
1060,
1132,
-1476,
264,
2024,
-456,
-311,
1372,
-243,
-659,
722,
-889,
-10066,
5795,
2759,
-7196,
2725,
4367,
-5783,
273,
4794,
-4571,
-2763,
3876,
-1310,
-2464,
2052,
-535,
-1926,
913,
-436,
-1814,
-319,
-41,
173,
93,
-535,
725,
562,
-778,
1162,
1353,
-1105,
719,
2223,
-441,
-70,
1694,
-111,
-593,
637,
-900,
-10157,
5509,
2697,
-7124,
2372,
3915,
-5983,
-359,
3634,
-5383,
-3344,
2858,
-2189,
-2511,
2217,
-812,
-2351,
698,
-496,
-1791,
-235,
8,
153,
83,
-515,
676,
442,
-766,
1464,
1853,
-715,
714,
1975,
-467,
132,
1700,
-249,
-479,
908,
-889,
-10078,
5594,
2943,
-6956,
1984,
3172,
-6657,
-1092,
2995,
-5262,
-2612,
3340,
-2075,
-2443,
2005,
-1382,
-2673,
821,
-413,
-1873,
-231,
55,
137,
122,
-450,
608,
255,
-1017,
1187,
1668,
-858,
358,
1477,
-632,
457,
2019,
-338,
-644,
1082,
-898,
-10233,
5802,
3376,
-6676,
2506,
4248,
-6050,
-1569,
2575,
-4938,
-2331,
3195,
-2390,
-2975,
1423,
-1600,
-2618,
952,
-187,
-1728,
-267,
23,
136,
113,
-289,
1032,
812,
-565,
1160,
929,
-1845,
8,
1881,
-291,
465,
2336,
312,
-347,
1018,
