-603,
-8206,
4234,
2415,
-4767,
2966,
4036,
-3634,
1435,
4996,
-2216,
-748,
4018,
-374,
-1117,
2385,
-37,
-1212,
1323,
505,
-606,
276,
115,
100,
44,
-422,
578,
383,
-891,
349,
252,
-1871,
-505,
789,
-1121,
-745,
644,
-590,
-555,
661,
-606,
-8429,
3968,
2348,
-4546,
2997,
3564,
-4006,
1592,
5205,
-2332,
-1110,
3702,
-71,
-313,
2651,
-421,
-1379,
1427,
501,
-597,
326,
110,
104,
-42,
-589,
472,
102,
-1316,
302,
487,
-1831,
-628,
611,
-1265,
-571,
926,
-696,
-898,
427,
-606,
-8437,
4140,
2559,
-4548,
2870,
3323,
-4659,
942,
5544,
-1211,
-307,
3932,
-249,
-966,
2121,
-148,
-861,
1526,
456,
-546,
354,
123,
88,
-17,
-390,
538,
-85,
-1252,
583,
507,
-1765,
-174,
1016,
-1074,
-352,
1004,
-919,
-1183,
233,
-601,
-8159,
4477,
2428,
-4911,
3073,
3825,
-4562,
707,
4970,
-2219,
-946,
4139,
-43,
-1240,
1914,
-167,
-1093,
1157,
301,
-477,
444,
149,
77,
-92,
-521,
521,
3,
-1270,
515,
482,
-1930,
-385,
1025,
-1116,
-651,
900,
-618,
-853,
414,
-605,
-8162,
4346,
2543,
-4461,
3498,
4271,
-4026,
861,
4626,
-2636,
-1363,
3791,
205,
-417,
2460,
-278,
-1399,
992,
186,
-591,
403,
157,
65,
-128,
-516,
621,
91,
-1309,
582,
892,
-1488,
-270,
977,
-1088,
-497,
1295,
-87,
-565,
456,
-602,
-8215,
4248,
2560,
-4411,
3237,
3796,
-4199,
1093,
4953,
-2218,
-733,
4175,
-62,
-750,
2676,
-20,
-1663,
609,
82,
-609,
346,
132,
76,
-111,
-677,
150,
-301,
-1219,
964,
1269,
-1219,
-318,
579,
-1448,
-544,
1427,
41,
-493,
450,
-602,
-8221,
4383,
2524,
-4674,
3121,
3853,
-4160,
1110,
4841,
-2513,
-1084,
3628,
-863,
-1289,
2720,
363,
-1119,
1170,
379,
-537,
412,
158,
92,
24,
-527,
339,
105,
-975,
511,
427,
-1875,
-780,
328,
-1310,
-438,
1038,
-393,
-496,
526,
-607,
-8181,
4367,
2377,
-4850,
3073,
3756,
-4531,
811,
4971,
-2348,
-1220,
3530,
-860,
-1600,
2173,
21,
-1172,
1317,
637,
-382,
412,
153,
83,
12,
-451,
347,
-137,
-1247,
454,
471,
-1810,
-518,
764,
-1047,
-454,
1003,
-403,
-683,
268,
-609,
-8246,
4353,
2683,
-4509,
2844,
3309,
-4460,
1017,
4701,
-2686,
-1316,
3327,
-920,
-939,
3182,
764,
-658,
1601,
536,
-586,
386,
175,
81,
34,
-441,
432,
104,
-998,
739,
1056,
-1062,
-143,
620,
-1233,
-352,
1097,
-592,
-873,
306,
-600,
-8147,
4388,
2946,
-4063,
3082,
3483,
-4134,
1213,
4723,
-2649,
-1448,
3031,
-1077,
-1181,
2571,
242,
-710,
1688,
440,
-789,
226,
126,
84,
-40,
-585,
230,
-274,
-1514,
287,
713,
-1254,
-30,
861,
-1252,
-522,
1124,
-429,
-695,
602,
-601,
-8131,
4297,
2417,
-4663,
3112,
3832,
-4086,
1096,
4541,
-3034,
-1697,
3121,
-922,
-891,
3050,
319,
-1226,
1204,
325,
-715,
336,
173,
81,
28,
-542,
154,
-323,
-1586,
-33,
258,
-1620,
-308,
718,
-1156,
-316,
1223,
-444,
-705,
606,
-604,
-8273,
3989,
2002,
-5028,
2941,
3913,
-3960,
963,
4394,
-2452,
-260,
4533,
-382,
-1191,
2478,
-124,
-1475,
1135,
432,
-553,
413,
182,
80,
35,
-481,
322,
-25,
-1256,
102,
198,
-1645,
-388,
369,
-1567,
-617,
905,
-673,
-722,
545,
-601,
-8237,
4144,
2381,
-4754,
2710,
3519,
-3991,
1174,
4668,
-2070,
-81,
4301,
-655,
-1358,
2331,
76,
-900,
1515,
499,
-531,
375,
124,
100,
-27,
-612,
247,
-162,
-1366,
185,
241,
-1572,
158,
1199,
-928,
-141,
1243,
-607,
-745,
638,
-602,
-8241,
4267,
2680,
-4376,
3174,
3950,
-4015,
856,
4604,
-2308,
-1004,
3513,
-627,
-1100,
2263,
-198,
-1081,
1604,
611,
-685,
214,
137,
58,
-126,
-631,
364,
178,
-1113,
43,
208,
-1262,
159,
780,
-1299,
-526,
811,
-725,
-624,
707,
-606,
-8370,
4389,
2735,
-4399,
3565,
4459,
-3925,
1043,
5161,
-2276,
-1621,
3373,
-147,
-998,
1890,
-355,
-1054,
1474,
599,
-393,
430,
133,
103,
18,
-524,
465,
402,
-651,
647,
551,
-1300,
176,
1057,
-1081,
-551,
632,
-997,
-899,
490,
-604,
-8281,
4244,
2307,
-4746,
3391,
4311,
-3745,
1479,
5218,
-2302,
-1264,
3299,
-957,
-1537,
1866,
-398,
-1103,
1445,
434,
-473,
530,
193,
77,
-81,
-624,
491,
312,
-1065,
204,
265,
-1509,
68,
976,
-1196,
-457,
1011,
-625,
-760,
400,
-600,
-8301,
3909,
2134,
-4631,
3185,
3992,
-3418,
2058,
5334,
-2225,
-863,
3448,
-1145,
-1356,
2351,
-362,
-1433,
1407,
646,
-444,
417,
152,
87,
-37,
-575,
395,
166,
-890,
697,
568,
-1672,
-240,
850,
-1281,
-739,
573,
-1062,
-1041,
397,
-593,
-8088,
3815,
1505,
-5254,
3036,
3983,
-3465,
1902,
4362,
-3763,
-1259,
4372,
-674,
-1789,
2146,
-185,
-1640,
774,
115,
-670,
360,
143,
82,
-136,
-855,
-36,
-416,
-1597,
175,
458,
-1687,
-537,
452,
-1355,
-466,
843,
-957,
-917,
631,
-596,
-8140,
3859,
1747,
-4914,
3366,
4367,
-2987,
2532,
5152,
-3226,
-1273,
4301,
-412,
-1649,
1830,
-570,
-1705,
970,
331,
-574,
379,
159,
63,
-182,
-781,
277,
8,
-1313,
341,
700,
-1445,
-391,
685,
-1047,
-318,
919,
-810,
-863,
564,
-603,
-8152,
4346,
2498,
-4673,
3016,
3829,
-3789,
1818,
5610,
-1882,
-619,
4047,
-536,
-1410,
2007,
-511,
-1622,
1078,
366,
-658,
288,
133,
77,
-107,
-699,
351,
286,
-921,
353,
259,
-1910,
-579,
801,
-872,
-404,
701,
-773,
-593,
753,
-603,
-8407,
4072,
2377,
-4716,
3034,
4082,
-3681,
1276,
4978,
-1972,
-702,
3662,
-566,
-1004,
2287,
-245,
-1116,
1402,
286,
-764,
325,
161,
75,
-74,
-630,
390,
131,
-1368,
-123,
254,
-1303,
92,
906,
-1226,
-689,
570,
-967,
-766,
777,
-607,
-8400,
3949,
2156,
-4800,
3045,
3893,
-3907,
1276,
4861,
-2265,
-521,
4271,
-265,
-764,
3197,
866,
-649,
1484,
515,
-551,
355,
158,
73,
-17,
-452,
426,
63,
-950,
775,
986,
-852,
472,
1126,
-1033,
-227,
1088,
-740,
-819,
580,
-607,
-8248,
4250,
2513,
-4767,
2619,
3661,
-3394,
1915,
4767,
-2918,
-1152,
3794,
-591,
-1046,
2606,
30,
-1203,
1291,
359,
-706,
301,
157,
68,
-54,
-506,
438,
91,
-1060,
409,
187,
-2014,
-443,
845,
-1053,
-364,
973,
-628,
-527,
855,
-602,
-8317,
4075,
2523,
-4418,
3154,
4096,
-3451,
1575,
4846,
-2821,
-1981,
2587,
-1152,
-1211,
2384,
-28,
-1030,
1481,
477,
-695,
247,
131,
80,
-5,
-450,
468,
138,
-1084,
285,
184,
-2137,
-1278,
-414,
-1959,
-812,
834,
-478,
-404,
760,
-603,
-8256,
4163,
2593,
-4229,
3372,
3895,
-4014,
1038,
4310,
-3037,
-1177,
3877,
-589,
-1197,
2699,
369,
-1109,
1157,
325,
-687,
270,
138,
75,
-47,
-576,
255,
-24,
-1052,
434,
379,
-1759,
-711,
161,
-1341,
-138,
1224,
-508,
-544,
646,
-606,
-8118,
4404,
2798,
-4237,
3191,
3720,
-4170,
966,
4693,
-2298,
-1059,
3073,
-1236,
-1165,
2637,
-67,
-1355,
1215,
419,
-592,
343,
141,
92,
50,
-404,
377,
-100,
-1148,
456,
273,
-1841,
-324,
610,
-1384,
-210,
1536,
-251,
-582,
580,
-596,
-8126,
4477,
2763,
-4361,
3264,
3953,
-3886,
1485,
5270,
-2229,
-1445,
2796,
-1260,
-1147,
2660,
52,
-1101,
1509,
574,
-601,
294,
123,
91,
-28,
-579,
291,
-146,
-1421,
311,
738,
-1355,
-473,
369,
-1237,
-111,
1407,
-299,
-585,
513,
-603,
-8371,
4194,
2432,
-4543,
3378,
3921,
-4364,
996,
4957,
-2660,
-1745,
3065,
-807,
-1009,
2634,
49,
-1117,
1543,
657,
-570,
310,
142,
88,
21,
-502,
341,
-22,
-1342,
66,
357,
-1521,
-487,
370,
-1274,
-396,
863,
-783,
-866,
372,
-604,
-8159,
4175,
2489,
-4405,
3380,
4247,
-3788,
819,
4072,
-3218,
-1734,
3189,
-848,
-1096,
2908,
594,
-1001,
1173,
386,
-635,
262,
118,
103,
137,
-317,
350,
-70,
-1216,
-8,
-87,
-1740,
-306,
417,
-1572,
-823,
507,
-860,
-656,
535,
-600,
-8049,
4245,
2502,
-4356,
3361,
4044,
-3840,
1137,
4404,
-3024,
-1421,
3638,
-401,
-762,
2898,
261,
-1313,
993,
267,
-667,
278,
131,
82,
15,
-422,
335,
-156,
-1107,
670,
616,
-1556,
-205,
666,
-1476,
-657,
1015,
-402,
-475,
654,
-600,
-8254,
4162,
2237,
-4689,
3327,
3961,
-3936,
1769,
5447,
-2507,
-1313,
3721,
-578,
-1317,
2174,
-352,
-1522,
1071,
265,
-723,
304,
155,
68,
-100,
-684,
100,
-403,
-1466,
614,
990,
-1397,
-430,
568,
-1403,
-722,
778,
-796,
-898,
543,
-606,
-8227,
4299,
2331,
-4890,
3147,
4202,
-3911,
1010,
4768,
-2419,
-1123,
3623,
-551,
-1200,
2058,
-484,
-1383,
1346,
432,
-714,
269,
153,
54,
-191,
-832,
89,
-97,
-1156,
474,
664,
-1335,
21,
1074,
-1059,
-552,
1045,
-354,
-728,
300,
-606,
-8325,
4077,
2249,
-4646,
3269,
3905,
-3996,
1474,
5094,
-2528,
-1211,
3619,
-605,
-1032,
2511,
-132,
-1382,
1095,
237,
-680,
366,
178,
46,
-234,
-809,
276,
46,
-1128,
670,
1088,
-879,
329,
1041,
-1343,
-747,
914,
-559,
-824,
309,
-603,
-8374,
3999,
2092,
-4812,
3224,
3807,
-4402,
982,
4842,
-2694,
-1552,
3048,
-1380,
-1669,
2449,
161,
-1173,
1316,
576,
-420,
505,
235,
31,
-168,
-704,
219,
-56,
-1303,
65,
258,
-1453,
-175,
495,
-1444,
-406,
1118,
-572,
-801,
307,
-603,
-8456,
3922,
1945,
-4944,
3318,
4137,
-3911,
1542,
5162,
-2817,
-1835,
3029,
-1040,
-1273,
2491,
-132,
-1377,
1350,
621,
-453,
499,
260,
9,
-202,
-608,
430,
71,
-1285,
141,
460,
-1049,
503,
1096,
-1364,
-710,
777,
-896,
-1020,
331,
-610,
-8372,
4102,
2531,
-4424,
3137,
3771,
-4098,
1116,
4940,
-2115,
-816,
3755,
-191,
-205,
3252,
135,
-1386,
1310,
625,
-541,
300,
148,
67,
-46,
-476,
456,
159,
-913,
637,
681,
-1274,
102,
1010,
-1043,
-367,
993,
-578,
-544,
813,
-604,
-8191,
4400,
2691,
-4551,
3030,
4048,
-3545,
1475,
4824,
-2479,
-974,
3874,
-211,
-650,
2678,
-146,
-1441,
1226,
558,
-507,
319,
132,
74,
-74,
-502,
542,
249,
-914,
645,
639,
-1522,
-154,
1056,
-789,
-219,
917,
-799,
-806,
586,
-598,
-8140,
4236,
2355,
-4784,
2965,
4123,
-3256,
1679,
4554,
-2822,
-975,
3769,
-620,
-901,
2573,
-397,
-1591,
1336,
650,
-517,
332,
151,
65,
-98,
-536,
551,
326,
-892,
491,
464,
-1413,
96,
913,
-1361,
-745,
639,
-936,
-895,
441,
-603,
-8224,
4256,
2262,
-4967,
2839,
3511,
-4547,
852,
4825,
-2422,
-1062,
3683,
-641,
-1202,
2326,
-169,
-1207,
1431,
506,
-616,
370,
193,
50,
-96,
-530,
535,
308,
-1072,
-4,
-145,
-1928,
-349,
622,
-1324,
-450,
952,
-751,
-820,
502,
-598,
-8071,
4340,
2509,
-4621,
2838,
3375,
-4299,
1198,
4883,
-2423,
-1166,
3256,
-873,
-845,
2751,
-18,
-1059,
1636,
599,
-643,
280,
131,
83,
-27,
-482,
446,
-21,
-1305,
264,
442,
-1378,
-24,
502,
-1786,
-751,
958,
-665,
-732,
553,
-605,
-8286,
4333,
2735,
-4568,
2673,
3366,
-4302,
953,
4797,
-2320,
-1388,
2945,
-777,
-691,
2640,
-138,
-1176,
1342,
317,
-710,
308,
129,
94,
-48,
-736,
-20,
-410,
-1533,
98,
401,
-1261,
209,
891,
-1436,
-752,
819,
-594,
-603,
518,
-611,
-8231,
4380,
2624,
-4598,
2937,
3616,
-4032,
1563,
5278,
-2294,
-1154,
3388,
-1010,
-1433,
2223,
-333,
-1439,
1301,
470,
-692,
296,
188,
44,
-62,
-458,
373,
-76,
-1200,
296,
315,
-1465,
48,
862,
-1207,
-455,
849,
-701,
-563,
675,
-606,
-8201,
4344,
2556,
-4495,
3186,
3721,
-4051,
1601,
5190,
-2677,
-1611,
3086,
-1166,
-1514,
2306,
85,
-952,
1336,
171,
-852,
264,
150,
68,
-88,
-561,
401,
-8,
-1260,
270,
331,
-1573,
-95,
714,
-1497,
-774,
645,
-861,
-687,
606,
-607,
-8165,
4379,
2526,
-4469,
3507,
4253,
-3783,
1258,
4465,
-3323,
-2114,
2708,
-1086,
-1044,
2413,
-409,
-1438,
1274,
446,
-475,
478,
167,
83,
-66,
-572,
454,
24,
-1323,
287,
342,
-1826,
-375,
736,
-1332,
-644,
792,
-773,
-687,
733,
-601,
-8372,
4131,
2439,
-4414,
3565,
4367,
-3514,
1738,
5070,
-2768,
-1435,
3477,
-976,
-1570,
2321,
-62,
-1460,
1092,
518,
-435,
414,
161,
76,
-52,
-584,
341,
49,
-1220,
119,
101,
-1850,
-311,
824,
-1286,
-699,
945,
-363,
-442,
762,
-603,
-8167,
4259,
2438,
-4711,
3118,
4299,
-3455,
1277,
4461,
-3034,
-1654,
3381,
-578,
-1098,
2494,
199,
-938,
1542,
697,
-466,
341,
143,
82,
9,
-519,
258,
74,
-793,
549,
201,
-1759,
-127,
835,
-1363,
-641,
1108,
-154,
-248,
866,
-610,
-8199,
4309,
2593,
-4523,
2966,
3613,
-4073,
1170,
4575,
-2722,
-1216,
3212,
-1199,
-1066,
3068,
456,
-910,
1564,
448,
-852,
175,
142,
63,
-74,
-511,
554,
436,
-649,
690,
424,
-1815,
-472,
631,
-1274,
-558,
856,
-680,
-689,
627,
-596,
-8277,
4244,
2587,
-4280,
3578,
4412,
-3350,
1503,
4298,
-3203,
-1282,
3558,
-762,
-768,
2964,
-20,
-1349,
1346,
409,
-714,
332,
175,
62,
-115,
-665,
343,
132,
-969,
681,
647,
-1751,
-502,
621,
-1558,
-1052,
688,
-448,
-465,
718,
-600,
-8326,
4313,
2704,
-4327,
3543,
4458,
-3790,
771,
4309,
-2684,
-1096,
3752,
-568,
-1407,
2001,
-262,
-1289,
1168,
358,
-543,
448,
201,
62,
-28,
-527,
211,
-196,
-1074,
743,
615,
-1784,
-420,
783,
-1336,
-851,
711,
-627,
-644,
695,
-614,
-8277,
4213,
2624,
-4525,
2794,
3424,
-4410,
721,
4592,
-2353,
-1053,
3538,
-625,
-1175,
2322,
12,
-1139,
1192,
387,
-493,
436,
176,
66,
-57,
-521,
355,
-124,
-1328,
431,
782,
-1186,
71,
1090,
-893,
-444,
685,
-912,
-846,
540,
-605,
-8274,
4141,
2490,
-4659,
2979,
4200,
-3555,
994,
4484,
-2446,
-1105,
3645,
-322,
-946,
2463,
231,
-919,
1383,
586,
-413,
396,
155,
73,
-6,
-408,
467,
-28,
-1383,
114,
570,
-1070,
91,
909,
-878,
-237,
953,
-469,
-494,
478,
-595,
-8388,
4095,
2630,
-4343,
3236,
4245,
-3470,
1288,
4690,
-2491,
-1205,
3538,
-426,
-776,
2996,
846,
-416,
1732,
680,
-563,
216,
90,
102,
90,
-292,
562,
240,
-817,
507,
373,
-1451,
-86,
615,
-1433,
-700,
625,
-876,
-871,
326,
-605,
-8372,
4012,
2572,
-4299,
3211,
4234,
-3125,
1797,
4892,
-2340,
-684,
4033,
-418,
-1067,
2572,
248,
-972,
1429,
571,
-530,
321,
128,
101,
111,
-314,
497,
178,
-854,
632,
648,
-1290,
14,
985,
-852,
-220,
934,
-659,
-658,
569,
-608,
-8310,
4226,
2441,
-4764,
3013,
4143,
-3458,
1699,
5182,
-2488,
-1671,
2927,
-999,
-1467,
1968,
-57,
-625,
1837,
621,
-603,
268,
101,
98,
-6,
-520,
242,
-276,
-1216,
656,
503,
-1824,
-289,
835,
-1345,
-623,
1029,
-484,
-674,
451,
-597,
-8276,
4257,
2379,
-4568,
3525,
4232,
-3979,
967,
4207,
-3292,
-1595,
3208,
-1309,
-1726,
2064,
-219,
-964,
1685,
466,
-728,
346,
170,
77,
-72,
-724,
54,
-382,
-1612,
-16,
53,
-1944,
-305,
803,
-1456,
-792,
873,
-675,
-889,
351,
-598,
-8336,
4051,
2279,
-4667,
3193,
3890,
-4403,
380,
4203,
-2599,
-1281,
2930,
-1346,
-1250,
2738,
260,
-934,
1639,
755,
-429,
390,
164,
61,
-137,
-745,
86,
-219,
-1298,
177,
83,
-1888,
-353,
637,
-1398,
-544,
991,
-682,
-892,
364,
-612,
-8265,
4082,
2145,
-4790,
3617,
4840,
-3683,
734,
4651,
-2365,
-1571,
2824,
-1004,
-1056,
2809,
462,
-1025,
1159,
393,
-576,
275,
112,
85,
-30,
-479,
449,
107,
-1086,
320,
330,
-1606,
-315,
524,
-1441,
-649,
827,
-634,
-708,
411,
-609,
-8332,
4180,
2342,
-4781,
3272,
4539,
-3253,
1635,
4886,
-2878,
-1678,
3486,
-375,
-960,
2667,
462,
-993,
889,
-12,
-652,
450,
188,
67,
-59,
-530,
457,
219,
-772,
933,
791,
-1809,
-809,
317,
-1457,
-669,
865,
-578,
-628,
607,
-596,
-8261,
4276,
2557,
-4519,
3305,
4280,
-3568,
1563,
5319,
-1965,
-801,
3856,
-378,
-1012,
2514,
143,
-1142,
1116,
246,
-669,
323,
146,
80,
-11,
-458,
509,
288,
-769,
678,
484,
-1742,
-460,
546,
-1387,
-607,
848,
-765,
-853,
541,
-612,
-8380,
4334,
2586,
-4705,
2921,
3665,
-4147,
1316,
5077,
-2311,
-645,
4569,
219,
-802,
2372,
-384,
-1697,
1000,
417,
-592,
293,
133,
78,
-30,
-507,
301,
-206,
-1296,
536,
687,
-1515,
-225,
865,
-1132,
-459,
1032,
-558,
-764,
517,
-605,
-8296,
4065,
2330,
-4394,
3529,
4042,
-3872,
1724,
5330,
-2456,
-957,
4395,
206,
-895,
2031,
-757,
-1886,
823,
206,
-572,
475,
195,
74,
-51,
-620,
354,
165,
-1089,
323,
592,
-1093,
271,
835,
-1537,
-644,
1127,
-516,
-692,
777,
-551,
-8087,
3470,
1743,
-3755,
4564,
3701,
-5492,
604,
5531,
-1964,
-1240,
3522,
-481,
-768,
3048,
350,
-1479,
825,
414,
-249,
605,
176,
112,
32,
-754,
127,
393,
-550,
500,
465,
-1261,
-146,
491,
-1253,
-203,
1182,
-538,
-666,
646,
-569,
-8108,
3795,
2173,
-3737,
4474,
4050,
-5279,
46,
4825,
-2234,
-1315,
3566,
-282,
-628,
3244,
660,
-1539,
371,
112,
-320,
566,
184,
78,
-52,
-636,
370,
474,
-516,
627,
532,
-1150,
245,
805,
-1511,
-809,
719,
-785,
-762,
648,
-589,
-7939,
4277,
2634,
-3575,
4363,
4014,
-4488,
1450,
5447,
-2629,
-1908,
2702,
-1523,
-1796,
1950,
-742,
-2145,
547,
201,
-451,
462,
135,
107,
30,
-441,
532,
16,
-1332,
393,
468,
-1897,
-556,
602,
-1565,
-974,
564,
-977,
-881,
711,
-545,
-7524,
4390,
2795,
-3246,
4281,
3470,
-5079,
1021,
5303,
-2775,
-2584,
1684,
-2387,
-2366,
1835,
-489,
-2016,
549,
321,
-429,
326,
82,
115,
61,
-414,
361,
-144,
-1144,
638,
508,
-1907,
-662,
377,
-1695,
-1069,
425,
-1067,
-1143,
216,
-465,
-7203,
3539,
2132,
-2251,
5573,
3422,
-5939,
541,
5280,
-3052,
-3185,
1466,
-2198,
-2315,
1976,
4,
-1737,
404,
221,
-346,
400,
94,
122,
98,
-434,
370,
217,
-605,
908,
696,
-1585,
-447,
556,
-1428,
-1063,
143,
-1306,
-1367,
16,
-402,
-7067,
3251,
1850,
-1549,
6905,
3856,
-6633,
-118,
4985,
-3516,
-3804,
995,
-2567,
-2618,
1884,
168,
-1508,
440,
132,
-285,
559,
144,
122,
131,
-440,
317,
237,
-345,
1414,
1162,
-1346,
-429,
238,
-1961,
-1268,
360,
-1105,
-1240,
229,
-386,
-6901,
3471,
1856,
-1885,
6352,
2997,
-7915,
-1322,
4430,
-3779,
-4319,
662,
-2262,
-2398,
1403,
-325,
-1422,
599,
16,
-365,
583,
128,
145,
127,
-536,
454,
573,
-421,
882,
770,
-1489,
-636,
-17,
-2096,
-1349,
214,
-1282,
-1318,
289,
-381,
-6637,
3718,
1928,
-2034,
6309,
3466,
-7207,
-1015,
4167,
-4329,
-4670,
848,
-1967,
-2529,
1257,
-23,
-1091,
635,
6,
-308,
628,
153,
131,
142,
-447,
466,
568,
-241,
1011,
574,
-1809,
-915,
-277,
-2153,
-1127,
414,
-1259,
-1315,
337,
-387,
-6616,
3706,
1750,
-2432,
5888,
3280,
-7157,
-945,
4173,
-4238,
-4486,
829,
-2188,
-2390,
1937,
515,
-1129,
457,
49,
-251,
551,
88,
164,
209,
-427,
387,
362,
-538,
816,
677,
-1538,
-772,
-304,
-2251,
-1351,
-26,
-1845,
-1844,
45,
-361,
-6508,
3509,
1152,
-2806,
5934,
2915,
-8139,
-1821,
3688,
-4241,
-3826,
1708,
-1476,
-1657,
2412,
397,
-1293,
580,
103,
-289,
602,
120,
165,
247,
-349,
681,
865,
-233,
729,
357,
-2002,
-1368,
-891,
-2586,
-1290,
302,
-1515,
-1685,
16,
-348,
-6304,
3335,
598,
-3471,
5241,
2222,
-8703,
-2142,
3627,
-4017,
-3145,
2782,
-658,
-1582,
2106,
230,
-1251,
731,
234,
-277,
600,
157,
134,
222,
-236,
786,
766,
-447,
691,
523,
-2089,
-1898,
-1356,
-2745,
-1502,
46,
-1505,
-1585,
-40,
-323,
-5829,
3218,
133,
-3628,
5225,
2099,
-8624,
-1846,
3885,
-3593,
-2490,
3145,
-783,
-1807,
2029,
222,
-1327,
597,
191,
-244,
593,
158,
111,
151,
-96,
1046,
741,
-520,
872,
610,
-1972,
-1218,
-523,
-2321,
-1158,
462,
-1359,
-1651,
-104,
-275,
-5575,
3032,
-112,
-3333,
5735,
2063,
-9347,
-2540,
3925,
-3151,
-2335,
3160,
-631,
-1795,
1900,
187,
-1510,
182,
-81,
-330,
518,
138,
99,
138,
40,
1087,
444,
-726,
1007,
724,
-1920,
-992,
-336,
-2314,
-1017,
768,
-1235,
-1710,
-56,
-241,
-5438,
2707,
-485,
-3245,
5674,
1259,
-10076,
-2333,
4274,
-3486,
-2489,
3647,
-792,
-2867,
1385,
413,
-1635,
-228,
-184,
-334,
439,
125,
81,
64,
-76,
819,
56,
-1068,
854,
831,
-1734,
-854,
-94,
-2133,
-1150,
659,
-1183,
-1908,
-409,
-241,
-5342,
2596,
-557,
-3349,
5278,
1113,
-9556,
-1832,
4209,
-3638,
-2133,
4248,
-625,
-2983,
1654,
786,
-1736,
-400,
-91,
-346,
299,
91,
84,
109,
-66,
617,
-71,
-991,
780,
761,
-1502,
-709,
-194,
-2160,
-1199,
429,
-1421,
-2124,
-567,
-252,
-5330,
2513,
-652,
-3554,
4773,
728,
-9390,
-1746,
3708,
-3811,
-1357,
4997,
-547,
-2910,
1986,
932,
-1683,
-153,
88,
-399,
239,
95,
77,
105,
-93,
547,
-122,
-1047,
618,
526,
-1617,
-538,
120,
-2133,
-1611,
-68,
-1664,
-2147,
-517,
-246,
-5264,
2489,
-873,
-3717,
4783,
597,
-9623,
-1795,
3760,
-3691,
-1163,
5046,
-458,
-2606,
1928,
427,
-1840,
106,
203,
-429,
255,
107,
73,
75,
-118,
556,
-229,
-1193,
665,
614,
-1503,
-149,
507,
-1994,
-1395,
170,
-1692,
-2127,
-289,
-246,
-5245,
2321,
-1112,
-4047,
4382,
603,
-9095,
-1246,
4159,
-3377,
-975,
5489,
489,
-1883,
1885,
129,
-1925,
109,
168,
-505,
152,
65,
75,
24,
-103,
807,
105,
-1116,
444,
415,
-1566,
-348,
137,
-2199,
-1384,
162,
-1698,
-2005,
-182,
-243,
-5091,
2333,
-1096,
-4064,
4059,
291,
-8962,
-1090,
3859,
-3770,
-1072,
5523,
529,
-1819,
1769,
-193,
-2061,
269,
271,
-559,
139,
91,
61,
0,
-169,
736,
179,
-1004,
385,
286,
-1600,
-283,
334,
-1915,
-1141,
456,
-1268,
-1692,
-171,
-246,
-5034,
2367,
-1162,
-4427,
3534,
88,
-8796,
-821,
4132,
-3752,
-1402,
5353,
644,
-1880,
1522,
-403,
-2297,
116,
336,
-482,
132,
86,
64,
17,
-259,
473,
58,
-911,
337,
127,
-1659,
-315,
416,
-1665,
-1044,
456,
-1010,
-1384,
-137,
-236,
-4932,
2487,
-1349,
-4802,
3471,
182,
-8923,
-735,
4777,
-3169,
-1273,
5518,
1005,
-1850,
1140,
-693,
-2350,
69,
268,
-509,
84,
45,
80,
13,
-285,
440,
-111,
-1116,
406,
356,
-1613,
-416,
343,
-1687,
-916,
780,
-684,
-1164,
2,
-229,
-4841,
2685,
-1566,
-5245,
3647,
687,
-8907,
-926,
4887,
-3012,
-1303,
5476,
1106,
-1712,
1014,
-1084,
-2588,
48,
187,
-592,
112,
57,
87,
-26,
-471,
425,
152,
-1154,
16,
264,
-1469,
-556,
154,
-1492,
-575,
933,
-588,
-953,
206,
-216,
-4672,
2509,
-1624,
-5093,
3606,
860,
-8416,
-1065,
4041,
-3740,
-1889,
4820,
750,
-1666,
1111,
-1112,
-2688,
9,
262,
-492,
204,
116,
58,
-54,
-480,
448,
535,
-418,
556,
578,
-1086,
-401,
-32,
-1562,
-598,
584,
-988,
-1080,
190,
-199,
-4509,
2259,
-2354,
-5511,
3774,
1092,
-7853,
-122,
4191,
-4196,
-1565,
5305,
192,
-2474,
884,
-1121,
-2599,
228,
314,
-590,
157,
112,
52,
-120,
-578,
363,
363,
-461,
919,
973,
-803,
210,
620,
-1487,
-777,
538,
-1097,
-1210,
230,
-186,
-4498,
2153,
-2601,
-5663,
3924,
1340,
-7849,
-358,
3980,
-4271,
-1544,
5613,
989,
-1628,
1186,
-1129,
-2450,
372,
274,
-610,
191,
107,
64,
-113,
-590,
409,
337,
-626,
802,
817,
-1149,
10,
757,
-1283,
-522,
957,
-790,
-1187,
173,
-184,
-4466,
2181,
-2719,
-6104,
3447,
1376,
-7469,
-223,
3984,
-3948,
-1053,
5820,
865,
-1722,
1340,
-943,
-2363,
577,
551,
-542,
145,
116,
46,
-123,
-557,
342,
257,
-582,
763,
558,
-1488,
-279,
675,
-1079,
-266,
1124,
-546,
-815,
530,
-209,
-4535,
2496,
-2445,
-6179,
3459,
1599,
-7315,
-44,
4221,
-3995,
-1382,
5481,
400,
-2405,
892,
-894,
-2269,
410,
443,
-455,
157,
62,
73,
-135,
-600,
399,
260,
-723,
669,
601,
-1308,
-18,
778,
-1118,
-122,
1347,
-589,
-1001,
466,
-206,
-4633,
2444,
-2511,
-6163,
3717,
1989,
-6948,
111,
3958,
-4361,
-1391,
5662,
585,
-2039,
1220,
-1027,
-2712,
26,
222,
-553,
104,
31,
85,
-160,
-649,
475,
416,
-638,
683,
633,
-1166,
110,
587,
-1526,
-401,
1062,
-1083,
-1428,
265,
-207,
-4624,
2648,
-2373,
-6262,
3568,
1917,
-6902,
146,
3659,
-4810,
-1451,
5881,
679,
-2027,
1202,
-1092,
-2570,
396,
458,
-503,
172,
87,
60,
-187,
-696,
309,
213,
-712,
685,
528,
-1380,
-78,
501,
-1537,
-486,
839,
-1215,
-1338,
376,
-218,
-4592,
2945,
-2097,
-6471,
3143,
1849,
-6753,
290,
4106,
-4190,
-1220,
5858,
751,
-2149,
756,
-1384,
-2478,
564,
461,
-583,
132,
76,
73,
-134,
-674,
300,
218,
-767,
655,
685,
-1273,
-140,
639,
-1202,
-321,
963,
-968,
-1233,
338,
-245,
-4908,
3067,
-1886,
-6802,
2616,
1744,
-6665,
186,
4068,
-4076,
-1380,
5629,
1121,
-1601,
583,
-1906,
-2532,
806,
609,
-433,
275,
104,
76,
-140,
-697,
399,
396,
-805,
214,
59,
-1563,
-32,
528,
-1680,
-534,
1166,
-825,
-1263,
302,
-262,
-5025,
3083,
-1813,
-6623,
2852,
1718,
-6700,
559,
4423,
-4048,
-1310,
5787,
1234,
-1384,
753,
-1964,
-2533,
898,
546,
-549,
240,
85,
94,
-112,
-700,
451,
414,
-957,
59,
-11,
-1701,
-221,
530,
-1342,
-67,
1411,
-758,
-1114,
455,
-255,
-5103,
2797,
-1997,
-6572,
2693,
1271,
-6816,
1040,
5032,
-3676,
-1090,
5934,
1324,
-1095,
1383,
-1439,
-2584,
514,
332,
-577,
178,
25,
122,
-128,
-922,
28,
-70,
-1270,
45,
89,
-1706,
-201,
742,
-1097,
63,
1493,
-732,
-1186,
431,
-258,
-5228,
2485,
-1951,
-6243,
2877,
1733,
-6161,
1000,
4670,
-3426,
-558,
6129,
1169,
-1491,
1020,
-1565,
-2681,
430,
414,
-491,
190,
48,
99,
-147,
-837,
144,
73,
-1175,
-43,
106,
-1322,
271,
1070,
-946,
-46,
1306,
-790,
-1296,
220,
-264,
-5159,
2465,
-1842,
-5720,
3238,
1089,
-7273,
527,
4641,
-3741,
-1119,
5651,
1022,
-1078,
1762,
-996,
-2384,
634,
633,
-265,
309,
54,
105,
-165,
-858,
247,
210,
-1069,
202,
445,
-1112,
342,
1024,
-1133,
-263,
1133,
-905,
-1261,
350,
-295,
-5454,
2715,
-1182,
-5268,
3144,
357,
-8390,
-381,
4222,
-3848,
-1071,
5717,
834,
-1620,
1210,
-1126,
-2134,
882,
731,
-245,
275,
26,
108,
-219,
-912,
288,
201,
-1249,
-80,
154,
-1312,
182,
692,
-1555,
-554,
874,
-1164,
-1318,
410,
-385,
-5863,
3393,
-110,
-5215,
2848,
1138,
-7152,
-30,
4006,
-3654,
-542,
5906,
512,
-1908,
1452,
-610,
-1785,
1042,
642,
-650,
-63,
-18,
82,
-272,
-790,
439,
161,
-1306,
146,
580,
-1046,
336,
1095,
-1084,
-431,
847,
-1027,
-1188,
371,
