-519,
-10604,
637,
1504,
-5094,
-2126,
-1472,
-4004,
1963,
2982,
-4572,
-3610,
11,
-3240,
-2642,
756,
-1257,
-1823,
582,
-150,
-1012,
-81,
9,
80,
-91,
-278,
990,
607,
-855,
704,
1296,
-917,
-773,
64,
-790,
306,
1383,
-277,
-466,
787,
-662,
-10796,
1911,
1769,
-5795,
-952,
-337,
-5303,
659,
2914,
-4384,
-2475,
1749,
-2510,
-2255,
1470,
-1089,
-2017,
541,
-370,
-1213,
-27,
18,
118,
-3,
-343,
931,
589,
-865,
722,
943,
-1413,
-593,
390,
-1109,
-66,
1282,
-391,
-401,
876,
-740,
-10840,
2658,
1899,
-6400,
-706,
-84,
-6337,
-269,
2823,
-4634,
-2757,
1736,
-2952,
-2932,
1239,
-1194,
-2238,
489,
-297,
-1143,
79,
73,
105,
36,
-218,
1034,
529,
-861,
1154,
1492,
-1095,
-36,
1272,
-719,
-326,
1090,
-251,
-200,
996,
-765,
-10843,
3025,
1981,
-6279,
119,
582,
-6010,
365,
2938,
-5111,
-2314,
2722,
-2666,
-2830,
1428,
-1335,
-2172,
903,
-221,
-1268,
130,
122,
87,
-53,
-318,
1106,
464,
-1311,
658,
964,
-1747,
-527,
785,
-1272,
-310,
1513,
-289,
-557,
882,
-776,
-10806,
3097,
1892,
-6297,
442,
789,
-6118,
480,
3331,
-4824,
-2003,
3217,
-2168,
-2244,
2219,
-707,
-1967,
1000,
57,
-980,
234,
139,
63,
-201,
-496,
1053,
567,
-1044,
948,
1093,
-1684,
-584,
380,
-1565,
49,
1943,
-423,
-866,
759,
-790,
-10968,
3326,
2320,
-6310,
184,
842,
-6316,
-311,
3096,
-4328,
-2244,
2325,
-2266,
-1817,
2170,
-827,
-1725,
1180,
124,
-814,
317,
102,
101,
-119,
-438,
1097,
605,
-858,
1313,
1371,
-1482,
-201,
708,
-1777,
-567,
1598,
-115,
-250,
1104,
-812,
-10931,
3602,
2309,
-6672,
44,
763,
-6689,
-574,
3168,
-4150,
-1941,
2659,
-2218,
-1901,
2284,
-667,
-1816,
845,
-242,
-1036,
248,
101,
93,
-156,
-540,
787,
76,
-1357,
871,
842,
-1818,
-163,
710,
-1884,
-452,
1696,
-396,
-652,
841,
-843,
-10941,
3721,
1828,
-7489,
-110,
896,
-6797,
-550,
3166,
-4237,
-1404,
3576,
-1614,
-1310,
2792,
-763,
-1959,
1153,
-11,
-1067,
219,
72,
133,
-62,
-538,
963,
463,
-1246,
824,
1084,
-1558,
-191,
575,
-2056,
-578,
1875,
-74,
-593,
713,
-866,
-11090,
3751,
1681,
-7708,
211,
1441,
-6694,
-777,
2670,
-5110,
-2185,
2924,
-2885,
-3046,
1593,
-1236,
-2178,
991,
-136,
-1155,
201,
68,
152,
51,
-394,
1124,
752,
-703,
1688,
1874,
-1409,
-269,
1064,
-1387,
-445,
1751,
-63,
-548,
807,
-888,
-11086,
4092,
1990,
-7485,
639,
1669,
-6776,
-379,
3575,
-4512,
-2023,
3090,
-2365,
-1991,
2763,
-669,
-2187,
860,
-309,
-1385,
53,
33,
161,
53,
-417,
1144,
886,
-602,
1437,
1289,
-1759,
-86,
1313,
-1396,
-454,
1771,
-271,
-876,
551,
-892,
-11136,
4199,
2220,
-7291,
935,
2155,
-6533,
-534,
3454,
-4576,
-2240,
3062,
-2110,
-1903,
2752,
-468,
-2093,
595,
-585,
-1445,
58,
26,
158,
-51,
-676,
897,
632,
-1130,
843,
1021,
-2068,
-725,
939,
-1351,
-596,
1508,
-205,
-709,
568,
-910,
-11264,
4318,
2260,
-7466,
834,
2139,
-6528,
-763,
2384,
-6001,
-2638,
3543,
-1987,
-2236,
2478,
-645,
-2114,
794,
-425,
-1415,
85,
40,
162,
3,
-563,
1089,
856,
-943,
1146,
1615,
-1332,
-198,
1113,
-1295,
-446,
1587,
-258,
-628,
782,
-924,
-11211,
4577,
2358,
-7533,
949,
2212,
-6637,
-661,
2723,
-5732,
-2614,
3107,
-2696,
-2649,
2282,
-961,
-2235,
1051,
-205,
-1425,
16,
19,
158,
-70,
-632,
1137,
768,
-1374,
711,
1552,
-973,
453,
1721,
-962,
-242,
1728,
-287,
-703,
809,
-926,
-11266,
4522,
2387,
-7425,
1114,
2581,
-5903,
413,
3964,
-4572,
-1653,
4026,
-1814,
-2165,
2208,
-1320,
-2512,
1163,
302,
-961,
173,
37,
154,
-29,
-521,
1064,
578,
-1198,
1047,
1528,
-1015,
775,
2084,
-703,
-40,
1618,
-671,
-1009,
603,
-920,
-11116,
4510,
2152,
-7894,
547,
2158,
-6312,
-132,
3595,
-4689,
-1884,
3614,
-2168,
-2262,
2457,
-1025,
-2567,
907,
169,
-970,
207,
61,
149,
-1,
-490,
1090,
659,
-1258,
786,
1436,
-955,
677,
2102,
-349,
245,
1642,
-722,
-1033,
756,
-949,
-11441,
4424,
1890,
-8477,
398,
2422,
-6577,
-757,
3552,
-4353,
-1918,
3161,
-2990,
-3444,
1469,
-1389,
-2587,
913,
116,
-1117,
100,
61,
140,
72,
-270,
1206,
643,
-1289,
474,
766,
-1601,
101,
1472,
-745,
122,
1428,
-892,
-817,
1073,
-969,
-11578,
4597,
1904,
-8715,
466,
2666,
-6513,
-681,
3742,
-3873,
-887,
4073,
-2921,
-3700,
1385,
-1546,
-2740,
972,
145,
-1173,
121,
95,
120,
-45,
-524,
1091,
892,
-862,
929,
1154,
-1470,
131,
1671,
-537,
234,
1595,
-864,
-1152,
701,
-976,
-11709,
4530,
1992,
-8329,
834,
2380,
-6988,
-298,
4533,
-3814,
-1314,
3982,
-2679,
-3423,
1546,
-1737,
-3264,
551,
131,
-935,
276,
96,
144,
-2,
-592,
1007,
848,
-1053,
549,
826,
-1485,
426,
1800,
-1021,
-479,
1317,
-777,
-1116,
645,
-973,
-11559,
4560,
1773,
-8355,
1379,
2884,
-7213,
-868,
4333,
-3628,
-1132,
4150,
-2137,
-2473,
2421,
-1097,
-2669,
928,
116,
-1035,
287,
106,
145,
-51,
-730,
977,
962,
-968,
710,
1116,
-1368,
327,
1713,
-1121,
-568,
1463,
-552,
-1179,
382,
-975,
-11487,
4582,
1587,
-8716,
993,
2628,
-7062,
-525,
3955,
-4659,
-1492,
4524,
-2238,
-2844,
2744,
-639,
-2791,
824,
365,
-876,
297,
127,
130,
-43,
-740,
848,
941,
-850,
717,
1211,
-970,
709,
1963,
-861,
-505,
1293,
-535,
-914,
559,
-980,
-11530,
4594,
1510,
-8909,
1041,
3064,
-6685,
-348,
4604,
-3428,
-764,
4328,
-2504,
-2992,
2115,
-1413,
-3034,
806,
144,
-1135,
167,
105,
117,
-105,
-668,
998,
816,
-994,
908,
1277,
-1170,
829,
2327,
-645,
-143,
1846,
-256,
-827,
728,
-991,
-11665,
4577,
1531,
-8815,
1376,
3430,
-6390,
323,
5566,
-3062,
-1117,
4149,
-2145,
-2632,
2086,
-1584,
-2958,
998,
25,
-1467,
17,
103,
122,
-31,
-654,
722,
187,
-1907,
167,
1144,
-1116,
572,
2102,
-631,
-237,
1663,
-267,
-715,
918,
-1010,
-11825,
4716,
1692,
-8876,
1192,
3039,
-6775,
355,
5451,
-3924,
-1981,
3807,
-2544,
-3019,
2320,
-1168,
-2946,
1018,
356,
-1191,
49,
69,
141,
-52,
-839,
570,
339,
-1683,
131,
989,
-1206,
483,
2021,
-604,
-82,
1812,
-343,
-947,
856,
-1046,
-12185,
4829,
2001,
-8675,
1756,
3981,
-6142,
577,
5523,
-4027,
-1860,
4577,
-1959,
-3426,
1805,
-790,
-2183,
1358,
325,
-1233,
124,
146,
102,
-58,
-696,
701,
466,
-1385,
509,
1307,
-1095,
35,
1147,
-1132,
-90,
1811,
-438,
-965,
812,
-1201,
-14001,
5203,
2372,
-9436,
2319,
5006,
-6479,
502,
5829,
-4936,
-3100,
3810,
-2736,
-3699,
1827,
-1455,
-2741,
1491,
253,
-1492,
182,
227,
77,
-145,
-846,
771,
650,
-1264,
878,
1669,
-1105,
64,
1061,
-1718,
-422,
2031,
-426,
-1153,
839,
-2307,
-19692,
12044,
5907,
-14451,
5229,
9151,
-11298,
0,
9934,
-7054,
-3511,
8350,
-2874,
-4710,
5367,
0,
-3813,
2343,
967,
-1773,
406,
280,
199,
0,
-1168,
1197,
787,
-2350,
986,
1933,
-2610,
0,
2601,
-1924,
-985,
2375,
-817,
-1313,
1429,
-2307,
-19692,
12044,
5907,
-14451,
5229,
9151,
-11298,
0,
9934,
-7054,
-3511,
8350,
-2874,
-4710,
5367,
0,
-3813,
2343,
967,
-1773,
406,
280,
199,
0,
-1168,
1197,
787,
-2350,
986,
1933,
-2610,
0,
2601,
-1924,
-985,
2375,
-817,
-1313,
1429,
-2307,
-19692,
12044,
5907,
-14451,
5229,
9151,
-11298,
0,
9934,
-7054,
-3511,
8350,
-2874,
-4710,
5367,
0,
-3813,
2343,
967,
-1773,
406,
280,
199,
0,
-1168,
1197,
787,
-2350,
986,
1933,
-2610,
0,
2601,
-1924,
-985,
2375,
-817,
-1313,
1429,
-2307,
-19692,
12044,
5907,
-14451,
5229,
9151,
-11298,
0,
9934,
-7054,
-3511,
8350,
-2874,
-4710,
5367,
0,
-3813,
2343,
967,
-1773,
406,
280,
199,
0,
-1168,
1197,
787,
-2350,
986,
1933,
-2610,
0,
2601,
-1924,
-985,
2375,
-817,
-1313,
1429,
-2307,
-19692,
12044,
5907,
-14451,
5229,
9151,
-11298,
0,
9934,
-7054,
-3511,
8350,
-2874,
-4710,
5367,
0,
-3813,
2343,
967,
-1773,
406,
280,
199,
0,
-1168,
1197,
787,
-2350,
986,
1933,
-2610,
0,
2601,
-1924,
-985,
2375,
-817,
-1313,
1429,
-2307,
-19692,
12044,
5907,
-14451,
5229,
9151,
-11298,
0,
9934,
-7054,
-3511,
8350,
-2874,
-4710,
5367,
0,
-3813,
2343,
967,
-1773,
406,
280,
199,
0,
-1168,
1197,
787,
-2350,
986,
1933,
-2610,
0,
2601,
-1924,
-985,
2375,
-817,
-1313,
1429,
-2307,
-19692,
12044,
5907,
-14451,
5229,
9151,
-11298,
0,
9934,
-7054,
-3511,
8350,
-2874,
-4710,
5367,
0,
-3813,
2343,
967,
-1773,
406,
280,
199,
0,
-1168,
1197,
787,
-2350,
986,
1933,
-2610,
0,
2601,
-1924,
-985,
2375,
-817,
-1313,
1429,
-2307,
-19692,
12044,
5907,
-14451,
5229,
9151,
-11298,
0,
9934,
-7054,
-3511,
8350,
-2874,
-4710,
5367,
0,
-3813,
2343,
967,
-1773,
406,
280,
199,
0,
-1168,
1197,
787,
-2350,
986,
1933,
-2610,
0,
2601,
-1924,
-985,
2375,
-817,
-1313,
1429,
-2307,
-19692,
12044,
5907,
-14451,
5229,
9151,
-11298,
0,
9934,
-7054,
-3511,
8350,
-2874,
-4710,
5367,
0,
-3813,
2343,
967,
-1773,
406,
280,
199,
0,
-1168,
1197,
787,
-2350,
986,
1933,
-2610,
0,
2601,
-1924,
-985,
2375,
-817,
-1313,
1429,
-2307,
-19692,
12044,
5907,
-14451,
5229,
9151,
-11298,
0,
9934,
-7054,
-3511,
8350,
-2874,
-4710,
5367,
0,
-3813,
2343,
967,
-1773,
406,
280,
199,
0,
-1168,
1197,
787,
-2350,
986,
1933,
-2610,
0,
2601,
-1924,
-985,
2375,
-817,
-1313,
1429,
-2307,
-19692,
12044,
5907,
-14451,
5229,
9151,
-11298,
0,
9934,
-7054,
-3511,
8350,
-2874,
-4710,
5367,
0,
-3813,
2343,
967,
-1773,
406,
280,
199,
0,
-1168,
1197,
787,
-2350,
986,
1933,
-2610,
0,
2601,
-1924,
-985,
2375,
-817,
-1313,
1429,
-2307,
-19692,
12044,
5907,
-14451,
5229,
9151,
-11298,
0,
9934,
-7054,
-3511,
8350,
-2874,
-4710,
5367,
0,
-3813,
2343,
967,
-1773,
406,
280,
199,
0,
-1168,
1197,
787,
-2350,
986,
1933,
-2610,
0,
2601,
-1924,
-985,
2375,
-817,
-1313,
1429,
-2307,
-19692,
12044,
5907,
-14451,
5229,
9151,
-11298,
0,
9934,
-7054,
-3511,
8350,
-2874,
-4710,
5367,
0,
-3813,
2343,
967,
-1773,
406,
280,
199,
0,
-1168,
1197,
787,
-2350,
986,
1933,
-2610,
0,
2601,
-1924,
-985,
2375,
-817,
-1313,
1429,
-2307,
-19692,
12044,
5907,
-14451,
5229,
9151,
-11298,
0,
9934,
-7054,
-3511,
8350,
-2874,
-4710,
5367,
0,
-3813,
2343,
967,
-1773,
406,
280,
199,
0,
-1168,
1197,
787,
-2350,
986,
1933,
-2610,
0,
2601,
-1924,
-985,
2375,
-817,
-1313,
1429,
-1445,
-15482,
7223,
2910,
-11089,
4049,
7219,
-7513,
565,
7440,
-4818,
-2741,
4167,
-4172,
-3295,
5199,
387,
-3085,
1432,
558,
-1203,
437,
199,
180,
73,
-816,
902,
485,
-1808,
739,
1383,
-1721,
338,
1543,
-2014,
-343,
2415,
-690,
-1196,
1145,
-1110,
-12581,
5420,
2236,
-9028,
2322,
4736,
-6176,
1052,
6874,
-2863,
-1357,
3982,
-3092,
-3090,
3473,
-79,
-2848,
608,
55,
-1204,
148,
96,
142,
-31,
-743,
679,
280,
-1533,
785,
1387,
-1477,
108,
1592,
-1256,
-530,
1616,
-583,
-1108,
773,
-1024,
-11924,
4819,
1922,
-8862,
1023,
2988,
-6904,
-118,
5093,
-3727,
-1601,
3824,
-3007,
-3648,
2114,
-805,
-2648,
831,
33,
-1297,
105,
116,
128,
40,
-539,
897,
706,
-985,
1014,
1556,
-1134,
183,
1536,
-1134,
-692,
1293,
-349,
-615,
928,
-1021,
-11937,
4866,
2128,
-8643,
994,
2822,
-7050,
-493,
4585,
-3736,
-1201,
3929,
-3128,
-3563,
2208,
-907,
-2759,
787,
73,
-1133,
251,
157,
110,
-16,
-544,
847,
303,
-1541,
783,
1581,
-1049,
375,
1709,
-1000,
-389,
1560,
-390,
-695,
979,
-1020,
-11408,
5533,
2679,
-8062,
2063,
4230,
-6013,
51,
5016,
-3431,
-1025,
4401,
-2420,
-3268,
2024,
-1016,
-2643,
792,
-150,
-1343,
183,
138,
126,
-20,
-711,
772,
652,
-1143,
848,
1679,
-725,
535,
1607,
-1142,
-552,
1395,
-431,
-650,
988,
-974,
-10997,
5511,
2811,
-7493,
2295,
4156,
-5738,
421,
5149,
-3362,
-1242,
3836,
-2638,
-2973,
2174,
-1284,
-3066,
479,
-213,
-1310,
85,
40,
176,
79,
-522,
1168,
1128,
-711,
1301,
2194,
-230,
857,
1704,
-1106,
-414,
1629,
-176,
-477,
1026,
-965,
-11030,
5481,
2913,
-7337,
2443,
4623,
-4852,
1183,
5350,
-3604,
-1612,
3602,
-2537,
-2506,
2757,
-970,
-3051,
586,
96,
-1114,
70,
2,
196,
133,
-493,
1119,
1103,
-663,
1264,
2078,
-244,
847,
1438,
-1535,
-587,
1922,
271,
-295,
975,
-967,
-11048,
5649,
3195,
-7243,
2220,
4314,
-4939,
1423,
5850,
-2991,
-1032,
4093,
-2238,
-2559,
2554,
-927,
-2911,
451,
-131,
-1145,
111,
12,
183,
92,
-336,
1461,
1058,
-1149,
962,
1906,
-830,
101,
1133,
-1414,
-318,
2198,
421,
-307,
902,
-959,
-11047,
5405,
2849,
-7340,
2384,
4408,
-5110,
1195,
5942,
-2545,
-686,
3965,
-2733,
-3169,
1977,
-1300,
-3073,
223,
-493,
-1365,
109,
30,
195,
198,
-221,
1505,
1202,
-827,
1110,
1581,
-1275,
109,
1519,
-1245,
-665,
1591,
-37,
-465,
930,
-981,
-11181,
5405,
2783,
-7413,
2584,
4643,
-5034,
1377,
6184,
-2503,
-699,
4027,
-2737,
-3229,
2026,
-1074,
-2747,
493,
-333,
-1258,
181,
63,
170,
108,
-340,
1249,
789,
-1000,
1250,
1520,
-1484,
256,
1830,
-1127,
-604,
1553,
-336,
-757,
829,
-1004,
-11682,
5013,
2435,
-7939,
1974,
3788,
-6460,
-17,
5479,
-3249,
-1981,
3186,
-2792,
-3464,
1290,
-1785,
-3169,
377,
-268,
-1282,
66,
11,
197,
237,
-114,
1515,
1055,
-863,
1387,
2094,
-653,
695,
1837,
-1293,
-824,
1628,
114,
-462,
806,
-1014,
-11715,
5068,
2529,
-7954,
1907,
3924,
-6124,
182,
5510,
-2837,
-941,
4234,
-2150,
-2659,
2641,
-501,
-2477,
681,
-104,
-1192,
162,
78,
154,
48,
-541,
1031,
876,
-947,
983,
1565,
-1100,
158,
1412,
-1230,
-584,
1523,
-294,
-858,
575,
-1001,
-11581,
5081,
2490,
-7916,
1874,
3761,
-6253,
-125,
4785,
-3483,
-1069,
4346,
-2024,
-2586,
2401,
-926,
-2708,
520,
-352,
-1338,
130,
57,
167,
60,
-495,
1077,
678,
-1167,
1192,
1869,
-1138,
59,
1403,
-1307,
-550,
1756,
-111,
-743,
692,
-1009,
-11776,
4941,
2384,
-8005,
1917,
3894,
-6193,
-53,
5035,
-3151,
-722,
4847,
-1464,
-2298,
2408,
-898,
-2486,
923,
119,
-972,
322,
116,
153,
134,
-252,
1311,
859,
-919,
1328,
1800,
-1041,
350,
1381,
-1698,
-876,
1630,
-179,
-838,
539,
-1147,
-12980,
5480,
2530,
-8938,
2189,
4225,
-7166,
-132,
5616,
-4000,
-1541,
5154,
-1664,
-2872,
2538,
-753,
-2516,
1314,
515,
-922,
329,
134,
150,
108,
-350,
1267,
778,
-1234,
991,
1563,
-1255,
266,
1367,
-1716,
-720,
1792,
-192,
-694,
817,
-1090,
-12228,
5755,
2893,
-8226,
2540,
4608,
-6173,
394,
5025,
-4731,
-2005,
4552,
-1991,
-2489,
2887,
-1019,
-2841,
1295,
407,
-1176,
241,
148,
140,
1,
-719,
992,
931,
-1248,
745,
1809,
-1157,
-549,
992,
-930,
-294,
1371,
-419,
-672,
745,
-1021,
-11754,
4964,
1997,
-8624,
1691,
3858,
-6476,
-366,
4732,
-3671,
-1310,
4228,
-2192,
-2775,
2182,
-1398,
-3044,
826,
126,
-1239,
81,
65,
163,
126,
-382,
1166,
853,
-1124,
842,
1623,
-901,
302,
1470,
-1105,
-454,
1492,
-252,
-510,
946,
-1004,
-11496,
4947,
1670,
-8943,
1506,
3598,
-6818,
-398,
4983,
-3769,
-1811,
3834,
-2580,
-3353,
1925,
-1256,
-3152,
452,
-28,
-1219,
52,
43,
167,
147,
-296,
1254,
890,
-1073,
873,
1551,
-942,
496,
1766,
-1002,
-479,
1533,
-300,
-728,
802,
-862,
-10659,
3910,
519,
-8508,
1838,
3197,
-6461,
888,
6296,
-3128,
-2350,
2914,
-2405,
-2183,
3089,
-429,
-2600,
922,
478,
-913,
147,
117,
90,
-101,
-571,
974,
893,
-767,
744,
822,
-1638,
-11,
1447,
-953,
-501,
1089,
-615,
-665,
839,
-537,
-7633,
3141,
-736,
-7813,
775,
1045,
-6228,
1879,
6142,
-3733,
-3204,
2706,
-1429,
-1761,
2729,
-393,
-2796,
402,
636,
-618,
18,
43,
96,
-55,
-623,
508,
599,
-1005,
-396,
-132,
-1492,
-291,
754,
-629,
-59,
827,
-576,
-361,
822,
-222,
-5550,
1212,
-3163,
-7554,
162,
-1023,
-6786,
1843,
5063,
-4735,
-3930,
1922,
-1824,
-2090,
2350,
-432,
-3146,
-331,
575,
-192,
148,
27,
89,
-91,
-634,
381,
434,
-1200,
-964,
-646,
-1402,
-207,
517,
-734,
-154,
725,
-254,
-13,
707,
-125,
-5419,
-510,
-4330,
-7586,
-1034,
-2154,
-6667,
931,
3460,
-5188,
-4782,
207,
-2566,
-2519,
1296,
-846,
-2973,
-677,
111,
-353,
19,
-38,
115,
67,
-368,
327,
205,
-1223,
-1269,
-1203,
-1558,
-542,
-592,
-1845,
-857,
174,
-446,
144,
806,
-105,
-5200,
-515,
-3771,
-6512,
-220,
-1154,
-5394,
1580,
3905,
-4329,
-4291,
342,
-1927,
-1774,
1657,
-439,
-2559,
-570,
135,
-331,
-56,
-81,
124,
92,
-303,
320,
215,
-995,
-1009,
-1022,
-1268,
-298,
-680,
-2133,
-1152,
-109,
-632,
160,
994,
-107,
-5031,
-317,
-3217,
-5868,
314,
-74,
-4068,
2233,
4613,
-2847,
-3017,
1003,
-1199,
-1056,
2022,
-201,
-2361,
-426,
331,
-200,
-43,
-67,
106,
86,
-206,
423,
396,
-652,
-820,
-1175,
-1577,
-657,
-979,
-2167,
-993,
-51,
-786,
-2,
1047,
-116,
-5358,
-492,
-3532,
-6236,
258,
-296,
-4705,
1757,
4128,
-3856,
-3962,
573,
-1648,
-1633,
1692,
-457,
-2739,
-657,
314,
-211,
-63,
-49,
82,
30,
-198,
502,
559,
-423,
-882,
-1816,
-2386,
-1134,
-1247,
-2350,
-890,
199,
-733,
-86,
1018,
-118,
-5257,
-182,
-3380,
-6172,
463,
-288,
-4695,
2193,
4349,
-4124,
-4061,
494,
-2006,
-1691,
1867,
-575,
-2737,
-349,
362,
-387,
-127,
-77,
123,
144,
-150,
631,
678,
-638,
-1030,
-1502,
-2043,
-876,
-670,
-1668,
-559,
291,
-716,
-194,
889,
-111,
-5036,
151,
-2916,
-5717,
848,
235,
-4050,
2777,
5036,
-3343,
-3616,
688,
-1576,
-1136,
2256,
-199,
-2367,
-183,
472,
-161,
70,
-13,
97,
92,
-153,
658,
711,
-495,
-787,
-1257,
-1793,
-759,
-798,
-1739,
-447,
209,
-1070,
-490,
725,
-112,
-5294,
-246,
-3475,
-6586,
-344,
-1019,
-5168,
1940,
4639,
-3646,
-4426,
-428,
-2389,
-1761,
1527,
-738,
-2606,
-527,
-23,
-457,
4,
-32,
111,
89,
-270,
573,
849,
-228,
-541,
-987,
-1474,
-592,
-1003,
-2191,
-710,
327,
-895,
-573,
526,
-128,
-5192,
162,
-2951,
-6311,
-429,
-1302,
-5336,
2084,
5064,
-2972,
-3678,
33,
-2130,
-1300,
2044,
-533,
-2612,
-612,
-211,
-575,
32,
-14,
114,
40,
-527,
300,
867,
-6,
-274,
-670,
-1100,
-97,
-486,
-2030,
-855,
343,
-802,
-781,
209,
-171,
-5238,
694,
-2660,
-6496,
-362,
-1374,
-5979,
1625,
5121,
-2451,
-2470,
1230,
-1725,
-1101,
2319,
-713,
-2927,
-542,
-96,
-585,
99,
50,
80,
-68,
-652,
327,
910,
-173,
-306,
-383,
-880,
165,
192,
-1392,
-763,
208,
-884,
-1025,
-223,
-250,
-5660,
1626,
-2076,
-6841,
-11,
-984,
-6446,
1428,
4846,
-3535,
-2980,
1555,
-1615,
-787,
2960,
-563,
-2918,
-343,
-252,
-861,
128,
98,
84,
-33,
-656,
349,
777,
-531,
-556,
-691,
-1298,
271,
580,
-1354,
-481,
1020,
-377,
-965,
-156,
-324,
-6063,
2451,
-1492,
-7130,
203,
-639,
-6626,
1638,
5192,
-3691,
-2860,
1806,
-1856,
-686,
3463,
-567,
-2930,
96,
-100,
-1062,
36,
70,
120,
76,
-569,
485,
699,
-1024,
-990,
-911,
-1464,
468,
1009,
-1251,
-483,
1192,
-248,
-742,
223,
-402,
-6476,
2748,
-1109,
-7368,
122,
-100,
-6253,
1564,
5176,
-3580,
-2744,
1996,
-1997,
-1540,
2565,
-723,
-2604,
371,
92,
-936,
41,
56,
113,
12,
-615,
474,
736,
-691,
-332,
-315,
-1138,
623,
1108,
-1070,
-262,
1184,
-420,
-765,
282,
-415,
-6855,
2670,
-1363,
-7745,
-35,
-466,
-6442,
2147,
5633,
-3250,
-1435,
3466,
-1340,
-854,
3218,
-975,
-3183,
-30,
-455,
-1297,
132,
153,
85,
-38,
-715,
379,
608,
-708,
-67,
-238,
-1296,
884,
1427,
-1299,
-349,
1579,
-159,
-571,
695,
-384,
-7207,
2453,
-1985,
-9056,
-1252,
-841,
-5989,
2887,
6029,
-3497,
-2336,
2237,
-2237,
-1361,
2637,
-1314,
-2920,
200,
-557,
-1321,
166,
121,
106,
-39,
-590,
709,
600,
-974,
150,
248,
-1107,
885,
1255,
-1596,
-407,
1517,
-563,
-835,
841,
-420,
-7371,
2543,
-1771,
-8922,
-1065,
-476,
-5692,
2646,
5418,
-3425,
-1393,
2733,
-2623,
-1518,
3053,
-1020,
-2849,
314,
-521,
-1402,
132,
131,
98,
-59,
-644,
536,
308,
-1086,
429,
531,
-1210,
541,
807,
-2084,
-613,
1547,
-776,
-1234,
650,
-475,
-7550,
2997,
-997,
-8298,
-480,
-91,
-5744,
2615,
5823,
-2821,
-990,
2665,
-3032,
-1624,
3513,
-510,
-2621,
475,
-317,
-1283,
140,
115,
111,
-18,
-611,
568,
412,
-972,
234,
-65,
-1612,
912,
1672,
-1298,
-24,
1920,
-778,
-1543,
306,
-539,
-8009,
2909,
-1046,
-8347,
-110,
22,
-6558,
1739,
5563,
-2998,
-1372,
2353,
-3292,
-2008,
3053,
-918,
-2925,
281,
-378,
-1258,
111,
62,
139,
-29,
-771,
315,
169,
-997,
431,
-28,
-1728,
1029,
1787,
-1581,
-325,
2062,
-315,
-1041,
614,
-534,
-8229,
2806,
-1166,
-8441,
212,
684,
-6040,
1971,
5581,
-3225,
-1800,
1797,
-3856,
-2177,
3498,
-347,
-2772,
88,
-640,
-1515,
-80,
6,
150,
-29,
-763,
356,
294,
-727,
711,
41,
-1789,
1018,
1661,
-1979,
-717,
1881,
-471,
-1200,
672,
-547,
-8318,
2849,
-1452,
-8778,
687,
1621,
-5414,
2377,
5870,
-3068,
-1463,
2198,
-3743,
-2173,
3470,
-511,
-2724,
454,
-367,
-1384,
64,
66,
138,
-21,
-648,
758,
683,
-829,
598,
498,
-1316,
1070,
1796,
-1562,
-355,
2185,
-171,
-1122,
584,
-555,
-8373,
3148,
-952,
-8628,
453,
1515,
-5283,
2385,
5597,
-3528,
-1825,
2434,
-2940,
-1581,
3518,
-581,
-2813,
85,
-820,
-1550,
126,
118,
114,
-50,
-623,
743,
564,
-831,
831,
744,
-1050,
1533,
2098,
-1827,
-796,
2045,
-162,
-1101,
783,
-564,
-8469,
3517,
-527,
-8627,
369,
1725,
-4813,
3044,
6203,
-3350,
-2039,
2151,
-3225,
-2043,
2858,
-1181,
-3165,
-159,
-1079,
-1719,
69,
95,
130,
-27,
-616,
874,
841,
-579,
1024,
872,
-1220,
1000,
1572,
-2059,
-878,
1951,
-169,
-968,
903,
-600,
-8585,
3349,
-371,
-8566,
23,
1682,
-4866,
2147,
5447,
-3238,
-1905,
2369,
-2625,
-2029,
2410,
-960,
-2725,
-153,
-968,
-1473,
52,
36,
142,
10,
-442,
946,
769,
-413,
1265,
986,
-960,
1100,
1210,
-2142,
-428,
2187,
-207,
-824,
1091,
-628,
-8544,
3154,
407,
-7384,
-93,
1124,
-4984,
1445,
4318,
-3938,
-2498,
1936,
-2734,
-2280,
2533,
-16,
-1954,
233,
-282,
-854,
154,
-13,
170,
79,
-451,
828,
753,
-555,
779,
678,
-1172,
625,
1354,
-1307,
-323,
1695,
-252,
-856,
751,
-613,
-8645,
2740,
423,
-7111,
-438,
614,
-5340,
572,
3322,
-4316,
-2828,
1247,
-3353,
-2574,
2714,
530,
-1610,
313,
-144,
-767,
118,
-29,
174,
110,
-492,
553,
420,
-858,
508,
741,
-1058,
188,
938,
-1103,
-124,
1691,
44,
-539,
685,
-628,
-8834,
2837,
448,
-7308,
-168,
1548,
-4457,
1065,
3673,
-4112,
-2800,
1597,
-2367,
-1548,
3135,
608,
-1407,
457,
-304,
-972,
89,
2,
148,
14,
-574,
681,
686,
-894,
14,
195,
-1354,
-14,
680,
-1392,
-553,
1056,
-502,
-734,
688,
-630,
-9250,
2224,
-585,
-7949,
78,
1519,
-4970,
945,
3456,
-4809,
-3170,
1678,
-1996,
-867,
3201,
-227,
-1970,
384,
-460,
-1057,
78,
-87,
224,
116,
-469,
1220,
1322,
-548,
466,
676,
-993,
773,
1760,
-528,
376,
1969,
-134,
-683,
723,
-630,
-9116,
2396,
-692,
-7871,
837,
2138,
-4953,
1156,
3943,
-4646,
-3176,
1599,
-2466,
-1431,
2850,
-651,
-2345,
497,
-36,
-701,
304,
3,
183,
0,
-663,
917,
905,
-979,
213,
627,
-933,
802,
1410,
-1255,
33,
2324,
193,
-833,
410,
-611,
-8953,
2740,
-506,
-7673,
1322,
2234,
-5420,
1127,
4318,
-5011,
-4186,
1031,
-2326,
-1115,
2868,
-991,
-2686,
393,
-85,
-779,
346,
84,
135,
-42,
-580,
962,
853,
-1080,
-101,
205,
-956,
1012,
1152,
-1777,
-128,
2270,
-93,
-1009,
507,
-611,
-9108,
2730,
-837,
-8079,
1383,
2243,
-5578,
1272,
4236,
-5549,
-4488,
752,
-2899,
-1386,
2667,
-1728,
-3302,
350,
-107,
-931,
280,
74,
135,
-89,
-603,
1085,
861,
-1170,
135,
456,
-1056,
1177,
1847,
-1063,
495,
2762,
-7,
-1019,
795,
-648,
-9109,
3127,
-544,
-8217,
1422,
2592,
-5537,
1215,
4920,
-4229,
-3331,
1387,
-2697,
-1391,
2738,
-1485,
-2975,
719,
220,
-764,
332,
100,
111,
-187,
-748,
893,
594,
-1452,
56,
578,
-1191,
638,
1469,
-1110,
189,
2138,
-338,
-999,
753,
-694,
-9419,
3166,
-165,
-7802,
1517,
2102,
-6246,
801,
4620,
-4501,
-3226,
1588,
-2863,
-1517,
2981,
-1300,
-3097,
459,
-19,
-826,
425,
133,
129,
-59,
-663,
877,
590,
-1442,
152,
884,
-903,
593,
1169,
-1437,
-109,
1862,
-577,
-1269,
351,
-739,
-9472,
3619,
360,
-7549,
1892,
2502,
-6329,
496,
4676,
-4072,
-2798,
1654,
-3131,
-1642,
3183,
-1112,
-3063,
465,
-85,
-986,
326,
119,
138,
35,
-473,
996,
593,
-1342,
427,
1083,
-873,
743,
1533,
-1189,
-143,
1816,
-355,
-848,
682,
-762,
-9655,
3564,
200,
-8050,
1297,
2105,
-6526,
437,
4781,
-3700,
-2210,
1935,
-3648,
-2606,
2452,
-1581,
-3544,
104,
-129,
-878,
377,
121,
139,
20,
-576,
724,
333,
-1188,
914,
1266,
-1133,
596,
1659,
-1186,
-338,
1692,
-297,
-631,
931,
-795,
-9799,
3878,
456,
-8242,
1165,
2062,
-7072,
-501,
4065,
-4034,
-2342,
1916,
-3621,
-2784,
1969,
-1873,
-3232,
533,
-145,
-1110,
281,
118,
134,
5,
-518,
955,
536,
-1245,
808,
1343,
-961,
784,
1750,
-1380,
-656,
1544,
-406,
-854,
848,
-811,
-10203,
3461,
-45,
-8844,
629,
1693,
-7105,
-259,
4009,
-4410,
-2266,
2441,
-3386,
-2781,
2146,
-1758,
-3347,
380,
-371,
-1395,
165,
118,
144,
114,
-431,
894,
516,
-1175,
874,
1541,
-652,
931,
1820,
-1123,
-274,
1948,
57,
-457,
988,
-827,
-10381,
3523,
21,
-8836,
812,
1727,
-7428,
-408,
4053,
-4665,
-2356,
3198,
-2315,
-2127,
2498,
-1492,
-3201,
539,
-52,
-1014,
433,
204,
115,
39,
-557,
824,
602,
-1149,
639,
1114,
-1340,
-135,
731,
-1808,
-710,
1418,
-533,
-923,
643,
-838,
-10299,
3780,
496,
-8411,
871,
1571,
-7490,
-510,
3666,
-5204,
-3012,
2036,
-4077,
-3783,
1766,
-1302,
-2788,
710,
-45,
-1071,
307,
133,
137,
39,
-549,
813,
368,
-1499,
437,
1001,
-1282,
468,
1679,
-1129,
-279,
1971,
40,
-535,
959,
-837,
-10237,
4005,
697,
-8438,
736,
1602,
-7347,
-859,
2564,
-6202,
-3188,
2184,
-4141,
-3914,
1633,
-1506,
-2978,
524,
-188,
-1050,
341,
92,
174,
42,
-751,
560,
181,
-1548,
610,
1006,
-1870,
-365,
1076,
-1537,
-487,
2146,
421,
-357,
876,
