-1034,
-12144,
4846,
2231,
-8669,
1123,
3427,
-6630,
-959,
3533,
-5034,
-2509,
3579,
-2176,
-2602,
2386,
-830,
-2428,
1038,
250,
-911,
392,
192,
89,
-104,
-649,
789,
381,
-1278,
1058,
1771,
-857,
419,
1544,
-949,
21,
1945,
-179,
-628,
822,
-1018,
-12137,
4811,
2576,
-8028,
1435,
3291,
-6971,
-1100,
4150,
-4048,
-2148,
3570,
-1788,
-2151,
2436,
-1033,
-2841,
531,
-6,
-994,
264,
126,
107,
-100,
-690,
723,
609,
-625,
1379,
1321,
-1205,
819,
2177,
-555,
155,
1707,
-649,
-867,
811,
-1007,
-12174,
4583,
2429,
-8143,
1165,
3316,
-6652,
-1385,
3201,
-4714,
-2265,
3450,
-2180,
-2489,
2569,
-478,
-2274,
881,
115,
-1017,
272,
168,
85,
-93,
-673,
575,
344,
-985,
859,
868,
-1514,
360,
1597,
-1065,
-390,
1282,
-636,
-668,
870,
-1036,
-12082,
4850,
2122,
-8634,
1372,
3315,
-7290,
-1389,
3721,
-4808,
-2599,
3424,
-2276,
-2714,
2313,
-787,
-2231,
1316,
373,
-1044,
177,
85,
148,
42,
-625,
600,
146,
-1453,
723,
1068,
-1570,
303,
1893,
-820,
-172,
1771,
-319,
-748,
871,
-1027,
-12011,
4917,
2356,
-8439,
1377,
3580,
-6873,
-1602,
2945,
-5514,
-3121,
3126,
-2157,
-2333,
2633,
-733,
-2468,
1057,
301,
-1050,
153,
83,
139,
-18,
-688,
788,
722,
-953,
810,
1097,
-1560,
35,
1828,
-421,
12,
1677,
-33,
-267,
954,
-1029,
-12285,
4686,
2441,
-8122,
1556,
3662,
-6488,
-974,
3257,
-5743,
-3538,
2801,
-2477,
-2590,
2780,
-202,
-2027,
1191,
296,
-1076,
133,
84,
139,
35,
-556,
847,
711,
-857,
952,
1230,
-1233,
510,
2188,
-84,
475,
2083,
148,
-310,
779,
-1036,
-12210,
4676,
2049,
-8700,
1081,
2951,
-7452,
-1483,
3503,
-4934,
-2446,
3469,
-2750,
-3335,
2111,
-778,
-2461,
942,
49,
-1337,
-3,
61,
138,
27,
-497,
982,
700,
-1013,
988,
1338,
-1543,
-186,
1399,
-934,
-307,
1552,
-256,
-625,
733,
-1033,
-12261,
4695,
2335,
-8296,
1350,
3225,
-7176,
-1541,
3195,
-5092,
-2372,
3667,
-2540,
-3252,
2093,
-784,
-2460,
979,
183,
-1149,
182,
159,
92,
-52,
-633,
586,
166,
-1434,
651,
1157,
-1453,
-164,
1132,
-1170,
-445,
1177,
-778,
-871,
788,
-1023,
-12162,
4730,
2307,
-8464,
876,
2692,
-7279,
-1319,
3290,
-5139,
-2473,
3493,
-2426,
-2610,
2776,
-506,
-2496,
801,
4,
-1255,
55,
60,
146,
53,
-521,
727,
227,
-1312,
986,
1430,
-1155,
568,
1865,
-967,
-277,
1658,
-410,
-693,
1037,
-1021,
-12148,
4605,
2140,
-8494,
765,
2066,
-8134,
-1533,
3630,
-5250,
-3017,
3378,
-2308,
-2931,
2372,
-488,
-2318,
895,
95,
-1174,
91,
77,
129,
-52,
-705,
710,
507,
-1199,
669,
1217,
-1027,
659,
1898,
-884,
-390,
1456,
-331,
-519,
955,
-1036,
-12032,
4961,
2300,
-8593,
1113,
2839,
-7817,
-1673,
3744,
-4925,
-2781,
3755,
-1918,
-3084,
1876,
-670,
-2200,
956,
109,
-1091,
179,
105,
123,
-32,
-609,
881,
689,
-1143,
430,
662,
-1658,
239,
1699,
-1097,
-706,
1225,
-350,
-474,
907,
-1018,
-11949,
4812,
2080,
-8884,
679,
2818,
-7277,
-1531,
3168,
-5374,
-2807,
3834,
-1624,
-2616,
2054,
-681,
-2011,
1104,
-69,
-1301,
179,
153,
103,
-21,
-519,
993,
841,
-884,
777,
1038,
-1428,
40,
1177,
-1430,
-734,
1182,
-498,
-670,
666,
-1038,
-12170,
4837,
2156,
-9008,
492,
2709,
-7190,
-1142,
3667,
-4961,
-2578,
3522,
-2381,
-2926,
2321,
-805,
-2730,
568,
-178,
-1336,
93,
100,
134,
32,
-591,
811,
705,
-938,
823,
1228,
-1172,
291,
1419,
-1213,
-436,
1616,
-163,
-466,
1009,
-1041,
-12303,
4728,
2202,
-8667,
896,
2676,
-7521,
-1250,
3491,
-5757,
-3595,
2895,
-2715,
-3129,
2307,
-841,
-2931,
462,
-101,
-1285,
93,
118,
116,
15,
-584,
727,
643,
-699,
1299,
1631,
-993,
319,
1579,
-721,
83,
1747,
-357,
-734,
768,
-1038,
-12187,
4905,
2460,
-8364,
1417,
3577,
-6666,
-611,
4502,
-4601,
-3279,
2748,
-2310,
-2548,
2437,
-727,
-2546,
852,
281,
-948,
163,
64,
148,
57,
-484,
891,
571,
-967,
1156,
1438,
-1403,
215,
1977,
-492,
-116,
1674,
-126,
-595,
734,
-1039,
-12145,
5105,
2775,
-8276,
1078,
3177,
-6833,
-919,
3927,
-4628,
-2292,
3917,
-1773,
-2308,
2997,
28,
-2123,
783,
56,
-980,
285,
123,
139,
107,
-386,
945,
561,
-1092,
895,
1260,
-1419,
-77,
1214,
-1143,
-292,
1597,
-263,
-504,
995,
-1042,
-12192,
4955,
2415,
-8575,
1193,
3420,
-6970,
-1382,
3495,
-4952,
-2714,
3346,
-2203,
-2521,
2638,
-446,
-2253,
900,
8,
-1084,
311,
148,
140,
109,
-480,
817,
495,
-1174,
750,
998,
-1779,
-203,
1435,
-964,
-260,
1711,
-191,
-674,
734,
-1039,
-12282,
4721,
2244,
-8520,
1134,
2992,
-7268,
-1152,
3746,
-5120,
-2925,
3334,
-2353,
-2910,
2291,
-590,
-2116,
1321,
398,
-1012,
201,
94,
155,
101,
-524,
852,
618,
-1266,
296,
641,
-1544,
470,
1998,
-874,
-585,
1358,
-274,
-555,
885,
-989,
-12217,
4256,
2145,
-8114,
980,
2613,
-6993,
-755,
3812,
-5107,
-2993,
3359,
-1960,
-2603,
2409,
-253,
-1996,
832,
-20,
-1028,
181,
29,
186,
131,
-464,
1087,
1062,
-758,
628,
946,
-1061,
550,
1339,
-1344,
-298,
1696,
-242,
-382,
1245,
-1000,
-12017,
4686,
2530,
-7966,
1029,
2607,
-7077,
-811,
3864,
-4772,
-2278,
3839,
-2404,
-3512,
1893,
-427,
-2207,
709,
114,
-803,
340,
97,
148,
43,
-516,
973,
786,
-894,
906,
1248,
-1116,
466,
1404,
-1493,
-587,
1638,
-301,
-709,
931,
-1028,
-12139,
5018,
2891,
-7901,
1284,
3142,
-6781,
-933,
3429,
-5346,
-2606,
3924,
-2055,
-3058,
2022,
-893,
-2598,
909,
294,
-1020,
186,
121,
124,
56,
-507,
806,
624,
-1001,
562,
747,
-1295,
884,
2230,
-855,
-535,
1480,
-187,
-485,
996,
-1015,
-12016,
4906,
2690,
-8081,
1012,
2887,
-6896,
-839,
3963,
-4760,
-2825,
3294,
-2030,
-2655,
2118,
-787,
-2368,
766,
-93,
-1195,
168,
120,
116,
17,
-462,
853,
446,
-1133,
772,
983,
-1352,
520,
1663,
-1196,
-374,
1695,
-251,
-603,
869,
-1023,
-11900,
5211,
2913,
-8073,
1038,
3083,
-6476,
-289,
4227,
-4880,
-3017,
2807,
-3142,
-3745,
1719,
-941,
-2828,
280,
-211,
-1072,
238,
104,
137,
29,
-572,
762,
564,
-828,
1228,
1491,
-1128,
384,
1634,
-793,
194,
2042,
-210,
-718,
803,
-1032,
-11797,
5429,
2946,
-8019,
1371,
3104,
-6988,
-789,
3828,
-5258,
-3233,
2482,
-3528,
-3636,
1926,
-1306,
-3237,
279,
-269,
-1342,
47,
51,
151,
-8,
-683,
815,
835,
-522,
1468,
1498,
-1243,
760,
2459,
-405,
-34,
1851,
-129,
-604,
860,
-1040,
-11969,
5201,
2600,
-8479,
1121,
3066,
-7389,
-1386,
3860,
-4660,
-2272,
4277,
-1590,
-3073,
1510,
-1165,
-2403,
1039,
122,
-1185,
164,
119,
136,
85,
-545,
759,
685,
-829,
962,
1434,
-842,
588,
1715,
-759,
-68,
1650,
-214,
-408,
1054,
-1034,
-12094,
4967,
2519,
-8414,
959,
2677,
-7781,
-1975,
2918,
-5563,
-2850,
3670,
-2545,
-3963,
1261,
-1010,
-2478,
764,
11,
-1236,
14,
42,
151,
55,
-555,
805,
736,
-675,
1207,
1578,
-838,
482,
1504,
-836,
142,
1825,
-359,
-695,
841,
-1029,
-12130,
4920,
2687,
-8073,
1139,
2841,
-7094,
-754,
4145,
-4687,
-2427,
3653,
-2643,
-3674,
1780,
-803,
-2625,
546,
-253,
-1504,
-74,
63,
136,
63,
-540,
744,
626,
-884,
855,
1190,
-1250,
68,
1341,
-727,
229,
1822,
-351,
-708,
827,
-1046,
-12353,
4820,
2373,
-8553,
1054,
2981,
-7244,
-1017,
4063,
-4742,
-2509,
3907,
-1786,
-2692,
2129,
-943,
-2586,
767,
-102,
-1343,
41,
47,
174,
124,
-592,
781,
853,
-656,
1022,
1347,
-1040,
387,
1607,
-647,
298,
2016,
-39,
-277,
1171,
-1035,
-12230,
4809,
2421,
-8344,
1175,
2912,
-7523,
-1636,
3356,
-5111,
-2734,
3472,
-2227,
-2892,
2117,
-778,
-2335,
875,
-86,
-1231,
168,
77,
177,
196,
-399,
1009,
928,
-688,
1076,
1495,
-753,
932,
2097,
-711,
-140,
1840,
138,
-183,
1060,
-1032,
-12102,
5016,
2833,
-7834,
1533,
3182,
-7189,
-1386,
3287,
-5350,
-2609,
4002,
-2025,
-3209,
1921,
-857,
-2752,
490,
-36,
-1142,
89,
50,
157,
70,
-558,
831,
720,
-925,
803,
1282,
-902,
778,
2119,
-454,
1,
1716,
-46,
-348,
913,
-1032,
-12124,
4766,
2250,
-8388,
1279,
2904,
-7592,
-1552,
3244,
-5798,
-3565,
2938,
-2651,
-3207,
2110,
-766,
-2492,
875,
94,
-1171,
142,
86,
160,
143,
-450,
990,
877,
-1022,
483,
989,
-1215,
380,
1825,
-642,
-259,
1440,
-206,
-454,
781,
-1037,
-12211,
4630,
1800,
-9012,
819,
2383,
-8367,
-2332,
2630,
-6103,
-3556,
2813,
-2962,
-3222,
2216,
-1079,
-3067,
399,
-219,
-1268,
183,
98,
165,
119,
-584,
883,
945,
-737,
972,
1499,
-776,
860,
2219,
-488,
-155,
1520,
-319,
-540,
949,
-1023,
-12170,
4549,
1916,
-8852,
747,
2604,
-7870,
-2429,
1999,
-6610,
-3871,
2767,
-2739,
-3226,
2048,
-863,
-2657,
577,
-214,
-1386,
-10,
25,
177,
122,
-544,
795,
574,
-1111,
944,
1723,
-724,
602,
2064,
-282,
109,
1639,
-190,
-331,
1191,
-1004,
-11414,
5478,
3278,
-7176,
2121,
3746,
-6450,
-723,
3734,
-5077,
-2697,
3736,
-1839,
-2488,
2724,
-176,
-2158,
983,
326,
-911,
221,
109,
121,
-54,
-771,
521,
451,
-1050,
689,
1075,
-1304,
-61,
1065,
-1042,
-130,
1399,
-581,
-654,
828,
-680,
-8766,
8418,
5317,
-6903,
525,
1263,
-8765,
-2492,
2841,
-4792,
-1800,
4155,
-2300,
-3391,
1859,
-819,
-2426,
1115,
538,
-859,
230,
136,
107,
-7,
-553,
853,
766,
-929,
511,
721,
-1533,
80,
1323,
-1216,
-570,
1318,
-471,
-787,
781,
-469,
-7593,
8790,
5248,
-7294,
-1245,
-1315,
-10491,
-3231,
2822,
-4017,
-1500,
2568,
-4827,
-5047,
1166,
-1380,
-2799,
1422,
1164,
-642,
79,
49,
135,
62,
-439,
927,
774,
-875,
731,
1186,
-902,
705,
1915,
-707,
-239,
1656,
20,
-408,
865,
-367,
-6177,
6668,
3141,
-6548,
-696,
-1497,
-9918,
-2680,
4423,
-879,
-1082,
-419,
-5764,
-2295,
3963,
-527,
-3018,
1339,
1454,
-589,
-146,
-9,
113,
-34,
-598,
508,
342,
-1186,
318,
1094,
-744,
320,
1777,
211,
214,
910,
-478,
-268,
788,
-275,
-5416,
5554,
1887,
-6703,
-1355,
-2180,
-9232,
-2061,
4157,
-860,
-909,
-544,
-5508,
-1764,
4437,
245,
-2657,
553,
694,
-539,
-52,
-85,
143,
-168,
-780,
586,
241,
-1482,
549,
1601,
-791,
5,
1756,
250,
215,
1006,
-580,
-481,
999,
-246,
-5118,
4300,
822,
-7012,
-2193,
-2041,
-7639,
-2197,
2277,
-1498,
-645,
-744,
-5431,
-1532,
3983,
-369,
-3170,
-222,
104,
-627,
-65,
-130,
152,
-253,
-816,
855,
593,
-1179,
1066,
1944,
-1310,
-683,
1822,
393,
69,
1401,
-5,
-607,
855,
-224,
-4790,
3642,
-50,
-6965,
-1526,
-1150,
-6712,
-2056,
1567,
-1904,
-450,
-439,
-4876,
-932,
3837,
-828,
-2984,
133,
-55,
-798,
93,
-32,
138,
-253,
-985,
727,
986,
-643,
979,
1511,
-1258,
-324,
1691,
-79,
-9,
1587,
-163,
-976,
757,
-199,
-4503,
3243,
-633,
-6931,
-1099,
-731,
-6085,
-1001,
2445,
-2046,
-881,
281,
-3871,
-1349,
3022,
-455,
-2350,
35,
-167,
-525,
319,
20,
123,
-261,
-1021,
559,
998,
-374,
741,
812,
-1404,
-191,
1200,
-691,
-185,
1313,
-640,
-1199,
708,
-180,
-4464,
2932,
-1360,
-7417,
-1135,
-945,
-6394,
-1025,
2151,
-2706,
-1186,
193,
-4169,
-1605,
2763,
-884,
-2645,
-219,
-600,
-714,
461,
70,
153,
-102,
-934,
688,
1342,
-138,
703,
888,
-1006,
199,
1414,
-372,
207,
1442,
-601,
-1020,
761,
-156,
-4409,
2840,
-1415,
-7303,
-1082,
-961,
-6149,
-582,
2424,
-2531,
-819,
597,
-4050,
-1550,
3250,
-186,
-2499,
-650,
-910,
-682,
556,
112,
130,
-104,
-796,
721,
1140,
-240,
704,
770,
-1069,
96,
1046,
-480,
546,
1542,
-742,
-931,
767,
-152,
-4328,
2804,
-1238,
-6942,
-793,
-526,
-5655,
-375,
2612,
-2160,
-375,
1255,
-3467,
-1525,
3242,
238,
-2187,
-656,
-862,
-569,
616,
138,
117,
-124,
-886,
572,
1150,
-265,
341,
401,
-1275,
-204,
828,
-466,
544,
1576,
-669,
-1120,
519,
-160,
-4484,
2652,
-1685,
-7478,
-1014,
-901,
-6488,
-1093,
2154,
-2742,
-1046,
706,
-3827,
-1759,
2803,
-417,
-2568,
-812,
-1196,
-875,
566,
132,
152,
20,
-804,
647,
1303,
-246,
360,
835,
-642,
92,
844,
-378,
698,
1701,
-435,
-784,
688,
-164,
-4358,
2884,
-1744,
-7347,
-136,
-225,
-6431,
-664,
2819,
-2588,
-714,
1556,
-3331,
-1562,
3302,
-5,
-2499,
-652,
-934,
-765,
593,
150,
139,
-43,
-936,
518,
1151,
-521,
117,
658,
-926,
-41,
993,
-509,
229,
1522,
-374,
-892,
583,
-203,
-4623,
3288,
-1321,
-7663,
-596,
-179,
-6234,
-844,
2411,
-2712,
-610,
1520,
-3284,
-1375,
3071,
-388,
-2304,
-338,
-1111,
-1039,
505,
119,
152,
-102,
-1033,
567,
1094,
-675,
232,
634,
-1237,
276,
1738,
-559,
-279,
1489,
-308,
-1038,
628,
-260,
-5109,
3284,
-1254,
-7846,
-887,
-824,
-6941,
-1179,
1626,
-4097,
-1352,
1263,
-4073,
-2201,
2678,
-924,
-2881,
-534,
-1303,
-1407,
272,
48,
206,
99,
-918,
545,
1292,
-153,
727,
941,
-850,
824,
2225,
-56,
378,
1979,
-107,
-784,
955,
-345,
-5532,
3694,
-695,
-7369,
122,
22,
-6597,
-490,
2118,
-4286,
-724,
2712,
-3712,
-2615,
3071,
-111,
-2493,
-250,
-925,
-1171,
372,
78,
208,
170,
-897,
299,
882,
-442,
570,
688,
-1268,
391,
1942,
-120,
388,
1901,
-154,
-721,
968,
-425,
-6228,
3833,
-152,
-7429,
42,
921,
-5146,
689,
2830,
-4066,
-606,
3350,
-2981,
-2561,
2877,
35,
-2307,
-205,
-836,
-1114,
384,
132,
152,
89,
-724,
533,
883,
-547,
567,
814,
-1224,
75,
1514,
-201,
467,
1849,
-83,
-479,
1003,
-457,
-7028,
2787,
527,
-6747,
-1253,
756,
-4069,
-198,
2614,
-1917,
-772,
1282,
-2234,
-914,
2528,
-171,
-1843,
-500,
-1083,
-895,
334,
57,
130,
12,
-415,
826,
682,
-669,
660,
908,
-969,
171,
1318,
-110,
740,
1955,
157,
-235,
931,
-454,
-7672,
1733,
880,
-5570,
-1269,
629,
-3503,
-250,
2491,
-1448,
-867,
1253,
-1300,
-699,
1651,
-512,
-1667,
-424,
-907,
-858,
153,
7,
136,
171,
-169,
608,
396,
-556,
492,
441,
-1198,
-144,
1025,
-75,
299,
1070,
-66,
-59,
796,
-438,
-8278,
1089,
812,
-5484,
-1891,
-154,
-3717,
-503,
1821,
-1860,
-616,
1921,
-692,
-704,
996,
-1216,
-1974,
-344,
-695,
-788,
107,
0,
126,
175,
-93,
630,
453,
-240,
861,
685,
-872,
81,
703,
-662,
54,
1105,
-127,
-205,
769,
-447,
-8635,
928,
787,
-5664,
-2308,
-651,
-4033,
-708,
1329,
-2586,
-1225,
1267,
-1513,
-1242,
806,
-1560,
-2446,
-492,
-556,
-696,
114,
24,
83,
-47,
-410,
350,
279,
-164,
1269,
1244,
-312,
754,
1556,
198,
654,
1310,
-174,
-300,
607,
-451,
-8812,
604,
620,
-5317,
-1874,
-984,
-4851,
-788,
2048,
-2278,
-1716,
794,
-1447,
-814,
1324,
-1213,
-2440,
-642,
-585,
-597,
223,
77,
53,
-126,
-490,
231,
78,
-391,
1054,
933,
-788,
336,
1471,
304,
595,
1046,
-476,
-598,
355,
-437,
-8869,
340,
417,
-4883,
-1220,
-1183,
-5609,
-1051,
2276,
-2101,
-2022,
-78,
-1820,
15,
1989,
-1667,
-2933,
-491,
-312,
-467,
249,
44,
75,
-124,
-408,
578,
168,
-903,
552,
665,
-1240,
-276,
892,
-272,
114,
693,
-722,
-558,
619,
-495,
-8769,
1018,
382,
-5082,
-268,
-975,
-6760,
-792,
3687,
-2111,
-2749,
-175,
-2033,
-311,
2291,
-960,
-2088,
276,
-37,
-435,
365,
76,
99,
-57,
-515,
440,
188,
-754,
889,
1019,
-1002,
150,
1327,
-303,
-12,
883,
-550,
-562,
604,
-420,
-9078,
339,
1117,
-3255,
46,
-1504,
-5637,
1103,
4285,
-2468,
-2751,
633,
-1002,
-26,
1940,
-1017,
-1751,
546,
61,
-474,
288,
78,
71,
-151,
-604,
289,
51,
-754,
856,
904,
-1057,
73,
1116,
-540,
-73,
1068,
-446,
-845,
287,
-329,
-9535,
-504,
1916,
-2401,
-1495,
-2053,
-3422,
2224,
3792,
-2048,
-2068,
796,
-811,
-288,
1777,
-259,
-1572,
-247,
-166,
-280,
154,
-16,
83,
-68,
-334,
397,
-41,
-1129,
-166,
64,
-1082,
-101,
710,
-443,
1,
980,
74,
-108,
573,
-289,
-9891,
-840,
2274,
-2032,
-2089,
-2591,
-3460,
1181,
2112,
-2373,
-1690,
57,
-2013,
-674,
1763,
-521,
-1735,
-63,
33,
-287,
112,
-6,
81,
22,
-187,
416,
158,
-475,
422,
313,
-713,
372,
940,
-221,
310,
997,
-113,
-153,
527,
-270,
-9350,
-563,
2126,
-2435,
-2390,
-2265,
-2636,
1532,
1794,
-2259,
-524,
1690,
-510,
438,
2153,
-704,
-1760,
299,
350,
-199,
117,
-17,
96,
42,
-326,
90,
-194,
-684,
480,
491,
-809,
-95,
330,
-779,
35,
1045,
-158,
-433,
422,
-279,
-9174,
-321,
2083,
-2770,
-2621,
-2480,
-3346,
232,
383,
-3071,
-366,
2417,
131,
738,
2100,
-942,
-1776,
578,
560,
-175,
117,
-9,
94,
29,
-359,
143,
-4,
-487,
650,
575,
-1049,
-482,
344,
-401,
282,
1124,
23,
-186,
538,
-331,
-9157,
52,
1898,
-3545,
-2999,
-3072,
-4964,
-1158,
144,
-3058,
-644,
2214,
35,
686,
2486,
57,
-798,
785,
142,
-516,
90,
47,
51,
-58,
-300,
276,
3,
-367,
1030,
858,
-874,
-210,
516,
-191,
745,
1172,
-580,
-517,
732,
-409,
-9513,
341,
1514,
-4429,
-2563,
-2054,
-4621,
-807,
220,
-3827,
-1080,
2011,
-1205,
-620,
2285,
91,
-1035,
641,
-11,
-665,
99,
39,
96,
97,
-235,
383,
104,
-616,
777,
909,
-977,
-474,
473,
-259,
524,
1130,
-542,
-611,
709,
-469,
-9994,
825,
1789,
-4491,
-1814,
-1494,
-4801,
-297,
1138,
-3548,
-971,
1853,
-1894,
-992,
1968,
-861,
-1682,
666,
-160,
-930,
59,
19,
137,
164,
-363,
192,
-35,
-615,
904,
800,
-965,
300,
1193,
-299,
537,
1424,
-536,
-687,
741,
-537,
-9961,
1724,
2435,
-4427,
-1376,
-1269,
-5141,
179,
2159,
-3408,
-862,
2971,
-745,
-318,
2799,
-6,
-1308,
818,
182,
-511,
246,
20,
141,
85,
-395,
569,
384,
-817,
354,
565,
-910,
141,
624,
-790,
592,
1640,
-582,
-679,
919,
-581,
-10276,
1838,
2064,
-5261,
-1545,
-1202,
-5440,
-41,
1473,
-4950,
-1926,
2640,
-1571,
-1466,
2220,
-217,
-1520,
598,
-94,
-725,
208,
27,
144,
111,
-287,
918,
938,
-295,
676,
662,
-802,
400,
736,
-832,
780,
1877,
-665,
-848,
880,
-633,
-10584,
2054,
1980,
-5603,
-981,
-226,
-5021,
183,
1547,
-5183,
-1965,
2287,
-3051,
-2961,
1842,
-172,
-1716,
425,
-56,
-540,
394,
83,
132,
89,
-241,
1167,
1193,
-142,
1069,
1194,
-548,
596,
976,
-986,
465,
2070,
-150,
-549,
990,
-679,
-10662,
2540,
1932,
-5811,
-36,
728,
-4779,
815,
1946,
-5600,
-1535,
3526,
-2566,
-2646,
2568,
-59,
-2127,
269,
-221,
-827,
282,
63,
149,
38,
-609,
640,
607,
-920,
402,
820,
-1017,
-79,
343,
-1504,
36,
1691,
-452,
-646,
987,
-741,
-10563,
3149,
1880,
-6124,
440,
412,
-6097,
973,
2869,
-6475,
-3152,
3151,
-2054,
-2100,
2466,
-956,
-2589,
635,
-231,
-1331,
110,
113,
132,
118,
-483,
694,
694,
-691,
669,
796,
-1210,
263,
1260,
-778,
241,
1614,
-570,
-714,
850,
-491,
-7939,
2214,
-42,
-5674,
1136,
485,
-4584,
3989,
5906,
-4910,
-3571,
2916,
-948,
-2045,
830,
-2093,
-2834,
623,
211,
-927,
-8,
33,
91,
-88,
-364,
999,
628,
-896,
649,
931,
-936,
504,
1261,
-995,
-68,
1475,
-385,
-476,
907,
-448,
-7114,
2561,
189,
-5078,
1671,
742,
-4505,
3818,
5779,
-4757,
-3614,
2470,
-1387,
-2371,
469,
-2469,
-3202,
370,
216,
-829,
-4,
16,
93,
-108,
-385,
999,
699,
-758,
676,
790,
-1079,
417,
1176,
-1062,
-116,
1422,
-406,
-434,
980,
-662,
-8257,
4200,
1416,
-5835,
2374,
2194,
-5266,
2428,
5343,
-4839,
-3096,
2768,
-2478,
-3116,
1057,
-2125,
-3291,
612,
374,
-830,
127,
53,
127,
-11,
-496,
884,
712,
-790,
795,
961,
-1194,
342,
1309,
-1062,
-219,
1259,
-753,
-654,
1062,
-771,
-9278,
4777,
2308,
-6048,
2225,
2252,
-6109,
1401,
4880,
-5522,
-3849,
2685,
-2559,
-3520,
1368,
-1013,
-2538,
609,
187,
-832,
188,
51,
146,
9,
-599,
808,
784,
-747,
927,
1460,
-690,
466,
1426,
-662,
143,
1384,
-784,
-843,
847,
-838,
-9926,
4644,
2056,
-6794,
2073,
2887,
-5755,
1553,
5626,
-4603,
-3394,
3224,
-1418,
-2361,
1930,
-790,
-2252,
840,
195,
-921,
125,
26,
158,
50,
-517,
825,
548,
-984,
1043,
1491,
-1112,
321,
1975,
-243,
48,
1414,
-478,
-722,
763,
-878,
-10505,
4626,
2290,
-6963,
1668,
2599,
-5988,
1179,
5258,
-4408,
-2686,
3474,
-1920,
-2912,
1509,
-1372,
-2847,
426,
-59,
-958,
222,
64,
159,
123,
-320,
1024,
448,
-1300,
979,
1761,
-801,
463,
1864,
-362,
283,
1835,
-153,
-387,
1022,
-924,
-10974,
4584,
2398,
-7116,
1831,
3268,
-6060,
-256,
3745,
-4997,
-2974,
2952,
-2193,
-2608,
2128,
-628,
-2059,
1025,
192,
-940,
210,
77,
142,
66,
-431,
838,
407,
-978,
1351,
1740,
-1046,
380,
1851,
-594,
-142,
1443,
-435,
-641,
833,
-934,
-10835,
4785,
2254,
-7506,
1817,
3524,
-6070,
-383,
3795,
-4924,
-2961,
2904,
-2419,
-2856,
2029,
-799,
-2308,
1010,
333,
-912,
167,
56,
159,
109,
-482,
804,
649,
-767,
1083,
1252,
-1405,
45,
1512,
-948,
-709,
873,
-587,
-532,
891,
-940,
-11115,
4523,
2095,
-7505,
1799,
3066,
-6859,
-811,
3977,
-4365,
-2087,
3809,
-2103,
-2970,
2381,
166,
-1464,
1348,
413,
-853,
215,
67,
165,
171,
-377,
875,
702,
-665,
1168,
1212,
-1566,
-180,
1291,
-1004,
-490,
1219,
-334,
-383,
994,
-942,
-11233,
4516,
2273,
-7266,
1830,
2904,
-6815,
-547,
4184,
-3961,
-1325,
4560,
-1210,
-1757,
2958,
-423,
-2205,
1143,
333,
-997,
192,
103,
134,
41,
-635,
523,
339,
-940,
1065,
1330,
-1205,
161,
1281,
-1013,
-22,
1717,
-294,
-478,
976,
-1033,
-11988,
5131,
2433,
-8250,
1710,
3167,
-7415,
-619,
4903,
-3857,
-1548,
4539,
-1212,
-1049,
4172,
-182,
-2626,
1263,
628,
-1044,
123,
105,
142,
91,
-654,
502,
525,
-695,
1100,
1282,
-964,
551,
1231,
-1335,
45,
1853,
-676,
-956,
835,
-1477,
-16676,
6670,
3474,
-10382,
4677,
8548,
-6567,
-699,
4734,
-6889,
-2971,
5978,
-1935,
-2857,
4272,
150,
-2386,
1800,
89,
-1774,
358,
265,
173,
100,
-1124,
492,
807,
-1285,
756,
1464,
-1666,
45,
1801,
-1502,
-891,
1656,
-499,
-864,
1141,
-2307,
-19692,
12044,
5907,
-14451,
5229,
9151,
-11298,
0,
9934,
-7054,
-3511,
8350,
-2874,
-4710,
5367,
0,
-3813,
2343,
967,
-1773,
406,
280,
199,
0,
-1168,
1197,
787,
-2350,
986,
1933,
-2610,
0,
2601,
-1924,
-985,
2375,
-817,
-1313,
1429,
-2307,
-19692,
12044,
5907,
-14451,
5229,
9151,
-11298,
0,
9934,
-7054,
-3511,
8350,
-2874,
-4710,
5367,
0,
-3813,
2343,
967,
-1773,
406,
280,
199,
0,
-1168,
1197,
787,
-2350,
986,
1933,
-2610,
0,
2601,
-1924,
-985,
2375,
-817,
-1313,
1429,
-2307,
-19692,
12044,
5907,
-14451,
5229,
9151,
-11298,
0,
9934,
-7054,
-3511,
8350,
-2874,
-4710,
5367,
0,
-3813,
2343,
967,
-1773,
406,
280,
199,
0,
-1168,
1197,
787,
-2350,
986,
1933,
-2610,
0,
2601,
-1924,
-985,
2375,
-817,
-1313,
1429,
-2307,
-19692,
12044,
5907,
-14451,
5229,
9151,
-11298,
0,
9934,
-7054,
-3511,
8350,
-2874,
-4710,
5367,
0,
-3813,
2343,
967,
-1773,
406,
280,
199,
0,
-1168,
1197,
787,
-2350,
986,
1933,
-2610,
0,
2601,
-1924,
-985,
2375,
-817,
-1313,
1429,
-2307,
-19692,
12044,
5907,
-14451,
5229,
9151,
-11298,
0,
9934,
-7054,
-3511,
8350,
-2874,
-4710,
5367,
0,
-3813,
2343,
967,
-1773,
406,
280,
199,
0,
-1168,
1197,
787,
-2350,
986,
1933,
-2610,
0,
2601,
-1924,
-985,
2375,
-817,
-1313,
1429,
-2307,
-19692,
12044,
5907,
-14451,
5229,
9151,
-11298,
0,
9934,
-7054,
-3511,
8350,
-2874,
-4710,
5367,
0,
-3813,
2343,
967,
-1773,
406,
280,
199,
0,
-1168,
1197,
787,
-2350,
986,
1933,
-2610,
0,
2601,
-1924,
-985,
2375,
-817,
-1313,
1429,
-2307,
-19692,
12044,
5907,
-14451,
5229,
9151,
-11298,
0,
9934,
-7054,
-3511,
8350,
-2874,
-4710,
5367,
0,
-3813,
2343,
967,
-1773,
406,
280,
199,
0,
-1168,
1197,
787,
-2350,
986,
1933,
-2610,
0,
2601,
-1924,
-985,
2375,
-817,
-1313,
1429,
-2307,
-19692,
12044,
5907,
-14451,
5229,
9151,
-11298,
0,
9934,
-7054,
-3511,
8350,
-2874,
-4710,
5367,
0,
-3813,
2343,
967,
-1773,
406,
280,
199,
0,
-1168,
1197,
787,
-2350,
986,
1933,
-2610,
0,
2601,
-1924,
-985,
2375,
-817,
-1313,
1429,
-2307,
-19692,
12044,
5907,
-14451,
5229,
9151,
-11298,
0,
9934,
-7054,
-3511,
8350,
-2874,
-4710,
5367,
0,
-3813,
2343,
967,
-1773,
406,
280,
199,
0,
-1168,
1197,
787,
-2350,
986,
1933,
-2610,
0,
2601,
-1924,
-985,
2375,
-817,
-1313,
1429,
-2307,
-19692,
12044,
5907,
-14451,
5229,
9151,
-11298,
0,
9934,
-7054,
-3511,
8350,
-2874,
-4710,
5367,
0,
-3813,
2343,
967,
-1773,
406,
280,
199,
0,
-1168,
1197,
787,
-2350,
986,
1933,
-2610,
0,
2601,
-1924,
-985,
2375,
-817,
-1313,
1429,
-2307,
-19692,
12044,
5907,
-14451,
5229,
9151,
-11298,
0,
9934,
-7054,
-3511,
8350,
-2874,
-4710,
5367,
0,
-3813,
2343,
967,
-1773,
406,
280,
199,
0,
-1168,
1197,
787,
-2350,
986,
1933,
-2610,
0,
2601,
-1924,
-985,
2375,
-817,
-1313,
1429,
-2307,
-19692,
12044,
5907,
-14451,
5229,
9151,
-11298,
0,
9934,
-7054,
-3511,
8350,
-2874,
-4710,
5367,
0,
-3813,
2343,
967,
-1773,
406,
280,
199,
0,
-1168,
1197,
787,
-2350,
986,
1933,
-2610,
0,
2601,
-1924,
-985,
2375,
-817,
-1313,
1429,
-2307,
-19692,
12044,
5907,
-14451,
5229,
9151,
-11298,
0,
9934,
-7054,
-3511,
8350,
-2874,
-4710,
5367,
0,
-3813,
2343,
967,
-1773,
406,
280,
199,
0,
-1168,
1197,
787,
-2350,
986,
1933,
-2610,
0,
2601,
-1924,
-985,
2375,
-817,
-1313,
1429,
-2307,
-19692,
12044,
5907,
-14451,
5229,
9151,
-11298,
0,
9934,
-7054,
-3511,
8350,
-2874,
-4710,
5367,
0,
-3813,
2343,
967,
-1773,
406,
280,
199,
0,
-1168,
1197,
787,
-2350,
986,
1933,
-2610,
0,
2601,
-1924,
-985,
2375,
-817,
-1313,
1429,
-2307,
-19692,
12044,
5907,
-14451,
5229,
9151,
-11298,
0,
9934,
-7054,
-3511,
8350,
-2874,
-4710,
5367,
0,
-3813,
2343,
967,
-1773,
406,
280,
199,
0,
-1168,
1197,
787,
-2350,
986,
1933,
-2610,
0,
2601,
-1924,
-985,
2375,
-817,
-1313,
1429,
-2307,
-19692,
12044,
5907,
-14451,
5229,
9151,
-11298,
0,
9934,
-7054,
-3511,
8350,
-2874,
-4710,
5367,
0,
-3813,
2343,
967,
-1773,
406,
280,
199,
0,
-1168,
1197,
787,
-2350,
986,
1933,
-2610,
0,
2601,
-1924,
-985,
2375,
-817,
-1313,
1429,
