-1224,
-14554,
5872,
3900,
-8620,
2518,
5663,
-5950,
300,
6461,
-2653,
-904,
4929,
-1718,
-2313,
3266,
-114,
-2066,
1135,
-219,
-1416,
250,
96,
196,
71,
-833,
909,
1044,
-1027,
820,
1554,
-1098,
342,
1572,
-1524,
-1015,
1075,
-935,
-1150,
818,
-1001,
-12746,
4836,
3777,
-6654,
2378,
4816,
-5020,
6,
5109,
-2258,
-712,
3914,
-1622,
-1869,
2580,
-659,
-2239,
708,
-320,
-1289,
140,
53,
174,
105,
-487,
1062,
870,
-1126,
600,
1337,
-1072,
14,
1080,
-1366,
-585,
1456,
-319,
-768,
720,
-984,
-12282,
4975,
3832,
-6498,
2330,
4629,
-5152,
-157,
4960,
-2372,
-760,
4312,
-951,
-1813,
1953,
-1229,
-2498,
602,
-380,
-1393,
50,
46,
171,
172,
-338,
1082,
864,
-862,
1072,
1811,
-798,
-96,
795,
-1541,
-839,
1036,
-572,
-758,
796,
-1001,
-12125,
5202,
3718,
-6918,
1722,
3594,
-5995,
-154,
4811,
-3281,
-1332,
4401,
-891,
-1627,
2398,
-1098,
-2604,
722,
-247,
-1490,
-70,
25,
161,
87,
-463,
1029,
931,
-595,
1433,
1697,
-1425,
-186,
1668,
-705,
-671,
1054,
-290,
-382,
1098,
-928,
-11796,
4989,
3287,
-7405,
1011,
3604,
-4914,
298,
4128,
-3488,
-1028,
4091,
-976,
-617,
3341,
-866,
-2455,
736,
-503,
-1425,
282,
148,
145,
48,
-621,
902,
698,
-1267,
696,
1352,
-1638,
-468,
1547,
-648,
-605,
1177,
-106,
-383,
831,
-786,
-11193,
3421,
1464,
-8156,
-39,
3198,
-3430,
1621,
3388,
-6471,
-4979,
2473,
481,
471,
3150,
-564,
-2515,
-419,
-996,
-1094,
259,
37,
137,
-114,
-509,
1153,
562,
-1393,
721,
1047,
-2110,
-705,
1661,
-59,
63,
1181,
-601,
-647,
867,
-717,
-10538,
3037,
1516,
-7214,
216,
3078,
-3294,
1277,
3228,
-5911,
-5111,
1755,
396,
294,
2498,
-704,
-2392,
-624,
-1029,
-907,
273,
4,
144,
-87,
-466,
999,
284,
-1636,
323,
751,
-1958,
-631,
1374,
-183,
233,
1373,
-493,
-749,
593,
-809,
-10345,
4086,
1981,
-7052,
1637,
4160,
-3933,
699,
3371,
-5740,
-4668,
1530,
-1499,
-1458,
2037,
-1155,
-2933,
-436,
-708,
-982,
206,
35,
125,
-96,
-482,
900,
123,
-1633,
690,
1291,
-1369,
122,
2000,
-3,
180,
1288,
-519,
-556,
881,
-862,
-10458,
4816,
2807,
-6518,
2779,
5730,
-3124,
553,
3095,
-5147,
-3268,
2097,
-2432,
-2331,
2058,
-1096,
-3075,
-373,
-645,
-1088,
173,
70,
106,
-103,
-492,
774,
27,
-1362,
1312,
1831,
-1156,
-22,
1339,
-1030,
-521,
1292,
-145,
-240,
1074,
-886,
-10521,
5287,
3009,
-7079,
2186,
5354,
-3402,
933,
4142,
-4383,
-3100,
2188,
-2103,
-1928,
2113,
-1493,
-3456,
-555,
-932,
-1396,
130,
117,
99,
14,
-283,
958,
330,
-1016,
1263,
1385,
-1460,
-9,
1362,
-1020,
-348,
1420,
-282,
-445,
951,
-916,
-10761,
5570,
3464,
-6980,
1974,
4917,
-3744,
1169,
4514,
-4604,
-3543,
2101,
-2067,
-2024,
2026,
-1464,
-3273,
-249,
-657,
-1220,
219,
131,
98,
-37,
-388,
1036,
582,
-942,
1142,
1268,
-1562,
102,
1853,
-608,
-414,
1165,
-399,
-434,
991,
-962,
-11007,
5826,
3550,
-7046,
2440,
5017,
-4698,
301,
4258,
-4757,
-3694,
1589,
-3175,
-2805,
1921,
-1610,
-3364,
140,
-271,
-1179,
184,
127,
106,
-7,
-424,
940,
503,
-1023,
1122,
1494,
-1014,
629,
1824,
-954,
-232,
1787,
-189,
-656,
913,
-992,
-11243,
5967,
3674,
-7152,
2446,
4857,
-5259,
42,
4523,
-4523,
-3466,
1946,
-3191,
-3258,
1585,
-1719,
-3446,
84,
-303,
-1191,
230,
155,
102,
-28,
-595,
727,
495,
-1034,
939,
1480,
-838,
586,
1626,
-1018,
-270,
1732,
-91,
-515,
945,
-988,
-11210,
6119,
4127,
-6707,
2361,
4412,
-5530,
31,
4639,
-4238,
-2986,
2428,
-2879,
-2975,
1939,
-1591,
-3622,
36,
-117,
-1114,
140,
94,
138,
120,
-370,
885,
475,
-1153,
989,
1664,
-1013,
167,
1784,
-343,
16,
1503,
-339,
-731,
628,
-1003,
-11342,
6104,
4151,
-6709,
2348,
4228,
-5945,
-391,
4306,
-4493,
-2952,
2923,
-2140,
-2437,
2069,
-1532,
-3200,
652,
213,
-1150,
-17,
10,
180,
179,
-426,
786,
491,
-1001,
1095,
1543,
-1131,
424,
2109,
-522,
-401,
1452,
-131,
-620,
684,
-548,
-9089,
3000,
-1497,
-8821,
3215,
5733,
-3629,
1153,
2855,
-6837,
-2451,
5793,
-602,
-3105,
2220,
578,
-1606,
770,
442,
-549,
102,
-85,
185,
-130,
-798,
1079,
1045,
-1212,
451,
1456,
-1289,
-660,
1356,
-64,
-251,
557,
-769,
-607,
536,
-282,
-6877,
1153,
-2302,
-8046,
27,
2378,
-4205,
-1595,
305,
-5365,
-2684,
3020,
-640,
-2739,
418,
126,
-680,
822,
664,
-13,
27,
-173,
144,
-274,
-697,
1096,
1156,
-879,
315,
1745,
-47,
-289,
1061,
565,
172,
113,
-877,
-663,
206,
-229,
-6187,
752,
-1546,
-6509,
-420,
1683,
-3641,
-1841,
133,
-3947,
-2177,
2228,
-461,
-2592,
-589,
-362,
-411,
809,
657,
146,
37,
-181,
131,
-256,
-596,
1088,
1377,
-327,
378,
1413,
-58,
-358,
794,
664,
353,
37,
-816,
-425,
444,
-290,
-5851,
1430,
-461,
-5054,
903,
2305,
-3523,
-1890,
-22,
-3774,
-1774,
1921,
-973,
-1817,
932,
401,
-374,
593,
199,
-185,
39,
-165,
162,
-116,
-554,
1059,
1459,
-213,
360,
1168,
-329,
-284,
894,
139,
-468,
-278,
-647,
-253,
452,
-230,
-4860,
2674,
172,
-4916,
975,
1375,
-5811,
-4086,
-1377,
-4719,
-2228,
2024,
-826,
-1719,
1229,
755,
-342,
68,
-563,
-525,
135,
-105,
175,
29,
-439,
912,
1007,
-727,
23,
795,
-788,
-291,
1380,
526,
-193,
202,
-205,
-163,
295,
-153,
-4426,
2671,
-11,
-5016,
394,
292,
-6329,
-3549,
-448,
-3919,
-1428,
2793,
-440,
-1580,
1621,
1104,
-777,
-771,
-827,
-290,
267,
-99,
168,
-1,
-467,
615,
408,
-942,
272,
777,
-967,
-146,
1400,
242,
-114,
577,
-182,
-334,
310,
-155,
-4295,
2409,
-794,
-6309,
-799,
88,
-5821,
-2874,
527,
-3336,
-1956,
2193,
-440,
-1783,
968,
169,
-2058,
-1749,
-1103,
-492,
17,
-137,
167,
152,
-243,
387,
218,
-508,
693,
1073,
-328,
171,
983,
-10,
117,
745,
-164,
-266,
457,
-127,
-4041,
2737,
-899,
-6703,
-793,
342,
-5749,
-2684,
855,
-3413,
-2239,
2436,
217,
-1388,
1036,
248,
-2026,
-1851,
-1007,
-144,
219,
-119,
150,
-33,
-490,
312,
115,
-646,
817,
1193,
-457,
185,
1064,
-391,
-404,
687,
21,
-169,
596,
-90,
-3854,
2823,
-1043,
-7022,
-1081,
316,
-5496,
-2408,
1026,
-3222,
-2122,
2337,
369,
-633,
1676,
142,
-2327,
-1812,
-906,
-160,
224,
-111,
155,
-53,
-677,
161,
253,
-502,
826,
1304,
-420,
-25,
1025,
-203,
-452,
449,
-137,
-393,
307,
-65,
-3531,
2834,
-1431,
-7190,
-846,
311,
-5616,
-1873,
1655,
-3607,
-3015,
2062,
569,
-645,
1478,
161,
-2023,
-1496,
-791,
-183,
199,
-119,
162,
-42,
-697,
227,
568,
-115,
1001,
1441,
-141,
50,
785,
-362,
-626,
-27,
-373,
-46,
547,
-58,
-3579,
2422,
-1757,
-7470,
-1643,
-413,
-5549,
-1786,
1210,
-3974,
-3313,
1296,
-328,
-1298,
804,
-445,
-2273,
-1648,
-1026,
-313,
157,
-154,
184,
6,
-508,
655,
864,
-61,
1332,
2043,
244,
341,
1165,
-154,
-374,
614,
123,
-83,
479,
-55,
-3387,
2694,
-1047,
-6730,
-1451,
-120,
-4640,
-712,
2230,
-3171,
-2929,
1896,
749,
-593,
1085,
149,
-1543,
-1238,
-770,
-103,
267,
-103,
150,
-56,
-520,
548,
597,
-403,
951,
1695,
-138,
-260,
523,
-592,
-718,
308,
-97,
-289,
377,
-40,
-3269,
2825,
-671,
-6321,
-1501,
-374,
-4499,
-149,
2839,
-2817,
-2674,
2443,
1332,
-474,
1078,
415,
-1378,
-1369,
-881,
-116,
257,
-98,
139,
-48,
-392,
710,
625,
-531,
882,
1921,
138,
-312,
406,
-391,
-410,
469,
-42,
-322,
334,
-38,
-3482,
2895,
-993,
-7102,
-2103,
-1123,
-5528,
-797,
2243,
-3931,
-3777,
1588,
520,
-970,
681,
-394,
-2081,
-1539,
-1051,
-455,
91,
-111,
147,
43,
-172,
1011,
840,
-409,
1179,
2372,
417,
-189,
617,
-90,
-107,
782,
276,
-69,
499,
-47,
-3326,
3217,
-762,
-6834,
-1554,
-697,
-5449,
-677,
2571,
-3388,
-3143,
1712,
154,
-888,
1272,
-36,
-1880,
-1160,
-805,
-471,
87,
-82,
135,
34,
-237,
840,
683,
-467,
1068,
1980,
-97,
-369,
762,
-120,
-489,
336,
-38,
-304,
287,
-62,
-3281,
3298,
-714,
-6906,
-1511,
-303,
-5097,
-757,
2344,
-3464,
-3066,
1857,
-11,
-1394,
1279,
703,
-1383,
-1234,
-833,
-323,
139,
-95,
144,
63,
-249,
618,
329,
-655,
1005,
1823,
-303,
-519,
715,
39,
-231,
333,
-380,
-660,
138,
-76,
-3450,
3257,
-612,
-6941,
-1753,
-397,
-4920,
-687,
1998,
-4146,
-3775,
1387,
-285,
-1544,
1499,
1246,
-1138,
-1448,
-986,
-263,
154,
-124,
162,
126,
-134,
594,
110,
-657,
1203,
1692,
-429,
75,
1506,
210,
-359,
361,
-368,
-706,
127,
-75,
-3386,
3497,
-164,
-6516,
-1549,
-297,
-4824,
-665,
2127,
-3674,
-3272,
1517,
-264,
-1199,
2022,
1586,
-989,
-1321,
-864,
-197,
187,
-100,
142,
56,
-276,
332,
-103,
-631,
1134,
1205,
-815,
272,
1752,
13,
-615,
315,
-447,
-795,
235,
-78,
-3372,
3612,
-162,
-6683,
-1544,
-191,
-5097,
-966,
2495,
-3149,
-3347,
1294,
-254,
-1466,
1477,
1302,
-1131,
-1617,
-1100,
-268,
139,
-120,
138,
36,
-166,
596,
100,
-612,
1046,
1214,
-583,
454,
1613,
-70,
-234,
773,
-392,
-901,
305,
-117,
-3699,
3630,
-162,
-6753,
-1350,
-166,
-5416,
-1033,
2696,
-3039,
-3442,
749,
-1008,
-1786,
1365,
1087,
-1093,
-1532,
-1382,
-492,
174,
-118,
167,
54,
-282,
643,
180,
-858,
990,
1664,
-276,
483,
1867,
302,
-125,
724,
-341,
-759,
346,
-146,
-4002,
3468,
267,
-6341,
-1723,
-701,
-5526,
-966,
3168,
-2140,
-3119,
241,
-1489,
-1889,
1430,
1163,
-1161,
-1660,
-1361,
-417,
209,
-86,
138,
1,
-276,
613,
78,
-991,
867,
1658,
-346,
28,
1312,
38,
-291,
576,
-283,
-696,
221,
-159,
-4155,
3677,
369,
-6663,
-1974,
-866,
-6136,
-1859,
2537,
-2428,
-3181,
230,
-1786,
-2505,
887,
948,
-1104,
-1527,
-1388,
-635,
39,
-111,
133,
8,
-220,
654,
234,
-534,
1281,
1532,
-839,
-282,
1387,
314,
-139,
495,
-249,
-336,
504,
-153,
-4182,
4127,
1008,
-6483,
-2221,
-1009,
-6055,
-1850,
2444,
-2362,
-2930,
519,
-1495,
-2307,
962,
1185,
-637,
-1185,
-1263,
-548,
69,
-129,
135,
-103,
-432,
575,
295,
-475,
1185,
1097,
-1375,
-450,
1421,
176,
-273,
473,
-370,
-454,
545,
-201,
-4369,
4599,
1279,
-6376,
-1625,
-824,
-6185,
-1184,
2771,
-3192,
-3531,
184,
-2234,
-2510,
1226,
829,
-1020,
-999,
-1161,
-594,
135,
-131,
185,
92,
-201,
940,
543,
-600,
1099,
1252,
-1006,
254,
1884,
-54,
-315,
1086,
144,
-273,
763,
-249,
-4704,
5091,
1954,
-6286,
-1486,
-253,
-5713,
-930,
2954,
-3286,
-3891,
-229,
-2713,
-2985,
892,
630,
-917,
-538,
-780,
-508,
188,
-71,
161,
121,
-111,
1017,
719,
-416,
1003,
1014,
-998,
403,
1675,
-600,
-478,
1569,
561,
-343,
671,
-254,
-4650,
5296,
1903,
-6253,
-1045,
-89,
-5678,
-529,
2854,
-3892,
-3695,
591,
-2018,
-2277,
1176,
306,
-871,
-253,
-1130,
-961,
207,
5,
142,
75,
-199,
1045,
668,
-745,
864,
1235,
-813,
432,
1544,
-880,
-672,
1483,
509,
-269,
673,
-266,
-4638,
4808,
1642,
-5553,
158,
966,
-5313,
-1388,
1753,
-3475,
-2330,
1097,
-2278,
-2486,
984,
356,
-477,
-227,
-1472,
-1062,
210,
-42,
152,
-55,
-262,
1217,
404,
-1234,
1129,
1565,
-1384,
-106,
1710,
-805,
-968,
1251,
408,
-333,
569,
-312,
-5003,
5284,
1848,
-5959,
264,
1197,
-5545,
-1389,
1800,
-3829,
-2571,
666,
-3232,
-2897,
1121,
-132,
-1185,
-241,
-1229,
-1032,
197,
-38,
159,
4,
-162,
1298,
361,
-1332,
1171,
1739,
-1111,
170,
1741,
-835,
-775,
1344,
299,
-291,
628,
-342,
-5336,
6210,
2615,
-6102,
484,
1427,
-5974,
-1347,
2217,
-3956,
-2265,
1692,
-2686,
-2423,
1979,
-229,
-2132,
-410,
-809,
-974,
142,
-3,
151,
107,
-131,
1078,
338,
-1127,
1124,
1625,
-892,
460,
1866,
-640,
-449,
1515,
219,
-363,
780,
-366,
-5517,
6581,
2460,
-6941,
343,
1713,
-6228,
-1353,
2790,
-3917,
-2829,
1325,
-2849,
-2512,
2116,
38,
-1780,
64,
-452,
-844,
195,
11,
162,
192,
-97,
901,
19,
-1371,
1052,
1561,
-1028,
471,
2042,
-568,
-481,
1584,
395,
-137,
1027,
-398,
-5910,
6378,
2156,
-7133,
474,
1248,
-7337,
-1932,
2697,
-4143,
-2906,
1357,
-3059,
-2659,
2206,
277,
-1271,
525,
-418,
-904,
250,
25,
162,
76,
-374,
829,
153,
-1363,
1018,
1617,
-974,
475,
1898,
-764,
-417,
1703,
187,
-433,
921,
-404,
-6325,
6694,
2586,
-6983,
618,
714,
-8581,
-2575,
2599,
-4514,
-2990,
1739,
-3100,
-2990,
2131,
77,
-1684,
386,
-340,
-874,
292,
61,
161,
204,
-76,
1176,
470,
-1260,
766,
1409,
-732,
701,
1663,
-912,
-159,
1851,
239,
-54,
1318,
-392,
-6329,
7037,
2913,
-6560,
1716,
1994,
-7995,
-2510,
2821,
-3788,
-2016,
2311,
-2945,
-2791,
2201,
-132,
-1671,
631,
-320,
-968,
310,
70,
183,
334,
82,
1305,
513,
-1362,
548,
1048,
-1284,
11,
994,
-1212,
69,
2180,
317,
-74,
1271,
-415,
-6552,
7166,
2882,
-6886,
1665,
1954,
-8353,
-2496,
3357,
-3487,
-2045,
2375,
-2813,
-2815,
1988,
-215,
-1212,
1305,
-131,
-1170,
179,
44,
197,
331,
-2,
1386,
863,
-1079,
698,
1144,
-1501,
-336,
1183,
-599,
368,
2028,
94,
-203,
1161,
-459,
-6904,
6930,
2529,
-7685,
546,
865,
-9034,
-2658,
3212,
-3895,
-2097,
2997,
-2125,
-2446,
2118,
-386,
-1513,
1265,
-21,
-1150,
207,
74,
198,
365,
-190,
937,
697,
-942,
696,
1254,
-1052,
-75,
1123,
-612,
271,
1711,
-76,
-151,
1167,
-531,
-7359,
6687,
2669,
-7374,
637,
769,
-8664,
-1811,
3609,
-4095,
-2151,
3267,
-1730,
-2013,
2184,
-788,
-1718,
1493,
137,
-1230,
153,
101,
165,
293,
-191,
844,
356,
-1206,
682,
1145,
-1254,
-132,
970,
-921,
57,
1343,
-678,
-425,
1247,
-540,
-7634,
6480,
2413,
-7999,
-123,
457,
-8759,
-2576,
1929,
-6024,
-3498,
2780,
-1875,
-2334,
1882,
-912,
-1995,
1086,
-2,
-1141,
210,
122,
140,
230,
-92,
1145,
662,
-978,
807,
1077,
-1328,
274,
1966,
90,
609,
1682,
-188,
85,
1534,
-595,
-7872,
6256,
2508,
-7457,
624,
1234,
-7861,
-1790,
2087,
-6363,
-3657,
2963,
-1582,
-1867,
2470,
-642,
-2081,
1067,
98,
-1155,
147,
126,
120,
168,
-165,
941,
327,
-1199,
788,
1061,
-1459,
87,
1641,
-492,
96,
1710,
160,
151,
1324,
-670,
-8220,
6252,
2711,
-7241,
911,
1312,
-8161,
-1989,
2458,
-5457,
-2758,
3153,
-2097,
-2538,
1730,
-1474,
-2635,
849,
-34,
-1177,
203,
126,
131,
104,
-429,
722,
198,
-1474,
524,
951,
-1646,
-99,
1659,
-574,
-276,
1364,
-14,
-8,
1139,
-704,
-8324,
6200,
2581,
-7402,
917,
1444,
-7867,
-1442,
2942,
-5281,
-2761,
2935,
-2536,
-2870,
1537,
-1749,
-2852,
772,
-227,
-1504,
-23,
62,
155,
182,
-176,
1286,
803,
-1202,
631,
1245,
-1222,
155,
1566,
-759,
-122,
1579,
-344,
-559,
1005,
-744,
-8477,
6340,
2707,
-7456,
1382,
2736,
-6532,
-498,
4010,
-3950,
-1820,
3112,
-2716,
-2813,
1885,
-1580,
-3041,
608,
-163,
-1408,
14,
82,
140,
151,
-205,
1262,
847,
-1155,
618,
1414,
-888,
104,
1096,
-925,
242,
1931,
-314,
-679,
916,
-705,
-8448,
6238,
2412,
-8172,
66,
1226,
-7805,
-1780,
2567,
-5005,
-2280,
2631,
-3461,
-3231,
2079,
-1268,
-3007,
525,
-167,
-1397,
-14,
58,
163,
281,
-13,
1300,
717,
-1119,
1030,
1996,
-445,
422,
1587,
-239,
764,
2279,
211,
-120,
1100,
-735,
-8611,
6389,
2871,
-7618,
634,
1779,
-7189,
-1158,
2594,
-5738,
-2583,
3556,
-2413,
-3228,
1502,
-1576,
-2970,
730,
112,
-1185,
76,
81,
150,
224,
-116,
1198,
578,
-1416,
689,
1745,
-872,
-189,
1379,
-52,
581,
1633,
-258,
-234,
1065,
-792,
-9076,
5899,
2449,
-7659,
1085,
2065,
-7418,
-1338,
2750,
-5671,
-2867,
3136,
-2722,
-3440,
1355,
-1507,
-2823,
527,
-310,
-1336,
149,
111,
146,
189,
-229,
969,
244,
-1549,
903,
1926,
-684,
484,
2140,
27,
215,
1430,
-292,
-208,
1245,
-792,
-9181,
6110,
2869,
-7445,
1023,
1893,
-7625,
-1415,
2751,
-6042,
-3440,
3091,
-2351,
-3092,
2010,
-554,
-2279,
702,
-6,
-1073,
179,
113,
119,
73,
-353,
785,
27,
-1756,
409,
1163,
-1135,
343,
1670,
-712,
-132,
1459,
-440,
-582,
1030,
-808,
-9437,
6345,
3152,
-7427,
1308,
2434,
-7406,
-1522,
2524,
-6504,
-4123,
2493,
-2569,
-3017,
1918,
-856,
-2290,
1035,
262,
-923,
315,
150,
137,
216,
-240,
765,
114,
-1435,
664,
1107,
-1273,
324,
1539,
-1042,
-314,
1612,
-175,
-450,
1008,
-803,
-9459,
6464,
3221,
-7776,
913,
2681,
-6970,
-1618,
2460,
-6071,
-4038,
1712,
-3593,
-3760,
1450,
-1128,
-2428,
1005,
306,
-935,
235,
120,
132,
136,
-333,
805,
251,
-1447,
435,
930,
-1217,
563,
1932,
-547,
195,
2058,
-57,
-837,
493,
-810,
-9477,
6474,
3428,
-7573,
916,
2886,
-6375,
-1025,
2983,
-5411,
-3371,
2254,
-3140,
-3526,
1325,
-1490,
-2733,
958,
401,
-893,
265,
165,
96,
24,
-489,
714,
424,
-1208,
414,
885,
-1109,
460,
1564,
-857,
-42,
1950,
209,
-414,
638,
-822,
-9395,
6892,
3813,
-7523,
779,
2570,
-6781,
-1172,
3022,
-5342,
-2900,
3150,
-2452,
-3244,
1479,
-1485,
-3010,
511,
-55,
-1214,
152,
151,
106,
64,
-484,
828,
950,
-481,
815,
981,
-1045,
429,
1490,
-747,
18,
1690,
-6,
-290,
836,
-848,
-9534,
6685,
3673,
-7331,
1239,
2820,
-6863,
-1121,
3539,
-4588,
-2391,
3325,
-2166,
-2672,
1899,
-1476,
-3217,
279,
-184,
-1229,
89,
74,
150,
125,
-433,
921,
940,
-497,
1088,
1365,
-769,
755,
1758,
-785,
-92,
1695,
-70,
-377,
929,
-851,
-9613,
6819,
3978,
-7051,
1318,
2540,
-7266,
-1123,
3766,
-4717,
-2589,
3596,
-1837,
-2668,
1939,
-1373,
-3363,
108,
-124,
-1129,
134,
105,
134,
165,
-253,
1095,
993,
-562,
961,
1278,
-841,
644,
1726,
-718,
-14,
1883,
227,
-227,
887,
-876,
-9983,
6514,
3750,
-7611,
332,
1744,
-7475,
-1129,
3548,
-5044,
-2716,
3686,
-1914,
-3167,
1358,
-1586,
-3296,
84,
-346,
-1357,
30,
71,
167,
309,
-89,
1248,
1187,
-465,
897,
1234,
-899,
534,
1920,
-236,
128,
1596,
97,
-14,
1145,
-872,
-9842,
6723,
4067,
-7113,
970,
2539,
-6464,
-279,
4004,
-4368,
-1609,
4519,
-1306,
-2167,
2352,
-1142,
-3079,
249,
-355,
-1357,
98,
83,
162,
175,
-406,
1020,
1000,
-818,
646,
1225,
-896,
531,
1800,
-747,
-423,
1495,
125,
-272,
797,
-882,
-9967,
6627,
4039,
-7215,
667,
2177,
-6677,
-261,
4315,
-3954,
-1618,
4062,
-1599,
-2187,
2192,
-1276,
-2741,
838,
-16,
-1350,
-2,
51,
159,
141,
-388,
985,
780,
-862,
969,
1383,
-1125,
396,
2007,
-266,
281,
2119,
429,
-68,
1001,
-883,
-10044,
6505,
4033,
-6835,
1355,
2569,
-6818,
-253,
4794,
-3810,
-2227,
3342,
-2076,
-2544,
2125,
-1180,
-3016,
396,
-69,
-1228,
-63,
-17,
178,
153,
-270,
1254,
972,
-871,
891,
1363,
-1160,
213,
1794,
-241,
507,
2214,
239,
-367,
792,
-901,
-10210,
6569,
3953,
-7070,
1770,
3457,
-6619,
-516,
5202,
-3111,
-2195,
3045,
-2284,
-3040,
1399,
-1636,
-3205,
273,
-147,
-1298,
-94,
8,
154,
135,
-235,
1197,
942,
-678,
1077,
1352,
-1294,
-76,
1515,
-240,
419,
1677,
-238,
-374,
926,
-945,
-10676,
6052,
3676,
-7123,
1755,
3722,
-5854,
150,
5286,
-2992,
-1636,
3315,
-2708,
-3662,
816,
-2199,
-3432,
437,
61,
-1115,
113,
103,
108,
-49,
-528,
1109,
1195,
-371,
1342,
1600,
-1283,
-299,
1214,
-804,
-347,
1196,
-427,
-565,
856,
-943,
-10661,
6094,
3626,
-7168,
1912,
3797,
-6207,
-289,
5194,
-3076,
-2177,
2626,
-3083,
-3905,
538,
-2167,
-3085,
630,
106,
-927,
293,
126,
114,
-101,
-711,
992,
1162,
-603,
789,
970,
-1589,
-248,
1143,
-1175,
-581,
1248,
-411,
-642,
863,
-942,
-10820,
6232,
3941,
-6575,
2765,
4196,
-6231,
-108,
5058,
-3760,
-2076,
3766,
-2397,
-4098,
249,
-2498,
-3707,
125,
26,
-839,
331,
133,
116,
-13,
-539,
814,
443,
-1224,
617,
785,
-1773,
78,
1784,
-667,
-189,
1515,
-301,
-508,
985,
-913,
-10731,
6498,
4492,
-5989,
2979,
4276,
-5509,
1341,
6272,
-3580,
-2686,
3195,
-2255,
-3187,
1198,
-2266,
-4045,
-221,
-229,
-1084,
195,
106,
133,
77,
-424,
903,
503,
-1294,
550,
1071,
-1338,
197,
1799,
-430,
-18,
1434,
-356,
-429,
1055,
-898,
-10820,
6336,
4610,
-5804,
2901,
4389,
-5305,
883,
5608,
-3659,
-2762,
2550,
-2968,
-3556,
1143,
-1993,
-3553,
167,
-155,
-1227,
72,
66,
170,
309,
-53,
1179,
654,
-1151,
740,
1206,
-1455,
18,
1908,
-292,
-75,
1567,
-125,
-562,
868,
-924,
-11171,
6136,
4463,
-5924,
3144,
4887,
-5304,
-85,
4200,
-4485,
-2907,
2080,
-4067,
-4350,
1056,
-1935,
-3596,
96,
-407,
-1569,
-47,
101,
126,
124,
-389,
822,
446,
-1289,
680,
1484,
-892,
498,
2238,
105,
495,
2241,
482,
-181,
1016,
-913,
-11003,
6122,
4329,
-6098,
2903,
4676,
-5425,
-46,
4511,
-4137,
-2686,
2502,
-3624,
-4577,
384,
-2314,
-3658,
224,
22,
-1106,
137,
121,
127,
172,
-289,
777,
223,
-1573,
208,
894,
-1281,
125,
1667,
-308,
222,
1684,
-73,
-313,
957,
-935,
-11030,
6002,
4116,
-6259,
2641,
4079,
-5766,
410,
4924,
-4515,
-3093,
2641,
-3586,
-4927,
204,
-2197,
-3614,
203,
155,
-940,
152,
91,
132,
115,
-350,
829,
265,
-1583,
328,
1110,
-1144,
267,
1925,
-36,
434,
1849,
42,
-202,
1103,
-955,
-11015,
6283,
4451,
-5940,
3153,
4597,
-5384,
1066,
5835,
-3953,
-2809,
3284,
-2553,
-3906,
1068,
-1583,
-3417,
119,
104,
-875,
251,
145,
105,
108,
-179,
1211,
790,
-1152,
323,
851,
-1046,
641,
1914,
-435,
116,
1646,
-176,
-379,
925,
-917,
-10958,
6291,
4171,
-6354,
3091,
5001,
-4840,
1310,
5648,
-4151,
-2812,
3044,
-3062,
-4202,
961,
-1703,
-3443,
-11,
-363,
-1323,
70,
80,
159,
266,
-48,
1437,
1164,
-879,
401,
760,
-1291,
515,
2097,
-228,
195,
1799,
-3,
-375,
957,
-956,
-11257,
5954,
4019,
-6461,
3017,
5381,
-4366,
951,
4798,
-4483,
-2737,
3055,
-2939,
-3892,
1303,
-1219,
-2867,
316,
-322,
-1377,
-21,
12,
205,
398,
36,
1279,
738,
-1218,
414,
817,
-1575,
23,
1735,
-363,
230,
1938,
166,
-237,
1017,
-1011,
-11565,
5630,
3609,
-6900,
2523,
4448,
-5506,
591,
5457,
-3627,
-2380,
2944,
-2936,
-3390,
1780,
-1323,
-3051,
665,
239,
-1087,
61,
50,
169,
232,
-241,
1029,
674,
-1185,
261,
535,
-1532,
441,
1999,
-381,
302,
2018,
-105,
-683,
718,
-1024,
-11807,
5180,
2710,
-7690,
2376,
4259,
-5978,
553,
5535,
-4189,
-3040,
2781,
-3011,
-3705,
1427,
-1439,
-2869,
824,
136,
-1226,
40,
60,
152,
106,
-370,
1177,
899,
-1239,
151,
600,
-1491,
307,
1585,
-1203,
-629,
1470,
-241,
-720,
601,
-1030,
-11880,
5318,
3031,
-7229,
3161,
5201,
-5528,
271,
4867,
-4930,
-3642,
2390,
-3462,
-4285,
1046,
-1598,
-3045,
625,
-71,
-1441,
-44,
79,
127,
5,
-578,
980,
909,
-1118,
490,
1464,
-666,
393,
1527,
-727,
-67,
1699,
-113,
-467,
1019,
-1011,
-11885,
5428,
3756,
-6271,
3659,
5746,
-4688,
643,
5072,
-3956,
-2465,
2763,
-3721,
-4593,
895,
-1768,
-3519,
128,
-50,
-1093,
154,
114,
117,
-1,
-587,
856,
906,
-684,
869,
1237,
-1063,
291,
1456,
-996,
-421,
1403,
-211,
-380,
1076,
-998,
-11891,
5470,
4009,
-6061,
3564,
5794,
-4344,
652,
4802,
-3863,
-2297,
2602,
-3804,
-4682,
364,
-2165,
-3325,
293,
-144,
-1041,
286,
136,
115,
-51,
-634,
854,
702,
-965,
861,
1191,
-1438,
-28,
1408,
-848,
-19,
1827,
-91,
-428,
971,
-1035,
-12068,
5255,
3280,
-6936,
3108,
5006,
-5572,
176,
4974,
-3881,
-2097,
3166,
-3547,
-4542,
773,
-1851,
-3115,
609,
-70,
-1265,
184,
169,
89,
-49,
-474,
1098,
755,
-1172,
818,
1533,
-1029,
290,
1668,
-763,
-9,
1952,
-73,
-636,
859,
-1062,
-12251,
5123,
2532,
-8315,
1828,
3787,
-6768,
-622,
3946,
-5596,
-3254,
3249,
-3162,
-4196,
1445,
-1218,
-2885,
726,
27,
-1337,
61,
127,
107,
-11,
-569,
820,
578,
-1126,
805,
1472,
-765,
740,
1830,
-786,
53,
1896,
-277,
-592,
1160,
-1060,
-12242,
5126,
2606,
-8311,
1835,
4138,
-6457,
-811,
3840,
-5382,
-3452,
2712,
-3287,
-4059,
1385,
-1352,
-2975,
639,
13,
-1303,
55,
110,
118,
25,
-525,
851,
654,
-1022,
766,
1196,
-1149,
653,
2378,
-69,
184,
1661,
-263,
-510,
1011,
-1069,
-12256,
5247,
2752,
-8116,
2291,
4648,
-6153,
-280,
4902,
-4349,
-2810,
3264,
-2743,
-3537,
2233,
-225,
-2165,
946,
108,
-1257,
52,
87,
142,
83,
-630,
574,
553,
-891,
796,
1105,
-1142,
647,
2082,
-631,
-224,
1748,
-3,
-596,
712,
-1082,
-12532,
5191,
2759,
-8267,
2180,
4894,
-5529,
309,
5273,
-3683,
-1812,
3913,
-2277,
-2747,
2668,
-697,
-2814,
710,
149,
-1097,
196,
127,
122,
-29,
-734,
603,
509,
-923,
1165,
1548,
-1243,
102,
1459,
-1172,
-626,
1385,
-313,
-705,
642,
-1085,
-12490,
5337,
2904,
-8238,
1930,
4124,
-6494,
-30,
5518,
-3757,
-2346,
3525,
-2492,
-2999,
2786,
-39,
-2317,
558,
-248,
-1241,
251,
150,
133,
87,
-484,
1006,
908,
-871,
1044,
1918,
-472,
444,
1291,
-1256,
-652,
1123,
-505,
-579,
746,
-1103,
-12414,
5607,
2905,
-8249,
2497,
4583,
-6757,
-472,
5083,
-4400,
-2947,
2982,
-3133,
-3452,
2551,
-260,
-2321,
750,
-252,
-1423,
126,
111,
145,
63,
-493,
1188,
1065,
-1022,
739,
1503,
-1088,
32,
1471,
-749,
-244,
1260,
-578,
-613,
925,
-1118,
-12504,
5743,
2905,
-8547,
2503,
5091,
-6326,
-275,
5401,
-3989,
-2601,
3401,
-2753,
-3493,
2140,
-627,
-2407,
940,
31,
-1301,
66,
54,
176,
161,
-378,
1196,
955,
-1007,
1016,
1802,
-965,
148,
1704,
-646,
-450,
978,
-712,
-680,
864,
-1108,
-12429,
5665,
2944,
-8332,
2528,
5034,
-6012,
272,
5728,
-3858,
-2371,
3710,
-2591,
-3470,
2102,
-876,
-2814,
772,
152,
-1196,
114,
104,
141,
128,
-346,
1059,
655,
-1149,
972,
1572,
-1214,
119,
1613,
-1011,
-726,
973,
-781,
-872,
775,
-1085,
-12511,
5458,
3178,
-7900,
2021,
3807,
-6732,
-12,
5278,
-4060,
-2191,
3561,
-2941,
-3261,
2539,
-986,
-3175,
805,
390,
-1181,
28,
108,
113,
77,
-286,
1080,
553,
-1186,
833,
1060,
-1639,
265,
1893,
-1098,
-960,
899,
-704,
-713,
931,
-1082,
-12441,
5255,
2875,
-7764,
2688,
4450,
-6453,
175,
5473,
-4056,
-1936,
4609,
-1950,
-3465,
1791,
-1014,
-2760,
752,
12,
-1329,
45,
86,
143,
81,
-532,
729,
291,
-1537,
447,
1009,
-1581,
-103,
1380,
-1089,
-403,
1603,
-177,
-491,
990,
