-481,
-8591,
2100,
2284,
-4323,
-120,
2136,
-2171,
-29,
1662,
-2052,
-562,
1517,
-1805,
-1417,
1171,
-712,
-1265,
513,
-148,
-590,
222,
65,
78,
-30,
-302,
655,
565,
-183,
1026,
864,
-758,
427,
1134,
-637,
-272,
700,
-511,
-435,
600,
-408,
-8637,
1724,
2862,
-3238,
-174,
1942,
-1647,
-358,
488,
-2683,
-1268,
246,
-2443,
-1199,
1456,
-461,
-1003,
615,
-158,
-634,
173,
42,
103,
71,
-365,
297,
349,
-281,
469,
156,
-1019,
268,
743,
-1045,
-536,
733,
-259,
-407,
446,
-342,
-8617,
1489,
3164,
-2846,
-557,
1800,
-1414,
-958,
37,
-1877,
-591,
346,
-1939,
-810,
1206,
-563,
-940,
364,
-399,
-694,
121,
46,
66,
-10,
-219,
456,
50,
-824,
415,
802,
-484,
6,
266,
-1067,
-370,
915,
53,
-272,
294,
-325,
-8726,
1366,
3088,
-3048,
-770,
1955,
-1157,
-708,
1067,
-192,
512,
722,
-1722,
-1010,
524,
-1034,
-996,
394,
-365,
-631,
146,
32,
85,
17,
-334,
342,
273,
-564,
318,
844,
-87,
174,
476,
-189,
362,
721,
-253,
-30,
621,
-313,
-8673,
1597,
3484,
-2959,
-1171,
1585,
-1319,
-931,
843,
-489,
-129,
113,
-1897,
-999,
678,
-579,
-561,
624,
-157,
-538,
58,
-8,
76,
-15,
-220,
417,
132,
-366,
994,
1026,
-678,
-188,
513,
-624,
-398,
403,
-460,
-559,
321,
-339,
-8610,
1602,
3099,
-3425,
-1059,
1931,
-1317,
-899,
1016,
-697,
-257,
845,
-961,
-650,
809,
-465,
-677,
662,
280,
-203,
96,
-10,
67,
25,
-14,
541,
-23,
-626,
730,
788,
-656,
162,
874,
-488,
-312,
695,
-63,
-369,
226,
-363,
-8510,
1708,
3084,
-3291,
-921,
1565,
-1530,
-444,
1194,
-765,
428,
1648,
-752,
-323,
1121,
-834,
-1057,
720,
232,
-358,
92,
-10,
90,
65,
-77,
608,
251,
-450,
788,
930,
-414,
343,
867,
-403,
90,
919,
-245,
-371,
531,
-332,
-8624,
1584,
3143,
-3215,
-1118,
1443,
-1378,
-718,
347,
-1314,
194,
1050,
-1305,
-257,
1343,
-634,
-575,
1050,
15,
-605,
132,
47,
75,
64,
-80,
546,
100,
-524,
888,
906,
-566,
483,
1134,
-438,
5,
978,
-396,
-701,
380,
-286,
-8685,
1192,
3060,
-3000,
-1160,
1515,
-1087,
-705,
380,
-1260,
-293,
745,
-880,
-204,
822,
-796,
-614,
744,
6,
-319,
232,
43,
62,
10,
-21,
650,
117,
-540,
748,
710,
-501,
639,
1023,
-633,
-12,
1100,
-203,
-548,
390,
-234,
-8850,
902,
3309,
-2728,
-1953,
386,
-1721,
-1424,
-176,
-805,
468,
896,
-1034,
-281,
907,
-527,
-462,
707,
90,
-166,
285,
71,
28,
-107,
-232,
247,
-47,
-135,
884,
226,
-513,
1261,
1106,
-1180,
-364,
959,
-453,
-799,
213,
-265,
-8780,
715,
2869,
-2960,
-1789,
507,
-1756,
-1211,
62,
-1110,
-123,
475,
-1336,
-311,
1201,
-561,
-924,
580,
326,
-154,
116,
0,
66,
39,
-152,
91,
-215,
-230,
732,
176,
-463,
1183,
1186,
-716,
0,
988,
-422,
-706,
233,
-322,
-8566,
995,
2721,
-3194,
-1485,
761,
-1716,
-448,
985,
-1397,
-835,
495,
-1390,
-972,
879,
-212,
-681,
187,
-417,
-560,
185,
64,
87,
219,
-54,
183,
73,
-279,
357,
296,
-246,
600,
442,
-932,
-233,
603,
-402,
-330,
570,
-276,
-8753,
700,
2793,
-2986,
-1614,
910,
-1206,
-760,
-11,
-1738,
-598,
706,
-842,
-354,
622,
-869,
-642,
645,
-253,
-539,
304,
124,
77,
225,
-72,
258,
291,
-213,
257,
300,
-493,
-270,
-362,
-1152,
-564,
-164,
-886,
-330,
533,
-255,
-8787,
747,
3029,
-2767,
-1502,
1328,
-475,
-318,
223,
-1070,
331,
1269,
-561,
-44,
811,
-845,
-470,
1005,
-11,
-543,
190,
61,
97,
204,
-84,
511,
651,
-104,
387,
706,
-274,
-284,
20,
-461,
-121,
118,
-620,
-315,
385,
-269,
-8547,
1097,
3275,
-2633,
-1401,
1197,
-851,
-614,
-23,
-1645,
-760,
-237,
-2011,
-714,
1071,
-364,
-429,
728,
-109,
-381,
314,
75,
88,
84,
-269,
500,
759,
-93,
351,
698,
-342,
-423,
-68,
-378,
104,
271,
-649,
-368,
404,
-279,
-8524,
971,
3178,
-2530,
-1435,
762,
-1160,
-280,
572,
-1183,
-71,
745,
-1454,
-871,
677,
-754,
-882,
383,
-249,
-518,
162,
40,
75,
13,
-253,
664,
916,
-146,
13,
306,
-425,
-153,
312,
-38,
428,
693,
-99,
76,
523,
-260,
-8676,
946,
3236,
-2501,
-1347,
1026,
-866,
-313,
200,
-1356,
143,
838,
-1569,
-757,
853,
-822,
-757,
854,
-19,
-600,
163,
74,
87,
147,
-267,
306,
567,
-356,
-237,
177,
-296,
-37,
293,
-56,
426,
667,
-112,
58,
467,
-266,
-8679,
920,
3212,
-2487,
-1301,
1017,
-1010,
-474,
170,
-1380,
-57,
503,
-1933,
-984,
944,
-656,
-930,
540,
-56,
-513,
118,
26,
93,
78,
-334,
386,
790,
57,
518,
1218,
646,
468,
464,
46,
358,
226,
-724,
-368,
332,
-278,
-8764,
715,
3033,
-2536,
-1392,
761,
-1225,
-471,
154,
-1736,
-544,
372,
-1778,
-976,
866,
-551,
-854,
368,
-216,
-477,
197,
44,
97,
135,
-257,
325,
622,
-6,
438,
961,
535,
633,
521,
0,
579,
567,
-638,
-508,
103,
-276,
-8696,
823,
3103,
-2818,
-1802,
882,
-851,
-330,
505,
-1242,
-597,
130,
-1751,
-1218,
339,
-704,
-659,
570,
-94,
-516,
111,
55,
64,
91,
-203,
289,
504,
-106,
-4,
18,
-403,
85,
222,
-302,
317,
578,
-416,
-331,
315,
-292,
-8601,
772,
2897,
-2523,
-1163,
867,
-929,
307,
635,
-1883,
-607,
471,
-1887,
-1041,
929,
-614,
-811,
693,
38,
-441,
193,
60,
74,
2,
-511,
91,
642,
321,
564,
414,
-35,
688,
371,
-867,
85,
867,
-424,
-458,
515,
-250,
-8777,
398,
2771,
-2589,
-1603,
582,
-933,
1,
566,
-1148,
-8,
525,
-1650,
-751,
833,
-628,
-599,
638,
-224,
-549,
200,
59,
81,
47,
-477,
-104,
124,
-298,
-37,
-193,
-477,
560,
477,
-625,
278,
773,
-646,
-447,
670,
-252,
-8708,
520,
2847,
-2686,
-1773,
655,
-637,
-69,
-100,
-1643,
223,
851,
-1802,
-863,
1235,
-68,
-187,
998,
-14,
-630,
63,
43,
76,
130,
-171,
185,
214,
-202,
151,
-65,
-386,
763,
822,
-214,
624,
1045,
-319,
-163,
719,
-282,
-8788,
505,
2874,
-2381,
-1052,
1173,
-654,
96,
415,
-1555,
-22,
858,
-2024,
-1576,
860,
-55,
-575,
450,
-15,
-305,
226,
54,
82,
121,
-240,
183,
411,
-2,
264,
155,
-365,
147,
-20,
-892,
-157,
344,
-469,
-93,
580,
-319,
-8547,
1277,
3316,
-2410,
-670,
1636,
-788,
-114,
431,
-1626,
-105,
750,
-2283,
-1716,
799,
-304,
-737,
444,
-270,
-721,
12,
20,
81,
63,
-324,
214,
362,
-362,
-68,
114,
-322,
308,
481,
-241,
326,
618,
-281,
91,
695,
-358,
-8515,
1403,
2868,
-2946,
-501,
1719,
-874,
562,
1110,
-1700,
93,
1467,
-1808,
-1511,
623,
-935,
-1005,
703,
-215,
-892,
-36,
41,
56,
-49,
-341,
389,
305,
-543,
312,
689,
-275,
107,
221,
-744,
-90,
464,
-414,
64,
835,
-372,
-8574,
1345,
2366,
-3664,
-773,
1464,
-1649,
44,
1612,
-693,
547,
976,
-2406,
-1263,
1171,
-1101,
-1537,
567,
-105,
-851,
-2,
71,
48,
-31,
-317,
396,
350,
-512,
189,
430,
-505,
-17,
201,
-640,
-41,
165,
-904,
-190,
759,
-431,
-8643,
2007,
2623,
-3935,
-313,
2174,
-1419,
447,
1898,
-1092,
372,
1274,
-2392,
-1261,
1622,
-589,
-1250,
617,
-188,
-819,
45,
12,
108,
46,
-376,
485,
646,
-154,
624,
792,
-209,
370,
358,
-682,
389,
848,
-701,
-293,
707,
-466,
-8476,
2355,
2817,
-3729,
203,
2306,
-2096,
-335,
1163,
-2271,
-852,
600,
-2765,
-1525,
1630,
-447,
-1120,
852,
74,
-731,
5,
-22,
135,
174,
-201,
522,
411,
-586,
169,
380,
-574,
112,
178,
-883,
257,
934,
-549,
-312,
561,
-502,
-8686,
2178,
2239,
-4241,
423,
2396,
-2544,
-342,
1539,
-2292,
-922,
899,
-2324,
-994,
2151,
-142,
-884,
1061,
118,
-695,
148,
78,
70,
2,
-189,
783,
513,
-669,
225,
370,
-760,
151,
358,
-931,
104,
763,
-749,
-255,
905,
-528,
-8682,
2220,
1841,
-4821,
351,
2400,
-2882,
-361,
1943,
-2047,
-713,
1248,
-2148,
-970,
2048,
-547,
-1102,
1439,
529,
-604,
197,
109,
83,
95,
-323,
328,
214,
-616,
438,
531,
-868,
-22,
473,
-901,
-161,
903,
-137,
-33,
662,
-547,
-8527,
2511,
2065,
-4744,
23,
1411,
-3559,
281,
2890,
-1972,
-813,
1646,
-1852,
-1060,
2042,
-319,
-972,
1277,
289,
-662,
240,
121,
78,
41,
-355,
475,
479,
-247,
960,
871,
-869,
96,
896,
-488,
126,
1053,
-240,
-297,
428,
-556,
-8605,
2537,
2245,
-4345,
526,
1663,
-3634,
-8,
2302,
-2604,
-874,
2070,
-1628,
-1221,
1744,
-753,
-1605,
708,
73,
-631,
265,
120,
65,
-41,
-361,
659,
622,
-301,
829,
774,
-828,
325,
1128,
-423,
-3,
700,
-621,
-408,
451,
-573,
-8673,
2080,
1360,
-4531,
1479,
2199,
-3927,
510,
3598,
-2174,
-1239,
1862,
-1883,
-1773,
1309,
-904,
-1607,
753,
88,
-627,
264,
88,
103,
68,
-322,
555,
185,
-1137,
84,
490,
-844,
438,
1351,
-110,
646,
1593,
-192,
-457,
629,
-431,
-7825,
1103,
-6,
-4283,
1762,
690,
-6014,
-648,
2743,
-3607,
-2395,
2051,
-1213,
-1892,
885,
-885,
-1524,
750,
301,
-422,
241,
42,
123,
117,
-373,
250,
-80,
-1090,
157,
569,
-537,
483,
721,
-840,
292,
1320,
-538,
-527,
1004,
-407,
-6694,
1899,
-331,
-5424,
821,
370,
-6202,
-1417,
1193,
-5183,
-2872,
2834,
-8,
-927,
1412,
-840,
-1722,
638,
264,
-523,
109,
-25,
152,
93,
-593,
61,
-31,
-1098,
-217,
-160,
-1493,
-314,
392,
-1139,
-373,
754,
-668,
-566,
893,
-361,
-6067,
2471,
-775,
-6627,
325,
800,
-5947,
-1645,
1168,
-4695,
-2384,
2971,
276,
-252,
1717,
-1303,
-2372,
206,
2,
-639,
60,
-63,
174,
114,
-547,
342,
567,
-302,
397,
-73,
-1538,
2,
639,
-1356,
-623,
792,
-473,
-355,
973,
-315,
-5959,
2243,
-1445,
-7329,
-14,
909,
-5157,
-126,
2562,
-4125,
-2161,
3199,
133,
-581,
1646,
-1572,
-3114,
-332,
-40,
-553,
157,
18,
130,
85,
-494,
324,
523,
-286,
373,
-201,
-1847,
-581,
-164,
-2303,
-1439,
584,
-252,
-398,
705,
-271,
-5705,
2240,
-1939,
-8060,
-524,
821,
-4907,
230,
2869,
-3880,
-2238,
2466,
-875,
-1118,
1686,
-1315,
-2887,
-248,
-12,
-386,
384,
101,
119,
170,
-345,
219,
82,
-591,
438,
-181,
-2025,
-704,
-241,
-2275,
-1089,
928,
-217,
-308,
932,
-242,
-5623,
2189,
-2138,
-8189,
-205,
1650,
-4106,
763,
3596,
-3086,
-2253,
1641,
-1613,
-1429,
1605,
-1144,
-2465,
188,
332,
-109,
522,
103,
145,
279,
-203,
375,
112,
-799,
331,
53,
-1968,
-1140,
-519,
-1986,
-809,
739,
-626,
-631,
694,
-237,
-5674,
2058,
-2542,
-8545,
24,
2106,
-4080,
671,
3971,
-2495,
-1974,
1601,
-1789,
-1713,
1388,
-1027,
-2177,
248,
184,
-212,
474,
67,
167,
302,
-214,
418,
154,
-936,
79,
19,
-1659,
-808,
-375,
-1790,
-536,
683,
-1014,
-920,
560,
-237,
-5666,
2028,
-2634,
-8729,
-169,
2089,
-3940,
838,
4354,
-1652,
-1012,
2067,
-1797,
-1610,
1769,
-763,
-2156,
272,
231,
-251,
445,
87,
148,
267,
-266,
301,
181,
-496,
782,
568,
-1343,
-414,
87,
-1758,
-937,
614,
-459,
-332,
792,
-258,
-5833,
1970,
-2618,
-8706,
-179,
1916,
-4170,
812,
4328,
-2110,
-1779,
1444,
-2216,
-2026,
1496,
-614,
-1830,
350,
190,
-170,
502,
69,
155,
186,
-425,
250,
165,
-515,
830,
362,
-1922,
-748,
213,
-1787,
-1315,
329,
-529,
-416,
666,
-278,
-5896,
2192,
-2424,
-8599,
149,
2265,
-3808,
1670,
5245,
-2042,
-2171,
1565,
-1599,
-1518,
1663,
-611,
-1839,
234,
-92,
-426,
407,
67,
139,
110,
-443,
372,
223,
-592,
861,
530,
-1686,
-227,
1021,
-1043,
-758,
687,
-523,
-608,
652,
-299,
-5945,
2313,
-2114,
-8451,
4,
2066,
-4310,
534,
4177,
-2337,
-2277,
1051,
-1937,
-1143,
2184,
-651,
-2261,
-83,
-322,
-709,
230,
48,
133,
121,
-364,
536,
500,
-413,
719,
340,
-1598,
9,
1159,
-1174,
-1202,
272,
-550,
-424,
726,
-278,
-6014,
2507,
-1907,
-8498,
-54,
2234,
-3984,
960,
4688,
-1999,
-2535,
276,
-2440,
-969,
2412,
-887,
-2593,
-67,
-32,
-413,
371,
55,
154,
214,
-307,
442,
289,
-614,
566,
316,
-1290,
456,
1189,
-1556,
-1482,
256,
-475,
-394,
594,
-320,
-6301,
2751,
-1537,
-8745,
-518,
2460,
-3242,
1180,
4176,
-2208,
-1933,
677,
-2965,
-1579,
2492,
-567,
-2541,
-174,
-162,
-537,
317,
47,
162,
244,
-290,
527,
520,
-457,
485,
192,
-1326,
482,
1377,
-1193,
-1192,
289,
-638,
-580,
532,
-355,
-6422,
2852,
-1035,
-8519,
-1079,
1889,
-3291,
1193,
4292,
-1624,
-1309,
944,
-2893,
-1645,
2374,
-460,
-2230,
156,
112,
-403,
348,
77,
128,
122,
-466,
275,
349,
-423,
613,
466,
-939,
607,
1418,
-775,
-919,
-117,
-1044,
-463,
692,
-382,
-6621,
2631,
-1115,
-8206,
-562,
1898,
-3736,
1272,
4840,
-1776,
-2111,
624,
-2687,
-1645,
2123,
-721,
-2504,
-24,
84,
-440,
277,
54,
134,
161,
-344,
504,
606,
-358,
436,
254,
-1138,
382,
1332,
-615,
-522,
488,
-537,
-322,
760,
-382,
-6673,
2572,
-1084,
-8078,
-402,
2053,
-3661,
1277,
4823,
-2060,
-2712,
372,
-2311,
-1370,
2025,
-574,
-2068,
169,
98,
-317,
367,
50,
133,
75,
-411,
646,
642,
-608,
402,
615,
-813,
605,
1578,
-641,
-884,
205,
-659,
-484,
606,
-395,
-6882,
2587,
-860,
-7975,
-563,
1992,
-3153,
2077,
5101,
-2368,
-2893,
515,
-2352,
-1830,
1512,
-682,
-1753,
485,
147,
-374,
379,
78,
120,
87,
-311,
758,
680,
-544,
542,
641,
-946,
550,
1708,
-480,
-833,
185,
-557,
-224,
805,
-447,
-7123,
2666,
-495,
-7592,
-217,
2261,
-3159,
1676,
4660,
-2205,
-2241,
794,
-2493,
-1593,
2114,
-428,
-1898,
316,
-37,
-609,
254,
67,
126,
175,
-162,
758,
571,
-552,
514,
545,
-763,
798,
1274,
-1365,
-1268,
189,
-665,
-490,
501,
-433,
-7421,
2438,
-623,
-7699,
-223,
2519,
-2801,
1606,
4016,
-2914,
-2750,
308,
-2820,
-1663,
1837,
-1076,
-2472,
22,
-133,
-523,
381,
98,
123,
179,
-127,
775,
285,
-1123,
119,
397,
-973,
522,
1063,
-1485,
-1187,
424,
-546,
-523,
461,
-490,
-7602,
2561,
-168,
-7358,
-310,
2214,
-2876,
1914,
4334,
-2870,
-2548,
932,
-2374,
-1614,
2066,
-639,
-2232,
255,
268,
-288,
374,
78,
117,
96,
-269,
743,
513,
-721,
630,
975,
-660,
598,
1491,
-795,
-933,
269,
-676,
-571,
490,
-539,
-7878,
2624,
51,
-7472,
-615,
2053,
-3152,
1452,
4357,
-2159,
-1836,
1308,
-2093,
-1374,
2362,
10,
-1474,
538,
109,
-438,
361,
93,
102,
1,
-471,
536,
459,
-605,
812,
1167,
-573,
368,
1093,
-882,
-669,
508,
-539,
-398,
689,
-548,
-7863,
2858,
253,
-7323,
-421,
2079,
-3101,
1750,
4383,
-2517,
-2124,
901,
-2805,
-2008,
1782,
-626,
-1793,
522,
42,
-520,
364,
109,
87,
-61,
-486,
536,
281,
-754,
785,
764,
-1227,
190,
1278,
-804,
-685,
377,
-683,
-269,
793,
-564,
-8026,
2684,
555,
-6699,
-180,
1962,
-3211,
1542,
4094,
-2551,
-1848,
1154,
-2861,
-2142,
2003,
-275,
-1763,
411,
5,
-616,
280,
124,
67,
2,
-192,
749,
-33,
-1577,
179,
1030,
-616,
248,
912,
-1080,
-728,
643,
-391,
-426,
504,
-586,
-8213,
2650,
969,
-5913,
583,
2490,
-2982,
1338,
3589,
-2858,
-1655,
1687,
-2322,
-1844,
2071,
-193,
-1549,
627,
125,
-587,
229,
73,
97,
63,
-141,
855,
216,
-1194,
437,
925,
-757,
454,
1112,
-1150,
-564,
1190,
6,
-252,
721,
-607,
-8258,
2936,
1219,
-5817,
1028,
3135,
-2914,
686,
2793,
-3335,
-1930,
1344,
-2539,
-1853,
1777,
-677,
-1431,
1229,
427,
-578,
298,
126,
82,
23,
-276,
775,
439,
-786,
764,
1123,
-623,
524,
1088,
-1225,
-636,
1058,
-202,
-432,
575,
-608,
-8273,
3093,
1725,
-5211,
1035,
2373,
-3557,
878,
3292,
-3347,
-2382,
1037,
-2415,
-1425,
2154,
-698,
-1816,
951,
552,
-344,
322,
81,
93,
-48,
-397,
725,
332,
-998,
630,
1065,
-755,
428,
1284,
-781,
-280,
1144,
-294,
-641,
332,
-607,
-8497,
2813,
1788,
-4929,
1135,
2385,
-3628,
701,
3417,
-3018,
-2229,
1355,
-2067,
-1799,
1622,
-480,
-1507,
677,
199,
-420,
348,
98,
90,
5,
-369,
507,
154,
-789,
866,
1072,
-760,
323,
944,
-1129,
-654,
636,
-579,
-438,
757,
-607,
-8433,
2682,
1247,
-5603,
754,
2160,
-3994,
330,
3383,
-2569,
-1617,
1555,
-2315,
-2042,
1535,
-407,
-1097,
1251,
498,
-410,
315,
94,
88,
3,
-256,
803,
316,
-1063,
427,
809,
-886,
346,
1237,
-710,
-343,
810,
-489,
-405,
762,
-615,
-8504,
2818,
1546,
-5372,
779,
1977,
-4181,
383,
3559,
-2388,
-1156,
2138,
-2325,
-2569,
1156,
-760,
-1739,
752,
417,
-396,
259,
53,
118,
100,
-205,
874,
632,
-781,
243,
411,
-1116,
187,
1012,
-985,
-533,
959,
-115,
-260,
627,
-613,
-8651,
2651,
1557,
-5211,
696,
1572,
-4435,
386,
3320,
-2923,
-1379,
2552,
-1520,
-1716,
1868,
-205,
-1326,
898,
265,
-575,
258,
104,
93,
118,
-103,
876,
653,
-249,
1216,
1044,
-1162,
-132,
752,
-1124,
-547,
848,
-512,
-656,
561,
-616,
-8372,
3012,
1691,
-5317,
724,
1889,
-4075,
414,
2886,
-3455,
-1606,
2607,
-1316,
-1518,
1757,
-552,
-1456,
956,
113,
-918,
20,
46,
104,
121,
-115,
761,
254,
-892,
690,
995,
-738,
330,
914,
-1046,
-332,
1010,
-484,
-643,
519,
-616,
-8385,
3017,
1699,
-5380,
919,
2746,
-3070,
909,
3167,
-3250,
-1958,
1864,
-1932,
-2091,
1312,
-455,
-1042,
1227,
282,
-769,
83,
67,
79,
34,
-126,
796,
120,
-1151,
531,
938,
-792,
422,
1363,
-340,
362,
1591,
-45,
-414,
563,
-617,
-8401,
2981,
1723,
-5124,
1169,
2455,
-3758,
460,
3127,
-3009,
-1613,
1914,
-2212,
-2193,
1483,
-448,
-1402,
697,
-28,
-659,
298,
105,
95,
44,
-308,
583,
119,
-1039,
555,
802,
-978,
407,
1517,
-307,
52,
1035,
-471,
-477,
621,
-616,
-8462,
2888,
1692,
-4979,
1392,
2442,
-4058,
308,
3328,
-2867,
-1683,
2050,
-1825,
-1928,
1683,
-115,
-1204,
584,
-170,
-653,
339,
118,
81,
-46,
-422,
643,
425,
-701,
762,
1047,
-571,
693,
1365,
-805,
-426,
825,
-451,
-379,
762,
-607,
-8574,
2609,
1372,
-5445,
859,
2451,
-3533,
759,
3895,
-1895,
-883,
2280,
-1936,
-2252,
1273,
-290,
-1071,
785,
-123,
-755,
258,
107,
86,
-20,
-459,
471,
168,
-1071,
414,
913,
-939,
-148,
915,
-511,
-264,
587,
-555,
-359,
701,
-602,
-8397,
2775,
1670,
-4864,
1507,
2855,
-3427,
555,
3358,
-2471,
-1075,
2554,
-1394,
-1752,
1280,
-962,
-1933,
392,
-22,
-625,
212,
50,
112,
48,
-327,
646,
310,
-1015,
158,
246,
-1387,
217,
1626,
-106,
-38,
858,
-335,
-170,
822,
-610,
-8425,
2919,
1859,
-4971,
1090,
2517,
-3407,
780,
3368,
-2879,
-1598,
2283,
-1328,
-1285,
1969,
-665,
-2122,
291,
21,
-751,
91,
65,
91,
72,
-276,
452,
60,
-998,
278,
370,
-1176,
290,
1442,
-231,
80,
1052,
-272,
-302,
623,
-609,
-8484,
2819,
1742,
-5064,
873,
2006,
-3951,
615,
3566,
-2536,
-1184,
2706,
-1040,
-1227,
1923,
-590,
-1998,
290,
55,
-600,
139,
35,
93,
-45,
-402,
593,
238,
-1075,
68,
169,
-1307,
233,
1245,
-601,
-156,
998,
-337,
-364,
668,
-600,
-8181,
2990,
1674,
-5147,
1023,
2296,
-3827,
513,
3444,
-2727,
-1750,
1805,
-1967,
-2109,
1231,
-717,
-1687,
483,
54,
-557,
189,
37,
93,
-63,
-355,
697,
162,
-1163,
443,
823,
-966,
132,
880,
-986,
-191,
1308,
-193,
-554,
515,
-606,
-8285,
2944,
1690,
-5118,
907,
1904,
-4153,
675,
3858,
-2446,
-1496,
2165,
-1623,
-1874,
1289,
-777,
-1636,
569,
-85,
-762,
140,
32,
116,
18,
-411,
592,
353,
-802,
603,
765,
-1101,
32,
939,
-860,
-270,
985,
-518,
-672,
556,
-619,
-8339,
3012,
1699,
-5047,
1493,
2675,
-4103,
-74,
2988,
-3111,
-2063,
1689,
-1749,
-1388,
2133,
-200,
-1433,
771,
165,
-616,
236,
78,
112,
119,
-239,
760,
724,
-280,
888,
833,
-1023,
8,
808,
-900,
-344,
803,
-431,
-221,
924,
-605,
-8343,
2863,
1649,
-5070,
1248,
2656,
-3583,
390,
3150,
-2634,
-1135,
2218,
-2291,
-2479,
1568,
-162,
-1560,
384,
-25,
-652,
164,
57,
101,
91,
-160,
793,
466,
-784,
380,
793,
-342,
739,
907,
-1052,
-228,
1010,
-349,
-230,
839,
-620,
-8412,
2912,
1477,
-5340,
1171,
2423,
-3848,
606,
3409,
-2735,
-1242,
2162,
-2215,
-2003,
1851,
-475,
-1713,
605,
-36,
-851,
100,
54,
101,
8,
-380,
624,
347,
-837,
628,
1006,
-554,
709,
1399,
-779,
-442,
851,
-384,
-437,
618,
-620,
-8389,
3101,
1820,
-5144,
943,
1874,
-4436,
197,
3424,
-2170,
-400,
2836,
-1973,
-2201,
1498,
-604,
-1559,
862,
217,
-703,
92,
20,
110,
-29,
-510,
416,
191,
-796,
636,
676,
-1010,
399,
1186,
-787,
-149,
1110,
-332,
-375,
709,
-616,
-8513,
2776,
1481,
-5295,
1015,
2074,
-4528,
-500,
2585,
-2601,
-616,
2495,
-2357,
-2510,
1280,
-607,
-1334,
1038,
199,
-684,
263,
126,
72,
-36,
-398,
597,
287,
-938,
425,
651,
-947,
415,
1137,
-1057,
-591,
779,
-614,
-705,
541,
-605,
-8596,
2579,
1490,
-5122,
1027,
2214,
-3879,
434,
3481,
-2065,
-723,
2193,
-2192,
-2126,
1385,
-658,
-1321,
1092,
276,
-648,
199,
72,
96,
0,
-356,
706,
468,
-748,
547,
674,
-1075,
135,
981,
-818,
-178,
1011,
-519,
-575,
668,
-607,
-8499,
2765,
1514,
-5401,
650,
1935,
-4013,
451,
3541,
-2139,
-937,
2112,
-1918,
-1686,
1665,
-537,
-1238,
1128,
258,
-740,
41,
-1,
109,
-37,
-391,
599,
99,
-1132,
377,
488,
-1187,
429,
1414,
-608,
-70,
1127,
-361,
-321,
797,
-607,
-8527,
2658,
1409,
-5241,
1077,
2205,
-4028,
522,
3712,
-2270,
-1260,
2030,
-1878,
-1814,
1586,
-380,
-1153,
896,
-93,
-926,
60,
46,
92,
5,
-297,
560,
-3,
-1162,
173,
-23,
-1660,
256,
1506,
-325,
182,
1106,
-545,
-453,
765,
-617,
-8486,
2805,
1466,
-5341,
1043,
2301,
-3964,
382,
3306,
-2573,
-956,
2692,
-1496,
-1735,
1579,
-561,
-1401,
926,
212,
-607,
233,
71,
104,
43,
-326,
607,
283,
-784,
657,
724,
-973,
496,
1463,
-444,
-34,
924,
-549,
-393,
723,
-614,
-8298,
3002,
1578,
-5408,
892,
2242,
-4121,
-63,
2919,
-2628,
-966,
2471,
-1833,
-2022,
1474,
-472,
-1325,
795,
-52,
-780,
226,
106,
79,
-23,
-311,
817,
486,
-938,
297,
481,
-1283,
8,
1084,
-736,
-393,
670,
-749,
-700,
613,
-609,
-8392,
2833,
1631,
-5218,
895,
2209,
-4011,
153,
3205,
-2748,
-1841,
1670,
-1777,
-1576,
1708,
-504,
-1549,
618,
-1,
-705,
211,
104,
67,
-66,
-400,
623,
325,
-968,
275,
517,
-1173,
-86,
781,
-971,
-479,
811,
-334,
-312,
773,
-616,
-8470,
2921,
1808,
-5074,
868,
1913,
-4149,
465,
3300,
-3247,
-2261,
1541,
-2101,
-1928,
1705,
-500,
-1745,
562,
130,
-645,
187,
89,
81,
15,
-306,
601,
253,
-864,
651,
1007,
-856,
-98,
602,
-1035,
-416,
802,
-409,
-267,
908,
-608,
-8493,
2998,
2013,
-4877,
944,
2011,
-4016,
140,
2458,
-3577,
-1547,
2206,
-2463,
-2715,
1500,
-81,
-1349,
525,
-168,
-878,
97,
76,
81,
49,
-120,
814,
266,
-835,
779,
737,
-1365,
18,
1099,
-1143,
-954,
577,
-481,
-564,
616,
-601,
-8400,
3004,
2147,
-4611,
1182,
2304,
-3842,
55,
2659,
-2894,
-918,
2737,
-1758,
-2097,
1780,
-105,
-1618,
328,
-70,
-773,
56,
53,
79,
49,
-121,
739,
315,
-503,
1086,
902,
-1219,
-94,
776,
-1042,
-367,
1064,
-255,
-449,
567,
-592,
-8525,
2712,
1768,
-4819,
1267,
2623,
-3396,
327,
2591,
-2905,
-717,
2693,
-1977,
-1977,
1966,
-270,
-1673,
778,
495,
-488,
117,
57,
74,
3,
-218,
587,
130,
-611,
968,
550,
-1459,
296,
1369,
-950,
-591,
987,
-144,
-175,
931,
-606,
-8540,
2720,
1660,
-4793,
1489,
2433,
-3927,
58,
2112,
-4011,
-1514,
2679,
-1961,
-2232,
1858,
-37,
-1235,
1107,
542,
-498,
167,
61,
88,
-9,
-332,
619,
207,
-933,
702,
1039,
-834,
303,
1308,
-590,
-374,
648,
-792,
-881,
381,
-611,
-8434,
2919,
1924,
-4602,
1510,
2264,
-4154,
316,
3084,
-3324,
-1998,
1789,
-2258,
-2201,
1725,
-226,
-1359,
1043,
577,
-430,
193,
72,
75,
-58,
-387,
649,
535,
-339,
1074,
995,
-848,
532,
1467,
-572,
-233,
891,
-672,
-895,
309,
-599,
-8278,
2817,
1654,
-4802,
1521,
2600,
-3700,
556,
3312,
-2773,
-1228,
2568,
-1675,
-2086,
1515,
-357,
-1447,
787,
259,
-669,
36,
15,
99,
12,
-283,
680,
430,
-503,
859,
762,
-886,
695,
1536,
-652,
-199,
1166,
-239,
-453,
557,
-604,
-8292,
3004,
1855,
-4868,
1126,
2079,
-3942,
666,
3509,
-2443,
-846,
2574,
-1719,
-1520,
2282,
-6,
-1349,
725,
-46,
-911,
33,
43,
97,
69,
-144,
811,
388,
-635,
934,
1081,
-516,
882,
1404,
-828,
-188,
1020,
-632,
-567,
808,
-605,
-8129,
3103,
1731,
-4906,
1531,
2533,
-3957,
361,
3156,
-3103,
-2002,
1320,
-2369,
-1371,
2579,
-121,
-1618,
617,
-105,
-928,
129,
108,
72,
8,
-249,
766,
416,
-704,
872,
1079,
-876,
206,
1031,
-951,
-422,
1014,
-247,
-318,
814,
-607,
-8417,
2804,
1643,
-4918,
1319,
2242,
-4118,
228,
2934,
-3184,
-1399,
2685,
-1310,
-1564,
1864,
-185,
-1222,
726,
-272,
-1034,
98,
81,
94,
39,
-337,
567,
184,
-981,
618,
974,
-872,
281,
1155,
-1005,
-666,
922,
-248,
-547,
541,
-607,
-8501,
2780,
1809,
-4718,
1405,
2412,
-3831,
484,
3273,
-2951,
-1816,
1906,
-1640,
-1545,
1650,
-583,
-1477,
712,
-91,
-874,
72,
20,
125,
91,
-281,
653,
251,
-1039,
309,
511,
-1181,
200,
1245,
-645,
-235,
1017,
-355,
-559,
447,
-614,
-8535,
2758,
1564,
-5058,
1237,
2265,
-3833,
935,
3819,
-2467,
-1027,
2452,
-2151,
-2453,
1290,
-669,
-1737,
426,
-275,
-999,
8,
6,
124,
38,
-411,
536,
140,
-1291,
-40,
278,
-1213,
347,
1551,
-250,
120,
1232,
-225,
-387,
644,
-622,
-8403,
2848,
1183,
-5542,
1316,
2386,
-4245,
511,
3713,
-2612,
-1355,
2139,
-2154,
-2103,
1470,
-903,
-1842,
681,
-48,
-895,
147,
98,
81,
8,
-224,
927,
553,
-863,
450,
643,
-1055,
409,
1493,
-319,
263,
1325,
-520,
-788,
463,
