-723,
-9289,
3577,
1663,
-5757,
2037,
2799,
-4726,
514,
3060,
-4055,
-1094,
3223,
-2105,
-1633,
2413,
-1109,
-2439,
429,
-485,
-1169,
148,
10,
172,
92,
-259,
1289,
1019,
-259,
1727,
1445,
-1251,
656,
1896,
-830,
-125,
1495,
-657,
-968,
531,
-722,
-9304,
3450,
1374,
-5919,
2137,
2762,
-5017,
267,
2756,
-4587,
-1553,
2994,
-2268,
-1764,
2284,
-1246,
-2389,
624,
-424,
-1175,
237,
66,
161,
116,
-283,
1138,
789,
-528,
1563,
1538,
-1042,
802,
2059,
-600,
51,
1596,
-537,
-849,
587,
-731,
-9528,
3333,
1255,
-6220,
1869,
2788,
-4871,
378,
3028,
-4226,
-1544,
2723,
-2277,
-1523,
2327,
-1333,
-2233,
956,
-182,
-1048,
292,
65,
169,
94,
-442,
914,
608,
-747,
1253,
1319,
-1011,
895,
1832,
-1183,
-496,
1334,
-607,
-822,
634,
-733,
-9387,
3524,
1404,
-6161,
1868,
2646,
-5204,
163,
3121,
-4152,
-1588,
2834,
-2177,
-1686,
2176,
-1439,
-2641,
453,
-361,
-1055,
224,
25,
175,
75,
-409,
1075,
831,
-544,
1354,
1098,
-1604,
477,
2072,
-679,
-262,
1399,
-573,
-853,
692,
-724,
-9530,
3290,
1272,
-5985,
2147,
2629,
-5495,
-107,
2980,
-4134,
-1399,
3105,
-1800,
-1166,
2585,
-1312,
-2603,
516,
-341,
-1045,
265,
40,
179,
110,
-353,
1272,
1337,
189,
2083,
1695,
-1262,
509,
2077,
-471,
-140,
1254,
-637,
-753,
655,
-714,
-9424,
3244,
1277,
-5761,
2230,
2472,
-5425,
-24,
2368,
-5051,
-1839,
2827,
-2319,
-1553,
2456,
-1450,
-2708,
513,
-389,
-1149,
191,
12,
193,
151,
-309,
1204,
974,
-402,
1638,
1746,
-680,
1124,
2169,
-681,
-81,
1536,
-425,
-589,
781,
-724,
-9346,
3451,
1394,
-5829,
2311,
2806,
-5240,
-103,
2412,
-4699,
-1382,
3083,
-2508,
-2090,
1995,
-1624,
-2724,
502,
-460,
-1215,
227,
57,
179,
182,
-269,
1135,
862,
-490,
1510,
1489,
-1135,
613,
1851,
-874,
-321,
1359,
-473,
-607,
798,
-732,
-9361,
3450,
1242,
-6240,
1895,
2598,
-5330,
94,
3088,
-4181,
-1594,
2737,
-2391,
-1817,
2197,
-1346,
-2433,
749,
-191,
-1045,
254,
70,
159,
141,
-240,
1130,
822,
-398,
1633,
1600,
-771,
1084,
1943,
-1084,
-430,
1385,
-426,
-553,
807,
-730,
-9373,
3388,
1174,
-6100,
2273,
2802,
-5535,
-228,
2717,
-4803,
-2079,
2865,
-2041,
-1672,
2407,
-958,
-2185,
740,
-387,
-1322,
95,
51,
162,
192,
-212,
954,
568,
-495,
1649,
1582,
-855,
1010,
1938,
-1090,
-417,
1540,
-273,
-554,
856,
-731,
-9495,
3344,
1193,
-6064,
2365,
2991,
-5320,
-239,
2488,
-4691,
-1449,
3357,
-1936,
-1472,
2728,
-925,
-2384,
617,
-334,
-1134,
247,
67,
179,
228,
-250,
1000,
812,
-258,
1731,
1533,
-982,
962,
2041,
-1067,
-577,
1441,
-251,
-685,
507,
-734,
-9384,
3490,
1090,
-6538,
1807,
2640,
-5530,
-527,
2228,
-4638,
-1372,
2953,
-2515,
-1752,
2401,
-1588,
-2998,
287,
-515,
-1247,
160,
15,
201,
224,
-223,
1247,
1052,
-293,
1680,
1665,
-894,
934,
2152,
-678,
-133,
1644,
-193,
-494,
742,
-725,
-9298,
3453,
1130,
-6297,
1976,
2651,
-5312,
147,
3081,
-4142,
-1372,
2907,
-2308,
-1587,
2346,
-1525,
-2622,
698,
-326,
-1227,
159,
32,
181,
151,
-321,
1096,
830,
-473,
1613,
1573,
-1112,
719,
1991,
-992,
-661,
1183,
-408,
-582,
707,
-720,
-9378,
3264,
1146,
-6093,
1996,
2523,
-5361,
125,
2881,
-4658,
-1828,
3109,
-1780,
-1445,
2325,
-1363,
-2585,
552,
-386,
-1214,
189,
67,
168,
203,
-206,
1137,
971,
-232,
1617,
1522,
-922,
795,
1838,
-942,
-455,
1151,
-621,
-721,
672,
-725,
-9501,
3224,
1050,
-6489,
1419,
2092,
-5662,
-319,
2225,
-5382,
-2494,
2560,
-2200,
-1711,
2282,
-1252,
-2585,
323,
-626,
-1276,
200,
46,
193,
246,
-272,
1031,
911,
-328,
1532,
1551,
-916,
760,
2006,
-604,
-184,
1387,
-357,
-558,
716,
-729,
-9384,
3416,
1093,
-6424,
1775,
2467,
-5377,
71,
2642,
-4836,
-1732,
2849,
-2656,
-2062,
2368,
-1217,
-2587,
575,
-285,
-1066,
302,
92,
160,
154,
-275,
1077,
768,
-483,
1636,
1549,
-1202,
641,
1987,
-988,
-647,
1316,
-291,
-713,
450,
-726,
-9543,
3205,
1005,
-6515,
1428,
2035,
-5671,
-114,
2581,
-4888,
-1910,
2940,
-2103,
-1755,
1999,
-1829,
-3123,
207,
-338,
-1024,
178,
3,
183,
172,
-120,
1311,
798,
-522,
1642,
1382,
-1424,
639,
2117,
-776,
-353,
1464,
-254,
-550,
617,
-741,
-9557,
3402,
1165,
-6552,
1524,
2380,
-5453,
-246,
2319,
-4961,
-1747,
3098,
-2145,
-1895,
2022,
-1505,
-2673,
435,
-367,
-1032,
266,
54,
156,
60,
-295,
1194,
696,
-747,
1429,
1365,
-1310,
810,
2352,
-530,
-164,
1510,
-408,
-739,
561,
-736,
-9650,
3246,
1073,
-6469,
1430,
1757,
-5990,
13,
2810,
-4980,
-1887,
3304,
-1757,
-1319,
2836,
-890,
-2463,
595,
-120,
-877,
315,
74,
140,
-15,
-441,
1038,
588,
-899,
1332,
1600,
-1094,
332,
1526,
-803,
36,
1567,
-446,
-587,
783,
-730,
-9631,
3143,
902,
-6661,
1212,
1690,
-5844,
33,
2551,
-5158,
-1926,
2922,
-2444,
-1635,
2963,
-853,
-2562,
581,
-178,
-1000,
294,
79,
161,
83,
-498,
882,
771,
-548,
1359,
1477,
-1034,
457,
1540,
-927,
-138,
1498,
-476,
-679,
769,
-732,
-9746,
3157,
963,
-6554,
1475,
1921,
-5945,
-494,
1852,
-5471,
-1760,
3068,
-2279,
-1138,
3253,
-1156,
-2845,
578,
-286,
-1157,
316,
127,
140,
37,
-515,
1043,
1036,
-495,
1047,
755,
-1962,
-71,
1465,
-1249,
-780,
1163,
-478,
-832,
385,
-733,
-9774,
2996,
889,
-6613,
1246,
1693,
-6214,
-794,
1904,
-5369,
-2029,
3044,
-2043,
-1628,
2379,
-1348,
-2668,
547,
-320,
-1170,
203,
78,
142,
18,
-479,
1045,
943,
-589,
974,
823,
-1679,
110,
1391,
-1331,
-840,
955,
-798,
-1141,
197,
-728,
-9480,
3283,
1180,
-6065,
2037,
2298,
-5972,
-622,
2193,
-5193,
-2279,
2488,
-2416,
-1657,
2446,
-1263,
-2545,
586,
-334,
-1122,
246,
82,
139,
11,
-432,
1011,
605,
-958,
873,
719,
-1915,
-13,
1363,
-1298,
-546,
1421,
-436,
-919,
300,
-729,
-9512,
3298,
1136,
-6153,
2072,
2441,
-5820,
-449,
2396,
-4935,
-2035,
2422,
-2744,
-1686,
2778,
-1158,
-2782,
436,
-287,
-1067,
248,
63,
164,
118,
-342,
984,
516,
-968,
1039,
997,
-1636,
297,
1690,
-1083,
-369,
1654,
-339,
-993,
319,
-734,
-9436,
3404,
1128,
-6378,
1681,
1969,
-6168,
-433,
2475,
-5313,
-2542,
2395,
-2629,
-1924,
2455,
-1349,
-2990,
291,
-285,
-1069,
233,
76,
156,
130,
-353,
918,
663,
-551,
1368,
1115,
-1646,
138,
1542,
-1093,
-490,
1410,
-325,
-715,
510,
-734,
-9477,
3397,
1121,
-6273,
2009,
2419,
-5728,
-218,
2401,
-5121,
-1754,
3176,
-2312,
-1874,
2417,
-1268,
-2613,
633,
-215,
-1018,
323,
88,
165,
125,
-416,
838,
462,
-820,
1311,
1128,
-1849,
-59,
1562,
-1128,
-886,
724,
-916,
-955,
463,
-726,
-9704,
2928,
740,
-6549,
1609,
2172,
-5753,
-518,
1947,
-5197,
-1682,
2999,
-2474,
-1715,
2781,
-985,
-2631,
342,
-582,
-1339,
140,
63,
152,
91,
-380,
862,
370,
-1020,
963,
759,
-2003,
-207,
1093,
-1647,
-1095,
603,
-1229,
-1314,
248,
-724,
-9569,
3186,
1157,
-6232,
1659,
2195,
-5738,
-663,
1873,
-5105,
-1677,
2962,
-2552,
-2179,
2156,
-1053,
-2144,
789,
-396,
-1262,
184,
71,
150,
47,
-478,
888,
601,
-830,
990,
762,
-1989,
-125,
1336,
-1481,
-1086,
869,
-709,
-1013,
334,
-736,
-9439,
3500,
1226,
-6377,
1724,
2265,
-5681,
-84,
2745,
-4492,
-1062,
3705,
-2054,
-1844,
2417,
-1193,
-2439,
952,
55,
-1026,
215,
71,
160,
160,
-300,
930,
585,
-648,
1253,
896,
-1746,
449,
1966,
-1075,
-847,
1036,
-591,
-942,
350,
-733,
-9512,
3354,
1233,
-6152,
1891,
2298,
-5566,
90,
2669,
-4985,
-1827,
2941,
-2603,
-2083,
2420,
-1219,
-2710,
590,
-122,
-1025,
233,
67,
166,
180,
-246,
1065,
802,
-494,
1278,
1090,
-1220,
821,
1858,
-1099,
-383,
1459,
-585,
-954,
526,
-726,
-9468,
3332,
1344,
-5817,
2233,
2583,
-5346,
16,
2450,
-4777,
-1182,
3570,
-2123,
-1799,
2447,
-1160,
-2460,
776,
-46,
-926,
303,
90,
140,
71,
-314,
986,
516,
-738,
1239,
902,
-1526,
755,
1870,
-1233,
-610,
1061,
-1052,
-1197,
380,
-727,
-9646,
3052,
851,
-6385,
1668,
1837,
-5894,
174,
2666,
-5287,
-1965,
3124,
-2380,
-2066,
2218,
-1267,
-2386,
841,
-218,
-1144,
245,
84,
157,
136,
-309,
939,
440,
-942,
1039,
877,
-1605,
483,
1711,
-1107,
-342,
1386,
-725,
-990,
472,
-720,
-9562,
3089,
953,
-6280,
1729,
2146,
-5400,
444,
2902,
-4760,
-1541,
3191,
-2148,
-1382,
2882,
-1012,
-2357,
887,
-195,
-1195,
184,
52,
176,
141,
-419,
894,
648,
-666,
1320,
1271,
-1337,
546,
1857,
-1088,
-710,
1143,
-585,
-895,
475,
-726,
-9473,
3339,
1371,
-5858,
2206,
2711,
-5283,
-7,
2758,
-4308,
-1088,
3575,
-1784,
-1494,
2514,
-926,
-1997,
1044,
-128,
-1112,
192,
45,
172,
139,
-355,
911,
594,
-508,
1692,
1493,
-1376,
413,
1711,
-1231,
-799,
1153,
-477,
-767,
529,
-731,
-9570,
3289,
1285,
-6049,
1977,
2474,
-5456,
-9,
2653,
-4885,
-1795,
3355,
-1599,
-1309,
2610,
-998,
-2361,
604,
-337,
-1110,
236,
56,
172,
130,
-430,
878,
766,
-373,
1489,
1211,
-1424,
446,
1753,
-1012,
-478,
1397,
-309,
-694,
486,
-735,
-9537,
3395,
1352,
-6211,
1599,
2150,
-5535,
115,
3013,
-4262,
-1356,
3213,
-1866,
-1148,
2900,
-998,
-2453,
714,
-81,
-890,
332,
69,
172,
154,
-351,
878,
466,
-838,
1148,
942,
-1707,
252,
1584,
-1250,
-696,
1148,
-662,
-941,
434,
-736,
-9520,
3496,
1504,
-6197,
1376,
1805,
-5918,
-348,
2503,
-4760,
-1856,
2739,
-2309,
-1704,
2233,
-1492,
-2574,
859,
67,
-925,
198,
26,
161,
27,
-509,
791,
382,
-966,
1002,
796,
-1814,
211,
1609,
-1192,
-739,
939,
-863,
-1007,
449,
-735,
-9528,
3304,
1228,
-6178,
1986,
2693,
-5473,
-357,
2643,
-4431,
-1561,
3185,
-1830,
-1603,
2118,
-1482,
-2530,
775,
-169,
-1181,
123,
48,
162,
158,
-266,
1090,
948,
-321,
1295,
966,
-1485,
365,
1420,
-1413,
-737,
1139,
-713,
-1041,
385,
-671,
-8689,
3341,
299,
-6823,
2085,
2502,
-6115,
-450,
3012,
-4490,
-2047,
2794,
-1727,
-785,
3115,
-1065,
-2386,
1202,
201,
-1211,
-8,
28,
152,
105,
-371,
905,
712,
-468,
1414,
1280,
-1277,
450,
1565,
-1386,
-1061,
817,
-583,
-672,
549,
-324,
-6977,
2530,
-2450,
-9158,
1172,
3195,
-5340,
-1394,
1183,
-6724,
-5388,
781,
-9,
1856,
3760,
-1278,
-2293,
1247,
207,
-1221,
-130,
-1,
124,
50,
-224,
834,
79,
-1113,
1049,
930,
-1588,
383,
1747,
-1233,
-1311,
399,
-523,
-128,
1106,
-252,
-6498,
2385,
-3007,
-9388,
1335,
3435,
-5232,
-1451,
1270,
-6462,
-5582,
163,
-165,
2203,
4102,
-725,
-1596,
1372,
-96,
-1288,
-48,
0,
135,
37,
-256,
805,
-56,
-1089,
1464,
1232,
-1715,
178,
1564,
-1520,
-1577,
204,
-654,
-110,
1121,
-363,
-6143,
3860,
-807,
-7381,
2715,
4141,
-4793,
-1056,
1295,
-6404,
-5008,
90,
-1552,
1029,
3921,
-923,
-2014,
1344,
98,
-1202,
24,
51,
114,
43,
-117,
1058,
90,
-1025,
1853,
1788,
-1518,
309,
2041,
-1060,
-1242,
696,
-318,
-211,
999,
-321,
-5689,
4547,
246,
-6484,
2811,
3764,
-5259,
-1742,
449,
-7491,
-6416,
-747,
-1280,
1369,
3667,
-1040,
-1636,
1656,
16,
-1463,
-141,
20,
125,
154,
218,
1538,
440,
-1005,
1766,
1957,
-1275,
366,
2263,
-534,
-864,
828,
-233,
-299,
762,
-308,
-5447,
5384,
1102,
-6189,
2806,
3799,
-4988,
-1159,
1031,
-6882,
-5347,
199,
-1432,
716,
3758,
-279,
-1017,
1878,
43,
-1453,
-131,
2,
149,
184,
57,
1285,
389,
-1006,
1548,
1861,
-943,
610,
1953,
-1004,
-1066,
778,
-243,
-275,
688,
-276,
-5145,
5571,
1216,
-6521,
1474,
2307,
-5272,
-804,
616,
-7466,
-4922,
543,
-2447,
-341,
3980,
92,
-1505,
1282,
-196,
-1725,
-421,
-78,
154,
125,
-29,
1329,
576,
-836,
1896,
2549,
-460,
715,
2302,
-439,
-705,
1225,
317,
-107,
667,
-189,
-4747,
5676,
1194,
-6851,
472,
1561,
-4889,
-256,
332,
-7824,
-4341,
1553,
-2154,
-505,
4547,
1133,
-1182,
1085,
-144,
-1657,
-507,
-61,
94,
53,
273,
1513,
195,
-1089,
2017,
2392,
-735,
939,
2632,
-510,
-786,
1390,
355,
-235,
734,
-152,
-4576,
5959,
1470,
-6968,
225,
1848,
-4657,
-705,
266,
-6977,
-3578,
2083,
-1519,
-458,
4104,
1468,
-161,
1633,
-166,
-1677,
-405,
13,
49,
-36,
301,
1596,
111,
-1394,
1647,
2098,
-1046,
501,
2235,
-733,
-925,
1371,
464,
-230,
622,
-146,
-4660,
5629,
1594,
-6701,
-309,
1335,
-4467,
-1007,
-539,
-6936,
-3213,
1736,
-1965,
-713,
3705,
1488,
342,
1736,
-358,
-1629,
-348,
-3,
30,
-209,
267,
1744,
-101,
-1642,
1850,
2080,
-1477,
308,
2050,
-1175,
-969,
1714,
555,
-239,
823,
-149,
-4761,
5424,
1936,
-6489,
-1291,
462,
-4220,
-1079,
-1129,
-6643,
-2759,
1021,
-2906,
-1000,
3539,
1410,
615,
1905,
-476,
-1706,
-343,
-2,
23,
-270,
179,
1593,
-296,
-1544,
2170,
2013,
-1872,
106,
1852,
-1585,
-1099,
1995,
689,
-430,
651,
-162,
-4830,
5345,
1834,
-6842,
-1756,
214,
-4659,
-1803,
-1188,
-6019,
-2496,
864,
-3157,
-1624,
2823,
1134,
421,
1580,
-547,
-1585,
-325,
-30,
47,
-156,
294,
1545,
-334,
-1400,
2318,
2221,
-1524,
238,
1785,
-1471,
-964,
2039,
989,
-49,
638,
-183,
-4867,
5471,
2072,
-6462,
-1483,
73,
-4464,
-688,
-40,
-5311,
-1778,
1214,
-3511,
-1840,
3105,
1410,
644,
1944,
-152,
-1283,
-202,
-40,
65,
-172,
181,
1400,
-569,
-1674,
2079,
1789,
-2079,
-68,
1657,
-1557,
-945,
1916,
634,
-288,
514,
-225,
-5220,
5619,
2494,
-6183,
-1267,
313,
-4185,
-437,
24,
-5186,
-1504,
997,
-4198,
-2077,
3421,
1734,
925,
2128,
-252,
-1424,
-204,
-39,
81,
-124,
189,
1445,
-549,
-1915,
1682,
1636,
-1839,
266,
1756,
-1587,
-935,
1783,
341,
-460,
464,
-276,
-5412,
5875,
2483,
-6748,
-1594,
44,
-4947,
-771,
658,
-4716,
-1564,
1406,
-3276,
-1706,
2867,
851,
322,
1899,
-306,
-1409,
-172,
-52,
109,
-76,
94,
1471,
-52,
-1335,
1882,
1703,
-1629,
467,
1864,
-1487,
-876,
1700,
158,
-574,
447,
-283,
-5491,
6157,
2359,
-6956,
-934,
360,
-5845,
-1177,
1249,
-4707,
-2202,
1145,
-3315,
-1811,
2938,
987,
336,
1891,
-283,
-1309,
-43,
-39,
141,
-12,
-156,
1017,
-283,
-1486,
1622,
1744,
-1114,
864,
1701,
-1801,
-811,
1953,
272,
-390,
776,
-317,
-5752,
5990,
2360,
-6830,
-991,
-86,
-6077,
-834,
1353,
-5097,
-2243,
1282,
-3847,
-2518,
2786,
899,
37,
1897,
-23,
-1281,
-172,
-74,
143,
27,
-6,
1165,
-217,
-1377,
1781,
1761,
-1157,
1122,
2228,
-1435,
-657,
2176,
432,
-542,
614,
-377,
-6113,
5882,
2548,
-6367,
-139,
758,
-5823,
-886,
1611,
-4605,
-1788,
1733,
-3532,
-2513,
2678,
849,
-11,
1894,
96,
-1127,
-87,
-63,
149,
42,
-5,
1294,
46,
-1405,
1375,
1529,
-1114,
1060,
2249,
-1078,
-526,
1671,
-131,
-575,
885,
-410,
-6334,
5881,
2382,
-6771,
-322,
639,
-6173,
-1175,
1557,
-4378,
-1157,
2255,
-3619,
-2606,
3070,
1146,
-209,
1587,
16,
-1037,
-7,
-61,
169,
111,
-13,
1161,
-109,
-1432,
1558,
1837,
-780,
1412,
2510,
-998,
-454,
1927,
245,
-314,
850,
-434,
-6588,
5776,
2456,
-6376,
194,
560,
-6656,
-1259,
1536,
-4921,
-1658,
2412,
-3064,
-2355,
2519,
275,
-465,
1770,
-59,
-1186,
55,
-23,
186,
234,
95,
1328,
203,
-1320,
1253,
1413,
-1046,
1243,
2412,
-828,
-44,
2177,
205,
-369,
878,
-485,
-6947,
5735,
2727,
-5885,
785,
749,
-6918,
-1349,
1719,
-4898,
-1942,
1889,
-3554,
-2416,
2629,
-68,
-1179,
1197,
-336,
-1289,
-9,
-74,
219,
258,
-23,
1204,
194,
-1271,
1344,
1459,
-1220,
921,
2113,
-1124,
-334,
1970,
63,
-450,
881,
-484,
-6885,
6088,
3185,
-5530,
979,
574,
-7294,
-1334,
1966,
-5043,
-2321,
1481,
-4350,
-3277,
2436,
45,
-1369,
962,
-458,
-1524,
-213,
-93,
191,
137,
-159,
1199,
482,
-942,
1291,
1132,
-1436,
961,
2325,
-1016,
-488,
1798,
4,
-561,
737,
-469,
-6980,
6195,
3476,
-5214,
1483,
1389,
-6701,
-1392,
1696,
-5195,
-2604,
1303,
-3965,
-2879,
2212,
-267,
-1267,
1018,
-667,
-1591,
-108,
-75,
221,
254,
-85,
1337,
724,
-927,
1125,
1264,
-1121,
962,
2169,
-930,
-291,
1951,
247,
-300,
848,
-477,
-7119,
6316,
3912,
-4756,
1794,
1741,
-6233,
-1094,
1803,
-4816,
-1936,
1536,
-4432,
-3328,
2324,
73,
-1103,
1129,
-431,
-1357,
-12,
-65,
222,
245,
-149,
1234,
703,
-894,
935,
752,
-1709,
495,
1839,
-1181,
-580,
1660,
156,
-273,
737,
-519,
-7284,
6108,
3714,
-4818,
1776,
1442,
-6609,
-988,
2183,
-4691,
-1803,
1971,
-4152,
-3469,
2050,
-224,
-1407,
1027,
-347,
-1285,
40,
-30,
207,
241,
-216,
934,
266,
-1184,
969,
1078,
-1349,
611,
1665,
-1505,
-882,
1425,
-142,
-624,
537,
-549,
-7625,
5679,
3490,
-4714,
1949,
1569,
-6467,
-1179,
1548,
-5012,
-1682,
1614,
-4922,
-3758,
1963,
-717,
-1836,
931,
-583,
-1643,
-91,
-20,
194,
194,
-254,
1076,
590,
-904,
1227,
1375,
-1205,
702,
2062,
-904,
-433,
1683,
6,
-625,
401,
-569,
-7829,
5465,
3565,
-4413,
2245,
1955,
-5989,
-702,
2181,
-4333,
-1222,
2108,
-4311,
-3483,
1848,
-909,
-2006,
910,
-429,
-1597,
-178,
-49,
193,
212,
-182,
1199,
942,
-400,
1456,
1461,
-958,
714,
1764,
-811,
152,
2198,
318,
-369,
617,
-564,
-7992,
5303,
3503,
-4305,
2565,
2197,
-6319,
-1373,
1838,
-4528,
-1660,
1868,
-4132,
-3388,
1722,
-1068,
-2253,
689,
-462,
-1643,
-301,
-90,
203,
297,
18,
1271,
914,
-109,
1990,
1677,
-1135,
637,
2073,
-374,
327,
2092,
242,
-199,
929,
-582,
-8053,
5467,
3481,
-4467,
2787,
2476,
-6324,
-1021,
2748,
-3845,
-1543,
1935,
-3769,
-3098,
1587,
-1177,
-1843,
1238,
-217,
-1554,
-256,
-108,
221,
247,
-222,
1078,
953,
-1,
1942,
1469,
-1311,
477,
1751,
-635,
345,
2018,
-83,
-418,
826,
-623,
-8396,
4907,
3263,
-4075,
3256,
2738,
-6012,
-768,
2667,
-3887,
-1099,
2590,
-3330,
-2815,
1891,
-966,
-1886,
1048,
-301,
-1483,
-184,
-95,
215,
187,
-326,
1088,
1074,
-20,
1700,
1210,
-1471,
366,
1661,
-780,
45,
1700,
-236,
-520,
637,
-663,
-8557,
4889,
3282,
-4196,
2974,
2479,
-5882,
-351,
2898,
-3603,
-405,
3073,
-3491,
-3059,
1934,
-775,
-1647,
1163,
-390,
-1559,
-178,
-90,
203,
76,
-441,
1127,
1007,
-269,
1621,
1143,
-1831,
148,
1853,
-547,
278,
2080,
2,
-569,
556,
-685,
-8713,
4783,
3299,
-4141,
3015,
2374,
-6329,
-732,
3107,
-3383,
-833,
2516,
-3787,
-3487,
1418,
-998,
-1648,
1271,
-171,
-1375,
-92,
-62,
203,
149,
-393,
1017,
1037,
68,
1954,
1367,
-1653,
172,
1866,
-319,
515,
2138,
-13,
-583,
617,
-703,
-8909,
4633,
3030,
-4490,
2786,
2125,
-6570,
-618,
3562,
-2745,
-27,
3135,
-3698,
-3707,
1119,
-1342,
-1849,
1255,
-197,
-1435,
-118,
-75,
211,
132,
-479,
950,
1004,
53,
2015,
1294,
-2110,
-379,
1597,
-381,
548,
2263,
47,
-694,
433,
-711,
-9060,
4344,
2883,
-4457,
2635,
1741,
-6908,
-834,
3353,
-3107,
-599,
2714,
-3670,
-3654,
787,
-1654,
-1671,
1706,
86,
-1432,
-232,
-125,
216,
37,
-712,
746,
1020,
258,
2172,
1221,
-2504,
-1115,
828,
-771,
408,
2045,
-111,
-687,
335,
-723,
-9161,
4210,
2567,
-4911,
2485,
2095,
-6449,
-681,
3171,
-3428,
-765,
2785,
-3576,
-3493,
1238,
-1160,
-1458,
1790,
142,
-1516,
-346,
-138,
199,
-44,
-806,
718,
1118,
344,
2072,
1084,
-2388,
-706,
1223,
-758,
141,
1894,
-168,
-846,
209,
-729,
-9240,
4202,
2697,
-4678,
2717,
2220,
-6501,
-807,
3317,
-2865,
-197,
3007,
-3509,
-3421,
1252,
-1072,
-1250,
1850,
35,
-1537,
-273,
-106,
194,
7,
-631,
870,
1058,
294,
2335,
1458,
-2279,
-883,
1076,
-547,
611,
2254,
90,
-476,
578,
-713,
-9358,
3896,
2657,
-4402,
2736,
2159,
-6077,
-396,
3210,
-2869,
134,
3122,
-3383,
-2829,
1649,
-1443,
-1844,
1546,
-82,
-1584,
-257,
-87,
182,
-36,
-727,
669,
781,
71,
2102,
1088,
-2487,
-662,
1414,
-372,
690,
2191,
-102,
-546,
655,
-723,
-9679,
3675,
2540,
-4597,
2370,
1658,
-6448,
-326,
3492,
-2837,
147,
3561,
-2860,
-2686,
1649,
-1319,
-1705,
1705,
167,
-1388,
-198,
-84,
185,
-20,
-738,
612,
795,
179,
2122,
982,
-2571,
-702,
1245,
-829,
113,
1889,
-169,
-821,
186,
-734,
-9682,
3653,
2307,
-4835,
2531,
1927,
-6555,
-566,
3492,
-2679,
354,
3638,
-3269,
-3442,
1141,
-1426,
-1706,
1666,
126,
-1394,
-172,
-70,
185,
6,
-679,
657,
693,
-84,
2017,
1136,
-2574,
-980,
1137,
-536,
619,
2311,
-84,
-921,
307,
-727,
-9716,
3524,
2315,
-4601,
2765,
2037,
-6566,
-580,
3869,
-1719,
1443,
4237,
-3382,
-3992,
672,
-1613,
-1821,
1564,
186,
-1245,
-110,
-76,
194,
22,
-644,
818,
951,
-22,
1814,
1115,
-2149,
-484,
1315,
-649,
355,
2027,
-174,
-727,
571,
-724,
-9800,
3347,
2077,
-4802,
2658,
2112,
-6129,
59,
4070,
-2161,
1023,
4373,
-2920,
-3605,
794,
-1844,
-2256,
1260,
117,
-1201,
-51,
-54,
193,
51,
-652,
743,
963,
110,
1877,
1030,
-2360,
-867,
850,
-887,
522,
2395,
-13,
-926,
294,
-745,
-10033,
3294,
1955,
-4965,
2858,
2307,
-6475,
-304,
4204,
-2040,
748,
4090,
-2968,
-3621,
714,
-1852,
-2115,
1454,
233,
-1172,
-33,
-36,
182,
47,
-597,
800,
960,
100,
1860,
956,
-2280,
-419,
1344,
-776,
379,
2336,
78,
-735,
499,
-743,
-10224,
3043,
1794,
-4975,
3020,
2613,
-6152,
237,
5238,
-939,
1464,
4589,
-2752,
-3876,
456,
-1897,
-2351,
1139,
217,
-1087,
-39,
-33,
166,
5,
-636,
664,
787,
87,
2034,
1160,
-2376,
-898,
1003,
-703,
446,
2199,
-61,
-865,
419,
-730,
-10332,
2564,
1155,
-5734,
2003,
1728,
-6858,
-1004,
3597,
-2090,
743,
3883,
-3203,
-4241,
-430,
-3044,
-3142,
680,
-70,
-1197,
-91,
-76,
196,
115,
-426,
851,
697,
-154,
2048,
1589,
-1604,
-14,
1677,
-335,
563,
2112,
-91,
-625,
698,
-743,
-10315,
2841,
1438,
-5653,
2110,
2020,
-6438,
-463,
4330,
-1060,
1991,
5085,
-1975,
-2723,
1122,
-1929,
-2490,
1036,
75,
-1144,
-42,
-47,
173,
0,
-627,
639,
533,
-351,
1553,
767,
-2246,
-213,
1461,
-816,
141,
1863,
-311,
-847,
412,
-736,
-10397,
2732,
1552,
-5227,
2384,
1848,
-6616,
-560,
3730,
-1929,
1728,
5184,
-2241,
-2979,
1383,
-1662,
-2710,
610,
-241,
-1356,
-161,
-62,
155,
-122,
-806,
472,
301,
-661,
1468,
1098,
-1912,
-341,
1172,
-651,
694,
2303,
-87,
-699,
409,
-737,
-10539,
2543,
1376,
-5311,
2492,
2129,
-6389,
-452,
4003,
-1482,
1968,
5346,
-1701,
-2375,
1568,
-1475,
-2189,
946,
-301,
-1406,
-106,
-50,
161,
-113,
-777,
557,
308,
-693,
1578,
1151,
-1956,
-16,
1735,
-552,
432,
2242,
-37,
-760,
400,
-748,
-10729,
2485,
1216,
-5619,
2277,
1886,
-6636,
-252,
4587,
-920,
2541,
5903,
-1432,
-2357,
1386,
-1867,
-2369,
1177,
-127,
-1456,
-126,
-50,
191,
61,
-675,
456,
168,
-903,
1332,
1128,
-1875,
-36,
1831,
-357,
366,
1971,
-255,
-946,
279,
-733,
-10720,
2223,
1010,
-5843,
1736,
1506,
-6698,
-623,
3838,
-1842,
1300,
4642,
-2432,
-3585,
-172,
-3195,
-3315,
562,
-314,
-1417,
-145,
-95,
227,
172,
-659,
231,
-142,
-1187,
1072,
1220,
-1321,
439,
1989,
-281,
318,
1852,
-42,
-444,
639,
-729,
-10682,
2165,
950,
-5776,
2002,
2039,
-6069,
-216,
4104,
-1320,
2221,
5739,
-1504,
-2955,
399,
-2592,
-3021,
470,
-354,
-1237,
13,
-50,
201,
59,
-786,
113,
-443,
-1730,
454,
563,
-2113,
-479,
1008,
-1216,
-325,
1620,
-95,
-582,
420,
-733,
-10818,
1933,
521,
-5955,
2360,
2113,
-6838,
-1276,
2998,
-2678,
1078,
5367,
-1355,
-2817,
211,
-3173,
-3710,
-10,
-680,
-1546,
-196,
-100,
214,
152,
-510,
494,
4,
-1149,
933,
795,
-1624,
505,
1892,
-779,
-79,
1823,
130,
-253,
694,
-738,
-10741,
2119,
686,
-5885,
2520,
2562,
-6106,
-473,
3612,
-2185,
1812,
6371,
-466,
-2228,
610,
-2867,
-3406,
384,
-221,
-1127,
69,
-29,
197,
93,
-733,
79,
-524,
-1682,
587,
589,
-2046,
-141,
1338,
-1203,
-381,
1765,
106,
-472,
494,
-726,
-10858,
1956,
804,
-5798,
2047,
2089,
-6010,
-302,
3676,
-1780,
2297,
6417,
-573,
-2165,
617,
-2969,
-3369,
539,
-133,
-1067,
157,
5,
195,
118,
-695,
200,
-332,
-1682,
399,
525,
-1991,
-83,
1549,
-916,
-318,
1681,
150,
-266,
708,
-742,
-11180,
1786,
593,
-6190,
1817,
2017,
-6393,
-950,
3138,
-2495,
1000,
5087,
-1085,
-1941,
823,
-3198,
-3849,
203,
-165,
-984,
178,
-3,
198,
107,
-776,
-41,
-625,
-1786,
340,
192,
-2478,
-533,
1004,
-1493,
-630,
1571,
-75,
-656,
366,
-746,
-11013,
1874,
304,
-6587,
1831,
2517,
-5286,
656,
4206,
-2490,
839,
5343,
-709,
-1432,
1568,
-2578,
-3522,
387,
-100,
-993,
198,
23,
176,
-4,
-936,
1,
-254,
-1325,
623,
192,
-2756,
-898,
790,
-1532,
-623,
1509,
-165,
-615,
498,
-757,
-10919,
1808,
-272,
-7344,
1580,
2671,
-5184,
615,
3818,
-3415,
-223,
4479,
-1576,
-2274,
1204,
-2420,
-3410,
51,
-682,
-1438,
28,
25,
142,
-102,
-815,
417,
154,
-1003,
1048,
755,
-2077,
-147,
1512,
-702,
404,
2388,
395,
-176,
741,
-742,
-10417,
2291,
301,
-6628,
2200,
3312,
-4213,
1671,
4565,
-2938,
45,
4528,
-1423,
-1684,
2042,
-1740,
-3028,
243,
-523,
-1243,
213,
115,
92,
-243,
-1011,
81,
-319,
-1405,
804,
589,
-2050,
299,
2305,
141,
1111,
2956,
842,
88,
849,
-730,
-9819,
2983,
1048,
-6080,
2424,
3551,
-4091,
1393,
4323,
-3190,
-895,
3467,
-1504,
-1163,
2264,
-1839,
-3204,
93,
-477,
-1009,
396,
149,
101,
-185,
-985,
109,
-127,
-1106,
1126,
990,
-1800,
203,
2263,
370,
1244,
2884,
740,
-64,
703,
-728,
-9507,
3425,
1561,
-5327,
3422,
4332,
-3779,
1456,
4376,
-2899,
-232,
4088,
-1434,
-1486,
2145,
-1535,
-2933,
-74,
-770,
-1021,
538,
217,
68,
-228,
-822,
428,
11,
-1052,
1379,
1265,
-1595,
535,
2621,
594,
1415,
2984,
795,
115,
936,
-730,
-9476,
3571,
1645,
-5347,
3630,
4970,
-3024,
1842,
4431,
-2631,
327,
4415,
-1371,
-1261,
2461,
-1334,
-2611,
378,
-565,
-1108,
416,
173,
91,
-137,
-631,
717,
322,
-730,
1694,
1405,
-1547,
801,
2903,
465,
1071,
2777,
642,
-37,
885,
-716,
-9494,
3356,
1599,
-5116,
3514,
4423,
-3092,
2536,
5066,
-2356,
757,
4961,
-1091,
-957,
2970,
-1092,
-2621,
601,
-252,
-1043,
374,
160,
101,
-99,
-621,
871,
732,
-564,
1415,
1271,
-1413,
793,
2837,
503,
1040,
2729,
680,
-34,
892,
