-542,
-8386,
2076,
409,
-5415,
2396,
4304,
-2536,
548,
2284,
-4597,
-3358,
1514,
-700,
-547,
1540,
-1276,
-1612,
1209,
492,
-468,
199,
-21,
165,
98,
-362,
905,
915,
-378,
851,
972,
-933,
202,
945,
-1127,
-196,
1789,
360,
-222,
765,
-476,
-8354,
1937,
52,
-5802,
2293,
4499,
-2431,
616,
2940,
-3499,
-2669,
1931,
115,
191,
1472,
-1754,
-1899,
1194,
782,
-78,
301,
-78,
194,
63,
-457,
788,
587,
-543,
1311,
1318,
-1402,
-407,
700,
-1463,
-622,
1650,
165,
-770,
332,
-450,
-8288,
1890,
-394,
-6284,
2509,
5153,
-2306,
27,
2349,
-3411,
-1903,
2608,
49,
-220,
1415,
-1652,
-2155,
772,
624,
-27,
344,
-69,
191,
68,
-499,
559,
274,
-726,
1118,
1012,
-1538,
-330,
696,
-1601,
-811,
1469,
204,
-544,
385,
-538,
-8440,
2381,
229,
-5532,
3588,
5342,
-3035,
56,
2707,
-3997,
-2404,
2760,
-168,
-315,
2261,
-1053,
-2500,
345,
354,
-355,
227,
-15,
148,
-34,
-722,
284,
319,
-488,
1147,
1016,
-1255,
140,
1270,
-941,
-268,
1736,
297,
-437,
543,
-587,
-8413,
2931,
906,
-4732,
4281,
4626,
-4842,
-1090,
2047,
-4902,
-2907,
2455,
-1150,
-1369,
1914,
-844,
-1920,
853,
311,
-548,
274,
29,
160,
103,
-597,
207,
185,
-174,
1907,
1388,
-1393,
294,
1732,
-651,
-105,
1632,
-232,
-850,
512,
-504,
-7862,
3047,
906,
-3564,
6269,
5385,
-5460,
-1428,
2182,
-4806,
-2416,
2980,
-1668,
-2497,
1254,
-996,
-1855,
932,
105,
-888,
160,
33,
177,
234,
-505,
182,
332,
210,
2230,
1491,
-1460,
232,
1992,
-99,
114,
1257,
-619,
-898,
497,
-416,
-7328,
2849,
543,
-3185,
6635,
4607,
-6802,
-1953,
2400,
-5113,
-3409,
2243,
-2192,
-3421,
460,
-1093,
-1994,
178,
-688,
-1236,
39,
-36,
218,
289,
-479,
486,
928,
493,
1993,
1196,
-1613,
196,
2211,
210,
330,
1683,
2,
-529,
675,
-326,
-6699,
3094,
884,
-1990,
7964,
4808,
-7252,
-1440,
3640,
-4911,
-4017,
2492,
-1439,
-3233,
833,
-116,
-1482,
85,
-552,
-864,
260,
22,
198,
258,
-561,
306,
740,
118,
1341,
825,
-1554,
111,
1913,
-122,
-251,
1059,
-210,
-560,
517,
-290,
-6394,
3176,
852,
-1845,
7993,
4428,
-7618,
-1641,
3101,
-5666,
-4387,
2351,
-1727,
-3490,
687,
-374,
-1859,
-244,
-722,
-881,
262,
1,
212,
255,
-623,
171,
446,
-298,
902,
442,
-1547,
699,
2549,
26,
-464,
822,
-259,
-369,
727,
-300,
-6114,
3491,
951,
-2588,
6632,
3750,
-7612,
-2014,
2824,
-5087,
-3894,
2221,
-1599,
-2898,
1211,
93,
-1453,
-180,
-843,
-881,
331,
23,
208,
264,
-583,
312,
792,
34,
798,
107,
-1482,
1089,
2782,
161,
-240,
929,
-346,
-416,
793,
-320,
-5899,
3658,
952,
-2897,
6162,
3837,
-6817,
-1708,
1975,
-5836,
-3533,
2764,
-1922,
-3823,
231,
-775,
-2036,
-382,
-818,
-836,
282,
-39,
239,
241,
-744,
236,
813,
-86,
683,
275,
-1372,
674,
2203,
142,
230,
1215,
-457,
-607,
728,
-314,
-5683,
3879,
1342,
-2387,
6279,
3584,
-6704,
-1284,
1921,
-6014,
-2870,
3730,
-1688,
-3828,
767,
-164,
-1835,
-223,
-481,
-567,
388,
-15,
234,
262,
-704,
232,
708,
-380,
258,
2,
-1451,
425,
1612,
-486,
-137,
1038,
-661,
-919,
404,
-316,
-5627,
3941,
1173,
-2801,
5973,
3556,
-6649,
-1363,
1722,
-6077,
-2720,
3670,
-2186,
-4327,
489,
-496,
-2149,
-311,
-607,
-805,
355,
62,
202,
358,
-470,
233,
551,
-307,
586,
343,
-1329,
261,
1423,
-518,
-244,
780,
-711,
-600,
801,
-333,
-5557,
4112,
1334,
-2911,
5540,
3202,
-6576,
-1233,
1376,
-6585,
-2746,
4084,
-1577,
-3538,
975,
-837,
-2703,
-290,
-420,
-959,
218,
107,
155,
392,
-134,
466,
325,
-834,
92,
274,
-889,
619,
1276,
-700,
-27,
1073,
-659,
-575,
988,
-334,
-5428,
4260,
1368,
-3405,
4507,
2440,
-6685,
-1202,
1367,
-6431,
-2652,
4091,
-1120,
-2641,
1513,
-1049,
-3175,
-454,
-346,
-1005,
81,
77,
142,
381,
73,
809,
519,
-788,
37,
29,
-1209,
370,
971,
-990,
107,
1613,
-273,
-602,
782,
-319,
-5298,
4122,
705,
-4122,
3983,
1623,
-7293,
-634,
2112,
-6953,
-3843,
3182,
-1987,
-3557,
982,
-1142,
-3117,
-513,
-599,
-1271,
-85,
4,
173,
352,
-36,
1082,
1295,
-37,
504,
310,
-1126,
381,
1136,
-721,
418,
2015,
90,
-424,
850,
-260,
-4395,
3928,
-326,
-5155,
3601,
2449,
-6309,
-240,
3512,
-4871,
-3915,
1441,
-2533,
-2740,
2091,
131,
-2151,
-236,
-538,
-1213,
-103,
13,
129,
87,
-463,
805,
1351,
-85,
229,
446,
-926,
-202,
514,
-782,
12,
1214,
-334,
-734,
495,
-92,
-2963,
2962,
-916,
-4600,
2524,
1317,
-6237,
-1220,
3063,
-3145,
-3359,
748,
-1523,
-1681,
1755,
570,
-1069,
-52,
-527,
-961,
-124,
-45,
118,
-15,
-582,
501,
986,
-289,
-1,
374,
-900,
-656,
86,
-598,
190,
1362,
105,
-650,
217,
-56,
-2822,
2156,
-437,
-3765,
805,
-273,
-5272,
-427,
3157,
-2388,
-3429,
51,
-989,
-1539,
605,
493,
-120,
13,
-907,
-966,
-87,
-48,
111,
55,
-337,
419,
557,
-405,
22,
267,
-734,
-328,
338,
-244,
242,
950,
115,
-129,
346,
-43,
-2963,
1625,
-424,
-3695,
-383,
-1528,
-5307,
-432,
2594,
-2564,
-3149,
157,
-1421,
-2526,
-194,
379,
-199,
-308,
-1053,
-1028,
-220,
-92,
123,
182,
-113,
354,
461,
60,
650,
560,
-448,
156,
832,
126,
330,
879,
310,
296,
633,
-32,
-2840,
1448,
-198,
-3023,
-339,
-1733,
-4601,
204,
2171,
-2338,
-1381,
1412,
-1617,
-2746,
-67,
222,
-117,
394,
-520,
-968,
-195,
-46,
113,
224,
-167,
5,
14,
-149,
674,
459,
-748,
51,
906,
-119,
-158,
601,
187,
152,
559,
-30,
-2958,
1393,
-690,
-3563,
-373,
-2247,
-5969,
-865,
1561,
-2853,
-1300,
1644,
-2290,
-3783,
-829,
-751,
-1067,
174,
-415,
-1094,
-387,
-126,
163,
383,
-8,
186,
204,
-51,
921,
1009,
-257,
399,
1400,
357,
68,
860,
600,
432,
683,
-27,
-2785,
1741,
-495,
-3410,
109,
-1745,
-5786,
-788,
1727,
-2413,
-476,
2509,
-1559,
-3085,
-490,
-904,
-1137,
463,
-21,
-732,
-144,
-64,
147,
337,
-53,
129,
-98,
-581,
455,
634,
-461,
547,
1478,
-22,
-382,
567,
240,
113,
583,
-23,
-2753,
1633,
-605,
-3549,
-1,
-1545,
-5652,
-1154,
1396,
-2448,
-632,
2506,
-1076,
-2726,
-601,
-1142,
-1383,
242,
-44,
-631,
-79,
-49,
148,
383,
23,
232,
80,
-608,
54,
373,
-368,
541,
1409,
134,
-305,
419,
154,
57,
449,
-28,
-2836,
1852,
-527,
-3647,
52,
-1655,
-5955,
-1271,
1306,
-2489,
-398,
2681,
-916,
-2371,
-674,
-1643,
-1479,
364,
-160,
-644,
32,
-40,
158,
362,
92,
499,
71,
-785,
262,
445,
-732,
460,
1537,
75,
-136,
664,
4,
-14,
634,
-36,
-2885,
2028,
-157,
-3404,
3,
-1721,
-5806,
-1183,
1177,
-2497,
-257,
2756,
-609,
-1791,
-496,
-1915,
-1569,
468,
-150,
-611,
123,
-14,
152,
316,
63,
652,
232,
-850,
155,
435,
-800,
300,
1452,
184,
41,
641,
-179,
-79,
646,
-50,
-3046,
2261,
426,
-3167,
-311,
-1931,
-5722,
-1267,
1044,
-2314,
-43,
2798,
-540,
-1776,
-578,
-1848,
-1491,
357,
-185,
-515,
131,
-30,
142,
261,
120,
727,
146,
-837,
263,
329,
-880,
393,
1327,
-27,
94,
649,
-312,
-11,
776,
-62,
-3258,
2586,
655,
-3377,
-525,
-2385,
-6345,
-1223,
1254,
-2827,
-391,
3155,
-571,
-2360,
-812,
-1832,
-1670,
222,
-210,
-627,
32,
-43,
146,
315,
192,
743,
193,
-682,
511,
605,
-731,
387,
1367,
91,
139,
700,
-113,
189,
845,
-72,
-3435,
3085,
1006,
-3079,
199,
-2916,
-8195,
-1371,
2949,
-2094,
-877,
2729,
-891,
-2326,
-206,
-1596,
-2018,
155,
52,
-532,
-9,
-55,
142,
280,
160,
779,
209,
-669,
702,
643,
-1167,
159,
1760,
313,
-165,
477,
-53,
283,
917,
-76,
-3435,
3791,
1354,
-3137,
658,
-3033,
-9186,
-924,
4770,
-1477,
-1408,
2575,
-918,
-2411,
275,
-948,
-1867,
68,
15,
-542,
35,
-16,
127,
231,
-22,
514,
140,
-528,
752,
450,
-1445,
-37,
1589,
160,
-141,
576,
-143,
119,
890,
-77,
-3581,
3985,
1460,
-3236,
553,
-3519,
-9940,
-1424,
4268,
-1903,
-1337,
2366,
-1705,
-2611,
605,
-1190,
-2387,
-87,
-75,
-696,
-18,
-28,
136,
217,
2,
807,
378,
-635,
935,
1132,
-1043,
-144,
1399,
106,
124,
1094,
124,
78,
908,
-84,
-3619,
4244,
1676,
-3330,
649,
-3138,
-9904,
-1510,
4613,
-1716,
-1502,
2695,
-1168,
-2646,
630,
-783,
-2385,
-357,
30,
-511,
-15,
-21,
117,
221,
72,
750,
372,
-523,
668,
653,
-1030,
149,
1406,
-111,
-141,
870,
57,
42,
813,
-100,
-3836,
4517,
2085,
-3440,
379,
-3090,
-10047,
-2045,
4389,
-1532,
-1469,
2505,
-1476,
-3011,
594,
-492,
-2309,
-535,
-111,
-629,
-93,
-16,
108,
267,
165,
766,
510,
-288,
591,
490,
-866,
331,
1506,
148,
-108,
494,
-89,
245,
893,
-123,
-4095,
4492,
2706,
-2949,
81,
-3184,
-9707,
-2409,
3890,
-994,
-1037,
1968,
-1720,
-2708,
428,
-785,
-2136,
-487,
-302,
-562,
14,
-67,
154,
206,
-89,
887,
950,
-201,
448,
559,
-823,
201,
1526,
303,
-102,
395,
-156,
216,
927,
-136,
-4324,
4401,
3254,
-2240,
-122,
-3891,
-9595,
-1676,
3939,
-1712,
-1308,
2663,
-995,
-2842,
-160,
-1035,
-2009,
-309,
-182,
-538,
-51,
-103,
153,
116,
-231,
879,
1100,
-56,
561,
721,
-799,
-155,
1030,
114,
74,
699,
64,
206,
730,
-178,
-4464,
4410,
2705,
-2501,
943,
-2858,
-9152,
-1215,
3112,
-3737,
-1628,
4065,
-296,
-2864,
-220,
-1522,
-2417,
-104,
-17,
-658,
-129,
-113,
152,
60,
-268,
990,
1108,
-43,
965,
941,
-1137,
-328,
1020,
-171,
111,
1196,
232,
87,
728,
-216,
-4617,
4489,
2487,
-2771,
1618,
-1711,
-8686,
-1423,
2543,
-4459,
-1934,
4097,
-448,
-2775,
315,
-1520,
-3150,
-567,
35,
-605,
-148,
-102,
148,
135,
-175,
847,
899,
103,
1373,
1156,
-1243,
-510,
983,
-37,
307,
1316,
238,
93,
869,
-237,
-4701,
4736,
2344,
-3083,
2156,
-998,
-8687,
-1418,
2963,
-3929,
-1193,
4632,
-728,
-3159,
527,
-1167,
-2947,
-443,
-93,
-871,
-237,
-87,
136,
85,
-275,
784,
792,
-263,
978,
1068,
-1158,
-469,
952,
-151,
194,
1288,
239,
135,
958,
-266,
-5038,
4737,
2472,
-2805,
2556,
-1029,
-8797,
-1138,
3040,
-3683,
-164,
4901,
-1865,
-3696,
1193,
-641,
-2835,
-441,
-316,
-1101,
-292,
-105,
147,
40,
-311,
1012,
958,
-489,
678,
893,
-1080,
10,
1198,
-647,
-432,
1002,
194,
367,
1239,
-284,
-5136,
5096,
3009,
-2486,
2805,
-711,
-8434,
-713,
3255,
-4127,
-1130,
4266,
-1596,
-3064,
1426,
-535,
-2376,
-25,
-297,
-1148,
-216,
-58,
124,
-46,
-446,
863,
700,
-877,
417,
1038,
-566,
452,
1191,
-886,
-595,
861,
141,
547,
1461,
-309,
-5313,
4844,
2477,
-2899,
3242,
5,
-8584,
-1234,
3367,
-4156,
-2261,
2984,
-1945,
-2999,
1260,
-680,
-2365,
-142,
-536,
-1253,
-187,
-52,
152,
114,
-368,
680,
670,
-466,
636,
613,
-858,
1015,
2103,
-318,
-287,
1147,
358,
708,
1611,
-342,
-5566,
4579,
2450,
-2792,
3850,
1552,
-7494,
-1627,
3267,
-3068,
-1537,
3320,
-918,
-2200,
1128,
-666,
-2045,
-270,
-777,
-1143,
-63,
-68,
181,
160,
-446,
406,
276,
-790,
418,
410,
-999,
1093,
2350,
-228,
-469,
937,
101,
172,
1060,
-344,
-6043,
3249,
3439,
-1487,
2512,
2301,
-4734,
-2999,
1346,
-918,
-917,
1444,
90,
-616,
-40,
-1129,
-970,
-236,
-1046,
-619,
329,
-32,
184,
215,
-351,
366,
446,
-308,
566,
438,
-942,
533,
2047,
562,
-39,
552,
9,
52,
555,
-345,
-6518,
2487,
3000,
-1562,
2288,
2299,
-4071,
-2447,
1154,
-1318,
-941,
1695,
248,
-704,
-172,
-1167,
-1101,
-488,
-1204,
-678,
271,
-59,
195,
248,
-323,
299,
365,
-173,
995,
1123,
-171,
1007,
2204,
978,
831,
1221,
-6,
-251,
495,
-421,
-6905,
2801,
2594,
-2057,
3335,
2812,
-4790,
-1748,
2122,
-2483,
-1789,
2537,
353,
-1195,
404,
-608,
-1224,
-161,
-528,
-434,
264,
-55,
189,
186,
-536,
114,
451,
137,
1461,
1621,
218,
1280,
2085,
414,
625,
1696,
419,
-167,
525,
-427,
-7059,
2953,
2657,
-2008,
3606,
2473,
-5811,
-2276,
1871,
-3439,
-2870,
2021,
-58,
-1643,
195,
-756,
-1382,
-115,
-405,
-491,
104,
-114,
182,
4,
-799,
160,
861,
592,
1722,
1697,
388,
1736,
2490,
405,
369,
1458,
264,
-230,
469,
-423,
-6943,
3247,
2332,
-2633,
3661,
2675,
-5776,
-1788,
1981,
-4535,
-3889,
1788,
-315,
-1867,
470,
-353,
-940,
639,
376,
-27,
295,
-74,
169,
-66,
-942,
64,
798,
474,
1656,
1758,
527,
1817,
2181,
-290,
-94,
1536,
509,
-129,
450,
-436,
-7237,
3193,
1847,
-3184,
3915,
2930,
-5795,
-1325,
1915,
-5922,
-5102,
1099,
-1538,
-2957,
398,
-102,
-688,
1126,
671,
-118,
208,
-73,
172,
-20,
-923,
-30,
609,
238,
1472,
1750,
594,
1474,
1290,
-869,
138,
1708,
164,
-235,
779,
-449,
-7490,
3322,
1730,
-3810,
3369,
2485,
-6337,
-1930,
1091,
-6489,
-4766,
1515,
-1863,
-3293,
601,
320,
-186,
1561,
814,
-68,
315,
-28,
159,
-47,
-914,
-29,
280,
-470,
776,
1253,
290,
1231,
901,
-1031,
466,
1608,
-828,
-1109,
513,
-514,
-7843,
3494,
1671,
-4299,
3237,
2452,
-6582,
-1926,
1042,
-6709,
-4447,
1643,
-2886,
-4077,
1011,
473,
-1024,
695,
372,
-286,
309,
40,
125,
1,
-625,
288,
409,
-369,
1012,
1420,
260,
1170,
826,
-1151,
414,
1518,
-1088,
-1318,
499,
-548,
-7818,
3674,
1603,
-4099,
4109,
2735,
-7115,
-1814,
1728,
-6366,
-4061,
2205,
-2542,
-3564,
1620,
444,
-1373,
613,
320,
-374,
362,
86,
115,
-31,
-757,
136,
259,
-533,
1023,
1402,
-155,
783,
837,
-1254,
26,
1431,
-735,
-975,
625,
-528,
-7740,
3854,
1743,
-4120,
3991,
2603,
-7233,
-1776,
2196,
-5686,
-4200,
861,
-3739,
-3501,
2152,
514,
-1459,
702,
403,
-320,
425,
90,
133,
39,
-671,
259,
253,
-776,
942,
1757,
351,
1339,
1608,
-602,
134,
1326,
-601,
-862,
411,
-566,
-7702,
4060,
1682,
-4734,
3249,
2182,
-7283,
-1576,
2551,
-5117,
-3452,
1377,
-3701,
-3625,
2159,
600,
-1345,
846,
483,
-386,
301,
50,
132,
15,
-561,
518,
420,
-652,
1149,
1724,
-66,
938,
1335,
-978,
-279,
1005,
-873,
-971,
528,
-591,
-7825,
3965,
1375,
-5466,
2427,
1598,
-7748,
-1761,
2806,
-5143,
-4068,
1230,
-2878,
-2811,
2194,
179,
-1562,
1007,
608,
-481,
287,
120,
89,
-36,
-617,
430,
430,
-801,
701,
1460,
-115,
792,
1446,
-578,
-155,
1083,
-464,
-728,
449,
-597,
-7778,
4047,
1244,
-5809,
2345,
1786,
-7876,
-2074,
3025,
-4533,
-3512,
2215,
-1123,
-1065,
3228,
639,
-1339,
1153,
694,
-507,
228,
115,
81,
-27,
-515,
567,
575,
-742,
394,
830,
-661,
411,
1041,
-943,
-345,
1055,
-351,
-591,
413,
-542,
-7491,
4352,
1664,
-5184,
2899,
1992,
-7876,
-2045,
3128,
-4228,
-2956,
2566,
-1276,
-1119,
3803,
1267,
-1357,
777,
531,
-487,
197,
72,
108,
99,
-147,
1240,
1306,
-222,
593,
619,
-1193,
-77,
794,
-981,
-142,
1285,
-496,
-930,
346,
-487,
-7320,
4363,
1563,
-5451,
2415,
1712,
-7759,
-2042,
2657,
-5036,
-3874,
1857,
-1497,
-952,
4080,
1457,
-1368,
648,
450,
-523,
153,
53,
112,
113,
-13,
1575,
1656,
-158,
374,
282,
-1691,
-654,
553,
-766,
189,
1463,
-579,
-1245,
80,
-504,
-7381,
4106,
1019,
-6116,
1863,
1269,
-8148,
-2280,
2490,
-5478,
-4606,
1357,
-1449,
-759,
3934,
1067,
-1745,
234,
-8,
-788,
148,
102,
81,
37,
-85,
1512,
1614,
-115,
463,
241,
-1787,
-435,
1083,
-454,
9,
1128,
-670,
-1107,
184,
-501,
-7250,
4167,
1071,
-5950,
2091,
1373,
-8087,
-1749,
3406,
-5281,
-5304,
1223,
-431,
251,
4128,
758,
-2044,
198,
36,
-965,
-50,
83,
68,
95,
52,
1341,
1329,
81,
889,
407,
-1665,
-143,
1319,
-442,
-136,
1049,
-609,
-1214,
-191,
-493,
-7186,
4187,
1322,
-5516,
2201,
1232,
-7823,
-995,
4101,
-5067,
-5628,
712,
-588,
406,
4057,
496,
-2050,
280,
-167,
-1212,
-79,
101,
77,
131,
-63,
1165,
1403,
193,
664,
57,
-1796,
-140,
1310,
-381,
63,
1267,
-508,
-1169,
-105,
-501,
-6902,
4575,
1740,
-5133,
2477,
1379,
-7899,
-1452,
3674,
-4674,
-4673,
1096,
-1119,
-574,
3165,
290,
-1591,
589,
-175,
-1048,
151,
141,
77,
46,
-246,
1119,
1328,
-146,
347,
-11,
-1663,
119,
1429,
-513,
25,
1417,
-476,
-1300,
-182,
-490,
-6858,
4715,
1838,
-4946,
2713,
1053,
-8802,
-2290,
3077,
-4718,
-3622,
2413,
-862,
-982,
3155,
659,
-1172,
1093,
282,
-867,
121,
103,
88,
4,
-405,
847,
858,
-694,
186,
372,
-1127,
483,
1611,
-425,
77,
1434,
-371,
-909,
294,
-535,
-7066,
4493,
1558,
-5052,
2832,
1068,
-8504,
-1271,
3949,
-4563,
-3449,
2708,
-1029,
-1257,
3189,
545,
-1544,
911,
300,
-914,
14,
51,
108,
3,
-478,
766,
791,
-725,
294,
471,
-1403,
-139,
1078,
-673,
-83,
1239,
-462,
-874,
243,
-521,
-7026,
4306,
1280,
-5208,
2791,
995,
-8836,
-1696,
4028,
-4107,
-3507,
1977,
-1859,
-2062,
2304,
-143,
-1823,
891,
319,
-973,
-93,
6,
120,
31,
-351,
1080,
1191,
-432,
524,
865,
-945,
64,
1115,
-550,
20,
1294,
-190,
-442,
518,
-526,
-7143,
4138,
1090,
-5661,
2285,
1109,
-8566,
-2225,
3294,
-4207,
-3536,
1688,
-1824,
-1708,
2545,
82,
-1495,
1133,
384,
-1008,
-85,
66,
69,
-35,
-224,
1175,
1053,
-574,
432,
656,
-1122,
66,
1114,
-579,
199,
1657,
67,
-370,
553,
-510,
-7296,
3319,
-47,
-6487,
1802,
1046,
-8046,
-1817,
3006,
-4487,
-3419,
1441,
-2428,
-1787,
2906,
252,
-1399,
1397,
626,
-878,
21,
132,
23,
-186,
-370,
1085,
897,
-912,
-95,
104,
-1315,
339,
1395,
-614,
6,
1478,
-77,
-501,
432,
-490,
-7238,
2891,
-377,
-6334,
1953,
1042,
-8087,
-1859,
3417,
-3510,
-2618,
1722,
-2412,
-1966,
2652,
38,
-1753,
1057,
652,
-693,
74,
128,
30,
-117,
-294,
889,
594,
-805,
292,
311,
-1229,
460,
1483,
-422,
417,
1753,
-216,
-755,
364,
-474,
-7105,
3030,
-12,
-6011,
1839,
966,
-7709,
-1364,
3767,
-3642,
-3655,
533,
-2708,
-1853,
2413,
-285,
-2028,
651,
427,
-631,
65,
61,
62,
-93,
-249,
1010,
809,
-202,
1229,
1010,
-766,
967,
1527,
-1124,
-232,
1685,
-36,
-569,
540,
-482,
-6992,
3213,
113,
-6162,
1619,
1141,
-7275,
-980,
4352,
-2882,
-3192,
830,
-2385,
-1977,
1948,
-365,
-2010,
114,
-192,
-795,
15,
-35,
124,
-38,
-280,
1184,
1040,
-285,
1082,
1046,
-962,
406,
1204,
-924,
109,
1889,
13,
-672,
418,
-484,
-6649,
3659,
416,
-6222,
1273,
1144,
-6317,
224,
4608,
-2914,
-2181,
2021,
-2395,
-2457,
1867,
-611,
-2516,
-66,
-201,
-852,
128,
79,
88,
-39,
-425,
930,
1268,
238,
1203,
878,
-1176,
24,
921,
-1003,
-268,
1280,
-244,
-649,
352,
-485,
-6640,
3662,
847,
-5622,
1384,
1132,
-6106,
-85,
3587,
-3587,
-1794,
3018,
-1707,
-2544,
1222,
-1467,
-3217,
-132,
205,
-702,
-30,
14,
95,
1,
-294,
975,
1288,
377,
1034,
190,
-1748,
98,
1506,
-348,
85,
1419,
22,
-325,
521,
-471,
-6752,
3511,
314,
-6082,
1760,
1802,
-6012,
-601,
2660,
-4277,
-1381,
3981,
-1466,
-3030,
660,
-1846,
-3185,
333,
684,
-469,
-9,
-41,
143,
70,
-374,
927,
1366,
325,
824,
94,
-1631,
227,
1340,
-765,
-118,
1545,
90,
-397,
579,
-442,
-6720,
3407,
-177,
-6439,
2169,
2189,
-6663,
-1723,
1957,
-4784,
-2025,
3479,
-1602,
-2874,
996,
-1442,
-2790,
679,
912,
-374,
20,
-32,
131,
-12,
-532,
794,
1271,
199,
718,
18,
-1737,
259,
1570,
-730,
-439,
1221,
-146,
-761,
215,
-454,
-6664,
3525,
278,
-5467,
2993,
2199,
-6702,
-961,
2795,
-4663,
-2209,
3451,
-1444,
-2492,
1459,
-1067,
-2378,
1134,
1198,
-294,
15,
-29,
114,
-75,
-458,
1037,
1439,
357,
1043,
289,
-1593,
448,
1657,
-822,
-507,
1112,
-349,
-829,
213,
-484,
-6715,
3582,
486,
-5400,
2718,
1844,
-6828,
-717,
3346,
-4226,
-2117,
3436,
-1655,
-3148,
794,
-1286,
-2373,
1079,
1032,
-543,
-137,
-40,
115,
20,
-322,
897,
1094,
117,
976,
451,
-1306,
455,
1313,
-1275,
-966,
887,
-163,
-613,
206,
-496,
-6720,
3718,
691,
-5355,
2405,
1181,
-7377,
-514,
4190,
-3594,
-2068,
3392,
-1394,
-2683,
1310,
-816,
-2173,
885,
684,
-702,
-94,
1,
100,
-23,
-437,
757,
1045,
190,
1180,
706,
-1161,
575,
1546,
-1150,
-1076,
839,
22,
-336,
441,
-498,
-6678,
3813,
638,
-5544,
2434,
1513,
-7066,
-475,
3971,
-4006,
-2622,
3009,
-1141,
-2016,
1537,
-1169,
-2468,
784,
527,
-764,
27,
66,
89,
-20,
-492,
663,
1067,
540,
1933,
1333,
-1199,
274,
1508,
-1084,
-1013,
922,
-137,
-597,
520,
-490,
-6765,
3865,
559,
-6026,
2151,
1802,
-7215,
-1423,
3459,
-3890,
-2768,
3124,
-64,
-979,
1728,
-1358,
-2699,
552,
485,
-650,
125,
108,
72,
-4,
-426,
653,
1029,
502,
1927,
1723,
-684,
-86,
551,
-1387,
-809,
813,
-282,
-444,
567,
-478,
-6900,
3496,
-113,
-6815,
1480,
1356,
-7266,
-1067,
3643,
-4496,
-3968,
2107,
-412,
-874,
1757,
-1507,
-2652,
894,
729,
-731,
-52,
52,
79,
-27,
-497,
434,
556,
-47,
1774,
2309,
326,
539,
554,
-1365,
-410,
1163,
-204,
-364,
730,
-455,
-6942,
3300,
-552,
-7094,
1601,
1507,
-7091,
-741,
3511,
-5339,
-4889,
1459,
-676,
-575,
2162,
-1568,
-2920,
817,
855,
-519,
27,
-7,
140,
79,
-504,
434,
418,
-545,
1113,
1622,
-375,
-13,
63,
-1879,
-646,
1094,
-562,
-790,
585,
-470,
-7051,
3508,
-32,
-6381,
2605,
2722,
-6001,
184,
4512,
-4178,
-3713,
2333,
-306,
-362,
2540,
-1458,
-3438,
178,
617,
-471,
98,
6,
150,
153,
-439,
484,
548,
-558,
866,
1795,
583,
1009,
552,
-1625,
-303,
1429,
-313,
-559,
854,
-505,
-7220,
3385,
24,
-6207,
2658,
2665,
-5898,
343,
4444,
-4200,
-3317,
2908,
-50,
-714,
1822,
-1789,
-3214,
204,
164,
-897,
-82,
-44,
163,
102,
-526,
574,
786,
-348,
930,
1648,
377,
872,
380,
-1729,
-245,
1319,
-580,
-530,
1076,
-509,
-7252,
3460,
75,
-6221,
2824,
3042,
-5575,
575,
4710,
-4033,
-3471,
2389,
-904,
-1725,
1061,
-2021,
-3046,
485,
416,
-695,
40,
-9,
147,
49,
-508,
908,
1499,
498,
1593,
1921,
433,
1205,
896,
-1806,
-1058,
421,
-1289,
-1149,
681,
-506,
-7176,
3701,
261,
-6206,
2932,
3169,
-5912,
44,
4905,
-3253,
-3211,
2080,
-842,
-1253,
1343,
-1770,
-2534,
817,
266,
-1002,
-142,
-61,
163,
79,
-405,
1083,
1480,
131,
1016,
1263,
-71,
1177,
1173,
-1647,
-832,
1082,
-580,
-938,
655,
-515,
-7478,
3138,
-82,
-6398,
2112,
1946,
-6413,
358,
5178,
-3197,
-2932,
2400,
-1076,
-1749,
1483,
-1076,
-2205,
624,
140,
-924,
-114,
-83,
170,
24,
-541,
978,
1409,
-8,
841,
1139,
-283,
806,
999,
-1313,
-224,
1548,
-420,
-1036,
450,
-526,
-7715,
2950,
-258,
-6883,
896,
89,
-8092,
-710,
4258,
-4085,
-3326,
2239,
-1712,
-2600,
1302,
-538,
-1793,
475,
-110,
-887,
10,
-47,
151,
-94,
-768,
693,
1121,
-123,
840,
812,
-936,
392,
1108,
-911,
52,
1442,
-664,
-1111,
366,
-484,
-7465,
2978,
-477,
-7072,
778,
-199,
-8472,
-876,
4088,
-4575,
-3555,
2890,
-728,
-1827,
2263,
589,
-1240,
536,
168,
-420,
257,
-1,
130,
-193,
-966,
361,
680,
-587,
394,
583,
-707,
879,
1462,
-710,
228,
1566,
-623,
-1178,
185,
-472,
-7099,
3245,
-221,
-6489,
1578,
280,
-8490,
-1033,
3943,
-5011,
-4351,
2269,
-641,
-1277,
2476,
207,
-1629,
507,
174,
-570,
144,
-26,
151,
-77,
-816,
467,
729,
-692,
271,
821,
-217,
1172,
1561,
-645,
89,
1199,
-924,
-1273,
197,
-436,
-7041,
3028,
-137,
-5757,
2141,
-84,
-9464,
-1780,
3964,
-4404,
-3961,
1797,
-1745,
-2163,
2182,
6,
-2096,
84,
-1,
-645,
122,
-7,
133,
-108,
-794,
576,
805,
-887,
8,
926,
2,
1089,
1460,
-543,
177,
1242,
-922,
-1402,
119,
-412,
-7091,
2652,
-100,
-5194,
2335,
-254,
-9544,
-2060,
3656,
-3978,
-2932,
2694,
-1339,
-2187,
2234,
513,
-1594,
187,
82,
-356,
363,
68,
99,
-220,
-991,
255,
478,
-1040,
-34,
971,
248,
1326,
1429,
-643,
208,
1284,
-917,
-1352,
223,
-419,
-7067,
2607,
-144,
-5242,
2309,
63,
-8835,
-1481,
3903,
-3767,
-2841,
2461,
-1537,
-2147,
2149,
217,
-1831,
4,
-135,
-486,
358,
88,
86,
-223,
-856,
525,
698,
-903,
98,
1052,
348,
1595,
1665,
-698,
9,
1159,
-976,
-1388,
224,
-423,
-6783,
2980,
-131,
-5492,
2658,
902,
-8658,
-1700,
4532,
-2874,
-2927,
1995,
-1636,
-2462,
1543,
46,
-1599,
158,
-123,
-539,
297,
59,
123,
2,
-677,
229,
318,
-824,
139,
619,
-119,
1252,
1214,
-1082,
-81,
1362,
-542,
-1100,
54,
-439,
-7010,
2766,
-508,
-5811,
2862,
1270,
-8700,
-1840,
4708,
-2671,
-2899,
2328,
-614,
-1295,
2057,
99,
-1310,
588,
-14,
-625,
278,
54,
153,
204,
-337,
507,
368,
-845,
341,
808,
-390,
839,
1284,
-722,
-44,
1098,
-630,
-935,
147,
-448,
-7214,
2812,
-513,
-5715,
3397,
1501,
-9155,
-2233,
4433,
-3196,
-3184,
2491,
-429,
-1142,
1938,
-706,
-2261,
75,
-408,
-1032,
107,
29,
171,
248,
-349,
604,
586,
-806,
425,
1208,
-162,
750,
1430,
-283,
364,
1414,
-488,
-911,
309,
-475,
-6981,
3432,
9,
-5837,
3109,
1831,
-8582,
-2438,
3527,
-3791,
-3241,
2464,
-261,
-421,
2553,
-862,
-2656,
82,
-246,
-1045,
59,
49,
136,
108,
-476,
680,
988,
-221,
720,
824,
-923,
316,
1386,
-514,
-181,
1014,
-585,
-993,
112,
-469,
-6941,
3313,
223,
-5256,
3479,
2072,
-8217,
-2359,
3183,
-4049,
-3059,
2998,
201,
-308,
2666,
-511,
-2411,
154,
-68,
-824,
179,
107,
96,
44,
-477,
503,
671,
-202,
895,
519,
-1333,
618,
1949,
-572,
-462,
1143,
-490,
-1191,
147,
-475,
-6974,
3334,
684,
-4499,
3615,
1531,
-8250,
-1732,
3228,
-4647,
-3149,
3199,
-393,
-1311,
2272,
-425,
-2348,
231,
37,
-824,
149,
104,
105,
104,
-530,
173,
379,
-158,
1138,
888,
-900,
650,
1447,
-996,
-470,
1264,
-424,
-1195,
39,
-489,
-7092,
3403,
1298,
-4001,
3190,
1070,
-7827,
-1346,
2934,
-4865,
-3325,
2275,
-1667,
-2152,
1693,
-968,
-2663,
138,
65,
-709,
187,
62,
137,
134,
-572,
111,
183,
-462,
1014,
997,
-642,
1051,
1706,
-1104,
-673,
1088,
-671,
-1206,
367,
