-276,
-8068,
-1122,
-193,
-3150,
-27,
-146,
-3473,
-333,
1240,
-1740,
609,
2569,
-2185,
-3658,
-827,
-1263,
-2081,
-749,
-456,
-522,
-36,
-12,
31,
-207,
-366,
498,
519,
-80,
427,
-11,
-756,
775,
1272,
-188,
355,
1076,
-275,
-354,
622,
-342,
-8549,
-59,
1071,
-2975,
126,
454,
-2955,
-106,
813,
-2313,
1173,
3732,
-1618,
-3209,
-135,
-855,
-1822,
-381,
-177,
-240,
260,
71,
28,
-206,
-435,
384,
171,
-638,
105,
-265,
-1359,
205,
1071,
-298,
161,
814,
-512,
-396,
637,
-370,
-9156,
-173,
908,
-3567,
-686,
-904,
-4380,
-472,
853,
-2717,
1155,
4104,
-1893,
-3627,
143,
-402,
-1589,
-240,
-292,
-521,
125,
30,
73,
-43,
-362,
395,
302,
-390,
546,
234,
-1231,
105,
1155,
-256,
-7,
804,
-276,
-150,
836,
-437,
-9243,
833,
1351,
-3905,
-278,
-548,
-4311,
813,
1926,
-3688,
-36,
3982,
-1659,
-2767,
1515,
336,
-1237,
324,
41,
-480,
197,
68,
71,
14,
-157,
619,
134,
-545,
1137,
916,
-1155,
69,
1050,
-606,
-57,
869,
-665,
-451,
915,
-521,
-9838,
1477,
1677,
-4267,
370,
338,
-4234,
1113,
2003,
-4715,
-921,
3506,
-2404,
-2856,
1989,
-135,
-2095,
186,
-55,
-848,
96,
119,
50,
-15,
-274,
513,
180,
-534,
981,
685,
-1206,
348,
1325,
-585,
14,
1158,
-276,
-56,
1077,
-602,
-9760,
2146,
1639,
-5056,
434,
824,
-4738,
11,
1066,
-5527,
-1890,
2218,
-3242,
-2488,
2583,
-100,
-1843,
747,
144,
-836,
143,
93,
77,
-108,
-607,
279,
-73,
-814,
1261,
1180,
-1195,
364,
1524,
-848,
-409,
1185,
-197,
-247,
933,
-684,
-9681,
2666,
1311,
-5853,
893,
1464,
-5292,
-205,
1884,
-5254,
-2561,
1697,
-3070,
-1951,
2900,
-18,
-1577,
1010,
105,
-899,
165,
85,
83,
-135,
-496,
760,
268,
-1026,
877,
905,
-1245,
690,
1924,
-546,
18,
1485,
-225,
-185,
1140,
-725,
-10000,
2622,
917,
-6575,
772,
1542,
-5813,
-490,
2464,
-4684,
-2355,
2128,
-2478,
-1692,
2904,
41,
-1417,
1187,
245,
-804,
211,
87,
93,
-90,
-436,
852,
383,
-1034,
590,
423,
-1584,
686,
1993,
-724,
-334,
1138,
-593,
-579,
831,
-720,
-10055,
2603,
1101,
-6423,
749,
1562,
-6061,
-1053,
2642,
-3714,
-1908,
2032,
-2280,
-1618,
2462,
-251,
-1394,
1095,
110,
-812,
207,
71,
99,
-72,
-363,
884,
261,
-1096,
823,
766,
-1441,
612,
1773,
-1166,
-874,
850,
-635,
-618,
846,
-726,
-10074,
2773,
1422,
-6033,
1158,
1756,
-6278,
-1460,
2480,
-3487,
-1615,
2010,
-2643,
-2175,
1849,
-660,
-1506,
994,
-94,
-905,
241,
81,
107,
-52,
-430,
744,
179,
-1013,
1141,
1348,
-839,
726,
1393,
-1266,
-380,
1275,
-625,
-680,
776,
-737,
-10058,
2867,
1310,
-5991,
1739,
2210,
-5954,
-350,
3720,
-3430,
-2129,
1970,
-2451,
-2006,
2136,
-389,
-1283,
1208,
-111,
-1083,
183,
91,
110,
-16,
-409,
759,
110,
-1262,
1035,
1416,
-1238,
-136,
743,
-1664,
-684,
1333,
-300,
-422,
1076,
-740,
-9997,
3086,
1427,
-6334,
1354,
2618,
-5066,
-102,
3487,
-3113,
-1482,
2170,
-2368,
-1727,
1995,
-1045,
-1771,
1042,
-220,
-1142,
177,
81,
113,
-58,
-440,
930,
357,
-1207,
904,
1229,
-1217,
414,
1627,
-949,
-158,
1821,
-70,
-563,
843,
-740,
-9888,
3247,
1585,
-6271,
1354,
2790,
-4666,
206,
3573,
-2920,
-1052,
2518,
-2248,
-1597,
2270,
-877,
-1989,
632,
-396,
-1087,
194,
55,
128,
-56,
-501,
840,
468,
-732,
1316,
1185,
-1323,
564,
1750,
-952,
-246,
1499,
-423,
-657,
737,
-730,
-9656,
3158,
1320,
-6185,
1585,
2562,
-5012,
262,
3506,
-3490,
-1663,
1953,
-2896,
-1909,
2237,
-1236,
-2450,
557,
-398,
-1228,
183,
108,
117,
49,
-343,
878,
499,
-751,
1101,
996,
-1410,
218,
1150,
-1336,
-296,
1508,
-486,
-758,
629,
-742,
-9835,
3169,
1234,
-6501,
1409,
2357,
-5877,
-1043,
2567,
-3974,
-2172,
1390,
-3061,
-1492,
2930,
-536,
-1728,
1197,
-83,
-1164,
240,
161,
84,
-50,
-490,
691,
222,
-1164,
802,
1095,
-1133,
307,
1089,
-1371,
-276,
1587,
-340,
-538,
924,
-731,
-9850,
3151,
1336,
-6487,
1197,
2356,
-5557,
-852,
2573,
-4076,
-2547,
1095,
-2899,
-1501,
2308,
-1033,
-1585,
1492,
-77,
-1328,
117,
124,
103,
40,
-365,
687,
154,
-966,
1135,
916,
-1928,
-374,
1024,
-1100,
-68,
1700,
-255,
-471,
1014,
-733,
-9664,
3238,
1392,
-6276,
1600,
2898,
-4899,
-108,
3196,
-3836,
-2586,
1003,
-3232,
-2120,
1880,
-1234,
-1992,
1116,
59,
-1014,
157,
63,
132,
41,
-448,
636,
271,
-752,
1174,
781,
-1914,
-169,
1127,
-1223,
-251,
1707,
4,
-234,
1019,
-729,
-9436,
3676,
2132,
-5379,
2140,
2877,
-4913,
265,
3544,
-3748,
-2425,
1249,
-3331,
-2664,
1268,
-1646,
-2367,
653,
-223,
-1003,
188,
44,
133,
-19,
-384,
1011,
506,
-1006,
776,
547,
-2002,
-143,
1147,
-1345,
-544,
1209,
-507,
-397,
1100,
-730,
-9621,
3591,
2246,
-5243,
2325,
3380,
-4407,
242,
3350,
-3554,
-2122,
1359,
-3071,
-2096,
1685,
-1729,
-2727,
392,
-289,
-941,
311,
113,
106,
-42,
-375,
1019,
506,
-1119,
519,
338,
-1982,
183,
1685,
-943,
-344,
1540,
-135,
-376,
905,
-730,
-9639,
3368,
1719,
-5754,
2157,
3343,
-4577,
29,
3082,
-3931,
-2210,
1935,
-2172,
-1546,
1694,
-1849,
-2612,
543,
-396,
-1106,
335,
168,
92,
1,
-340,
911,
359,
-1218,
468,
508,
-1584,
398,
1576,
-944,
-60,
1715,
-275,
-538,
957,
-739,
-9629,
3239,
1225,
-6021,
2291,
2748,
-5810,
-525,
2800,
-4846,
-3064,
1368,
-3152,
-2397,
1855,
-1123,
-1926,
1160,
7,
-1072,
173,
69,
137,
46,
-394,
873,
384,
-1183,
508,
506,
-1562,
626,
1837,
-1006,
-402,
1398,
-394,
-518,
929,
-741,
-9772,
3112,
1208,
-6218,
1751,
2189,
-6412,
-1333,
2367,
-4535,
-2467,
2128,
-2063,
-1382,
2477,
-805,
-2036,
697,
-272,
-1047,
198,
53,
138,
4,
-427,
958,
567,
-1045,
528,
560,
-1505,
283,
1177,
-1281,
-163,
1632,
-320,
-487,
834,
-741,
-9954,
3106,
1321,
-6590,
891,
1984,
-5422,
-35,
3166,
-4324,
-2729,
1879,
-1830,
-1105,
2210,
-1340,
-2343,
686,
-113,
-918,
187,
28,
135,
-54,
-456,
942,
526,
-762,
1158,
798,
-1809,
248,
1567,
-1119,
-257,
1717,
-91,
-264,
1107,
-742,
-9968,
2974,
1157,
-6743,
736,
1909,
-5428,
8,
3346,
-4111,
-2695,
1647,
-2460,
-1996,
1674,
-1229,
-1942,
979,
-66,
-973,
248,
100,
112,
-27,
-480,
817,
640,
-516,
1206,
1041,
-1199,
559,
1389,
-1371,
-536,
1323,
-546,
-786,
725,
-748,
-9892,
3011,
1015,
-6592,
1560,
2551,
-5694,
-529,
3147,
-4102,
-2472,
1949,
-2596,
-2418,
1644,
-878,
-1653,
1101,
-76,
-1076,
195,
117,
92,
-57,
-471,
737,
419,
-620,
1352,
1068,
-1476,
473,
1726,
-1072,
-414,
1576,
-252,
-691,
750,
-740,
-9931,
2987,
1118,
-6686,
1118,
2344,
-5665,
-815,
3154,
-3173,
-1622,
2222,
-1837,
-1116,
2296,
-967,
-1773,
1019,
-225,
-1163,
155,
86,
109,
-26,
-401,
890,
507,
-783,
974,
772,
-1497,
522,
1757,
-884,
-366,
1155,
-575,
-455,
1056,
-726,
-10071,
2779,
1109,
-6529,
1266,
2541,
-5759,
-1526,
2602,
-2961,
-1510,
1564,
-2564,
-1254,
2522,
-717,
-1520,
1301,
39,
-947,
298,
124,
111,
12,
-439,
736,
439,
-687,
1118,
925,
-1364,
548,
1617,
-1164,
-543,
1283,
-445,
-628,
864,
-735,
-9964,
2960,
1375,
-6230,
1363,
2308,
-5941,
-1378,
2549,
-3422,
-1305,
2960,
-1319,
-1179,
2159,
-972,
-2105,
558,
-234,
-954,
175,
46,
132,
63,
-276,
781,
146,
-972,
1068,
933,
-1279,
685,
1486,
-1573,
-937,
1057,
-425,
-437,
952,
-705,
-10075,
2604,
1424,
-5715,
1250,
1618,
-5815,
-719,
2112,
-4598,
-1795,
2671,
-2137,
-1487,
2779,
-534,
-1978,
1032,
191,
-981,
143,
108,
103,
92,
-273,
611,
61,
-913,
1121,
1075,
-1101,
780,
1775,
-961,
-284,
1522,
-291,
-624,
734,
-696,
-10054,
2422,
1051,
-6008,
1035,
1420,
-5556,
-22,
2428,
-4636,
-1467,
3023,
-2329,
-1704,
2883,
-547,
-2138,
1117,
511,
-698,
270,
138,
78,
-56,
-427,
717,
282,
-917,
1011,
1092,
-1143,
535,
1650,
-697,
105,
1702,
-235,
-529,
826,
-709,
-9860,
2737,
1085,
-6288,
950,
1585,
-5519,
-33,
2670,
-4395,
-1762,
2311,
-2719,
-1510,
3161,
-508,
-2256,
835,
133,
-911,
250,
148,
74,
-78,
-486,
638,
247,
-781,
1210,
943,
-1664,
46,
1301,
-994,
-79,
1522,
-537,
-762,
727,
-738,
-9801,
3019,
998,
-6614,
1336,
2259,
-5593,
-184,
3145,
-4412,
-2760,
1681,
-2598,
-1805,
2416,
-626,
-1868,
808,
-232,
-1046,
268,
114,
118,
17,
-482,
665,
345,
-893,
746,
481,
-1650,
554,
1825,
-874,
-327,
1254,
-534,
-541,
866,
-736,
-9959,
2838,
1015,
-6434,
1419,
2215,
-5695,
-313,
3289,
-3726,
-1851,
2236,
-2598,
-2102,
2263,
-383,
-1382,
1183,
-184,
-1256,
52,
42,
143,
87,
-352,
860,
619,
-487,
1265,
891,
-1590,
337,
1569,
-1115,
-452,
1450,
-233,
-553,
652,
-746,
-10085,
2868,
1150,
-6430,
1276,
2065,
-5906,
-714,
2796,
-4230,
-2462,
1654,
-2849,
-2170,
1971,
-927,
-1957,
712,
-437,
-1292,
69,
45,
136,
44,
-380,
785,
243,
-1077,
940,
999,
-1365,
440,
1691,
-730,
125,
1926,
86,
-258,
886,
-746,
-9943,
3014,
1250,
-6207,
1613,
2014,
-6463,
-1122,
2761,
-4309,
-2441,
2171,
-2257,
-1930,
2216,
-464,
-1535,
1062,
-77,
-1044,
164,
64,
136,
66,
-427,
667,
326,
-876,
789,
624,
-1432,
555,
1561,
-1016,
-59,
1819,
-44,
-430,
698,
-737,
-10057,
2777,
917,
-6546,
1333,
1971,
-6062,
-445,
3426,
-3708,
-2076,
2314,
-1716,
-1053,
2384,
-1057,
-1922,
1029,
-113,
-985,
302,
95,
140,
52,
-478,
728,
395,
-957,
705,
591,
-1388,
900,
2076,
-685,
110,
1837,
-278,
-573,
955,
-731,
-10122,
2728,
1078,
-6245,
1618,
2434,
-5502,
-385,
2946,
-4144,
-2453,
1553,
-2762,
-1923,
1831,
-1423,
-2186,
925,
6,
-787,
406,
127,
114,
-14,
-344,
1092,
632,
-787,
1287,
1345,
-1215,
511,
1664,
-1103,
-474,
1345,
-459,
-563,
1040,
-743,
-10009,
3046,
1393,
-6290,
1312,
2172,
-5744,
-498,
3195,
-3888,
-2468,
1671,
-2415,
-1595,
2336,
-778,
-1926,
794,
-198,
-1038,
219,
108,
95,
-74,
-499,
664,
206,
-887,
1133,
825,
-1701,
404,
1695,
-1260,
-685,
1448,
-158,
-545,
762,
-738,
-9947,
2912,
986,
-6662,
1357,
2525,
-5480,
-287,
3739,
-3100,
-2017,
1659,
-2428,
-1498,
2199,
-1052,
-1912,
959,
-289,
-1279,
100,
77,
127,
59,
-446,
502,
-49,
-1234,
608,
323,
-1980,
284,
1798,
-785,
-90,
1810,
5,
-455,
755,
-743,
-10013,
2942,
1224,
-6283,
1663,
2603,
-5709,
-850,
3097,
-3302,
-1628,
2133,
-2306,
-1562,
2185,
-1172,
-2205,
837,
-32,
-916,
269,
97,
120,
2,
-451,
747,
287,
-1024,
1034,
1164,
-1390,
195,
1602,
-763,
-330,
1171,
-559,
-696,
717,
-742,
-9904,
3005,
1017,
-6713,
1192,
2220,
-5754,
-728,
2780,
-3875,
-1896,
1806,
-3058,
-2250,
1873,
-1183,
-1878,
1279,
178,
-856,
325,
113,
120,
-7,
-491,
733,
358,
-808,
1269,
1146,
-1496,
267,
1505,
-1203,
-708,
897,
-822,
-637,
979,
-747,
-9813,
3086,
1001,
-6804,
1231,
2430,
-5674,
-957,
2321,
-4484,
-2318,
2021,
-2422,
-1710,
2310,
-776,
-1648,
1398,
263,
-900,
262,
128,
102,
25,
-353,
734,
186,
-1037,
887,
721,
-1689,
178,
1385,
-1145,
-360,
1474,
-173,
-246,
1088,
-738,
-9668,
3188,
1183,
-6699,
1065,
2232,
-5927,
-1398,
2231,
-3948,
-1702,
2492,
-1994,
-1595,
2078,
-961,
-1692,
1314,
96,
-1066,
187,
117,
114,
121,
-269,
715,
307,
-745,
985,
619,
-1645,
449,
1743,
-848,
-196,
1545,
-280,
-588,
824,
-732,
-9841,
3155,
1356,
-6490,
985,
1736,
-6459,
-1510,
2624,
-3291,
-1273,
2412,
-2167,
-1458,
2345,
-739,
-1597,
1104,
-244,
-1260,
38,
27,
135,
11,
-350,
965,
522,
-665,
1385,
1095,
-1575,
329,
1487,
-1332,
-428,
1708,
-187,
-596,
857,
-752,
-9797,
3363,
1644,
-6175,
1369,
2060,
-6172,
-1014,
2894,
-3970,
-2405,
1727,
-2637,
-1885,
2567,
-105,
-1419,
1014,
-60,
-1017,
116,
44,
130,
63,
-240,
954,
373,
-917,
1076,
1002,
-1507,
150,
1285,
-1201,
-416,
1361,
-395,
-575,
787,
-755,
-9598,
3582,
1569,
-6552,
1063,
1872,
-6518,
-1530,
2368,
-4409,
-2602,
1800,
-2555,
-1970,
2392,
-240,
-1411,
1121,
-30,
-1047,
147,
73,
124,
36,
-476,
502,
102,
-824,
1267,
1037,
-1668,
-40,
1304,
-999,
-261,
1375,
-490,
-682,
810,
-737,
-9771,
3214,
1260,
-6523,
1318,
2326,
-5649,
-522,
3091,
-3647,
-1592,
2550,
-2140,
-1595,
2434,
-637,
-1765,
876,
-312,
-1137,
234,
102,
122,
12,
-451,
687,
66,
-1153,
1306,
1316,
-1741,
87,
1963,
-681,
-344,
1641,
-148,
-725,
733,
-735,
-9970,
3007,
1236,
-6482,
1249,
2205,
-5986,
-1100,
2978,
-3122,
-1289,
2462,
-2045,
-1526,
2160,
-713,
-1381,
1277,
-115,
-1087,
181,
68,
125,
-2,
-393,
829,
235,
-1010,
1155,
869,
-2038,
-110,
1497,
-1184,
-677,
1310,
-265,
-493,
891,
-742,
-10010,
2847,
1000,
-6704,
1061,
2058,
-6011,
-947,
3062,
-3428,
-1796,
2149,
-2099,
-1229,
2842,
-226,
-1486,
1032,
-146,
-1039,
248,
107,
127,
116,
-269,
893,
523,
-844,
652,
397,
-1828,
45,
1224,
-1276,
-590,
1242,
-212,
-242,
993,
-750,
-9951,
3005,
1042,
-6890,
951,
2301,
-5644,
-953,
2636,
-3637,
-1333,
2823,
-1879,
-1436,
2538,
-586,
-1875,
860,
-11,
-847,
297,
91,
133,
52,
-486,
560,
171,
-1014,
897,
932,
-1494,
27,
1332,
-815,
-293,
1080,
-340,
-2,
1275,
-741,
-9860,
3094,
1189,
-6789,
981,
2611,
-4896,
60,
3763,
-2810,
-1277,
2424,
-2147,
-1698,
1928,
-1362,
-2445,
499,
-370,
-1141,
239,
127,
121,
110,
-421,
491,
223,
-618,
1367,
1128,
-1545,
24,
1436,
-876,
-459,
1148,
-257,
-261,
973,
-698,
-9814,
2553,
1016,
-6095,
984,
1408,
-5342,
934,
4086,
-3406,
-1294,
2918,
-2367,
-2289,
2032,
-859,
-2359,
358,
-206,
-878,
251,
71,
136,
76,
-422,
540,
71,
-941,
1131,
1077,
-1397,
103,
1117,
-1113,
3,
1825,
-52,
-367,
849,
-378,
-9596,
616,
803,
-3345,
1114,
-1657,
-6013,
2380,
3023,
-5861,
-1136,
4804,
-1905,
-2880,
2456,
243,
-1858,
561,
154,
-738,
190,
74,
117,
64,
-429,
451,
32,
-1038,
894,
1010,
-1533,
-324,
1154,
-703,
-290,
1249,
71,
-28,
923,
-195,
-9163,
-763,
917,
-657,
2073,
-2758,
-5959,
2749,
2587,
-5238,
-42,
4487,
-2017,
-1495,
3596,
431,
-1764,
541,
-75,
-784,
223,
34,
153,
106,
-438,
421,
-74,
-1041,
1009,
843,
-1752,
81,
1875,
-429,
-431,
987,
-297,
-376,
698,
-101,
-8443,
-1788,
1107,
1101,
2486,
-2162,
-4443,
2224,
1825,
-3551,
654,
2961,
-2462,
-1204,
2858,
21,
-1382,
641,
-44,
-551,
333,
62,
126,
55,
-465,
320,
34,
-782,
888,
844,
-1237,
143,
1319,
-783,
-617,
823,
-258,
-418,
566,
-14,
-7732,
-2086,
1095,
1454,
1920,
-2109,
-2913,
2880,
1376,
-3409,
768,
2534,
-2430,
-1106,
2311,
-430,
-1387,
753,
156,
-434,
282,
56,
103,
50,
-329,
319,
-86,
-787,
762,
724,
-1007,
195,
937,
-877,
-269,
1053,
-324,
-612,
499,
17,
-8435,
-3532,
209,
1229,
1612,
-1679,
-2132,
2403,
888,
-2624,
1103,
2131,
-1978,
-499,
1985,
-599,
-772,
1395,
427,
-450,
164,
16,
115,
110,
-335,
142,
1,
-475,
508,
200,
-1004,
235,
704,
-747,
51,
1053,
-261,
-345,
568,
30,
-7928,
-3529,
72,
1000,
1247,
-1189,
-940,
2890,
665,
-3149,
152,
1784,
-1030,
500,
2458,
-72,
-445,
1280,
383,
-368,
168,
26,
95,
110,
-186,
253,
-14,
-476,
641,
599,
-573,
326,
780,
-417,
228,
1064,
-107,
-272,
418,
21,
-7045,
-2398,
819,
950,
900,
-1135,
-781,
2603,
417,
-2780,
561,
1631,
-1285,
572,
2498,
-271,
-593,
1229,
258,
-482,
154,
31,
94,
96,
-173,
384,
12,
-723,
564,
814,
-637,
73,
872,
-345,
-114,
763,
-200,
-438,
305,
57,
-8060,
-3980,
-509,
336,
687,
-975,
-367,
2534,
-90,
-2883,
523,
574,
-3025,
-496,
2501,
43,
-643,
927,
86,
-532,
86,
9,
76,
-41,
-302,
361,
21,
-617,
753,
768,
-986,
-230,
774,
-429,
-294,
628,
-138,
-225,
532,
77,
-7898,
-3738,
14,
863,
840,
-851,
-199,
2221,
-570,
-2870,
673,
629,
-2524,
229,
2698,
23,
-211,
1548,
374,
-522,
82,
26,
68,
-29,
-321,
246,
83,
-273,
895,
709,
-575,
464,
983,
-483,
-121,
749,
-179,
-168,
523,
81,
-7120,
-2500,
1196,
1214,
234,
-1598,
-350,
2431,
-535,
-2897,
928,
997,
-2549,
-485,
1510,
-1105,
-1028,
939,
-6,
-606,
135,
53,
60,
-29,
-285,
232,
-58,
-391,
949,
838,
-595,
124,
470,
-824,
-337,
490,
-243,
-20,
524,
24,
-8274,
-3161,
479,
507,
609,
-931,
-497,
2315,
-249,
-2858,
964,
978,
-3270,
-1012,
2199,
-209,
-840,
983,
224,
-487,
105,
17,
79,
-47,
-465,
163,
182,
-316,
637,
676,
-461,
107,
275,
-858,
-170,
715,
-17,
199,
723,
-66,
-8766,
-2711,
589,
192,
1180,
-776,
-1620,
2005,
480,
-2737,
1017,
1638,
-2984,
-1214,
2039,
-504,
-1135,
925,
59,
-752,
40,
46,
59,
-87,
-421,
309,
125,
-599,
584,
802,
-431,
247,
494,
-785,
-31,
832,
-235,
-12,
787,
-117,
-8598,
-1229,
1859,
102,
905,
-791,
-1951,
1589,
274,
-2728,
1233,
1605,
-3103,
-593,
2737,
-804,
-1652,
1019,
228,
-791,
53,
80,
50,
-55,
-265,
512,
68,
-765,
724,
738,
-1121,
-192,
689,
-735,
-192,
927,
-177,
-253,
574,
-189,
-8914,
-515,
2399,
-476,
347,
-861,
-2058,
1651,
372,
-3277,
548,
1653,
-2707,
-511,
2638,
-775,
-1591,
923,
122,
-709,
165,
83,
73,
5,
-269,
487,
124,
-623,
778,
605,
-1182,
-113,
579,
-943,
-173,
985,
-200,
-135,
705,
-221,
-9734,
-1015,
2089,
-820,
-149,
-1864,
-2737,
2499,
1444,
-3850,
-674,
1436,
-2317,
-268,
2857,
-512,
-1451,
857,
-123,
-901,
144,
82,
96,
98,
-209,
623,
419,
-450,
775,
717,
-895,
235,
900,
-793,
-175,
968,
-321,
-392,
531,
-196,
-8658,
-905,
2211,
429,
793,
-2784,
-4841,
1060,
1430,
-3573,
-803,
1940,
-1353,
-567,
1759,
-667,
-1057,
926,
86,
-540,
158,
9,
88,
-140,
-532,
431,
185,
-793,
444,
512,
-964,
82,
619,
-867,
-21,
977,
-464,
-398,
669,
-100,
-6934,
-1139,
1011,
8,
473,
-3546,
-5983,
-543,
348,
-3574,
-701,
2005,
-1043,
-753,
1318,
-416,
-689,
917,
288,
-269,
89,
-72,
109,
-22,
-146,
720,
220,
-458,
1062,
993,
-422,
780,
1094,
-614,
273,
1251,
-298,
-191,
919,
-129,
-5639,
-200,
321,
-1118,
947,
-2114,
-4828,
435,
624,
-4419,
-1667,
1292,
-1711,
-774,
1740,
-650,
-1482,
167,
-324,
-453,
315,
26,
124,
110,
-155,
632,
297,
-320,
1156,
824,
-1018,
342,
1284,
-312,
292,
1240,
-267,
-269,
819,
-88,
-3908,
559,
-1827,
-4203,
518,
-1080,
-5779,
-1740,
-68,
-3909,
-1793,
320,
-2305,
-330,
2441,
-518,
-1626,
100,
-533,
-754,
173,
-18,
171,
297,
-91,
433,
138,
-222,
1363,
977,
-882,
612,
1721,
-70,
-69,
679,
-306,
-22,
773,
-42,
-3654,
394,
-2577,
-4827,
385,
-1512,
-6699,
-2153,
102,
-4077,
-2290,
46,
-2433,
-447,
2332,
-824,
-1992,
3,
-556,
-887,
115,
-10,
176,
336,
-162,
325,
236,
-204,
1110,
899,
-712,
673,
1761,
74,
-3,
693,
-276,
-42,
825,
-24,
-3360,
574,
-3025,
-5275,
660,
-1227,
-6700,
-1749,
790,
-3494,
-1762,
259,
-2381,
-149,
2249,
-1365,
-1922,
433,
-686,
-1102,
236,
53,
174,
248,
-469,
218,
318,
-462,
758,
842,
-718,
629,
1758,
59,
98,
855,
-321,
-119,
903,
-30,
-3294,
827,
-3121,
-5521,
704,
-1279,
-6533,
-864,
1574,
-2975,
-994,
443,
-2883,
25,
2792,
-1414,
-1831,
944,
-499,
-1082,
403,
119,
164,
144,
-727,
96,
216,
-774,
563,
712,
-1111,
214,
1399,
-404,
-232,
615,
-752,
-484,
761,
-38,
-3345,
959,
-2998,
-5659,
453,
-1456,
-6646,
-737,
2124,
-2379,
-882,
161,
-3082,
48,
2820,
-1415,
-1699,
1092,
-564,
-1211,
391,
127,
171,
164,
-736,
248,
531,
-668,
572,
939,
-1057,
-115,
1178,
-422,
-274,
676,
-645,
-519,
773,
-31,
-3264,
1114,
-2896,
-5529,
783,
-1217,
-6759,
-709,
2773,
-1488,
-239,
705,
-2502,
327,
2760,
-1263,
-1158,
1511,
-515,
-1221,
477,
174,
154,
103,
-881,
97,
485,
-641,
598,
871,
-1308,
-438,
986,
-509,
-390,
572,
-667,
-566,
622,
-45,
-3483,
1064,
-3048,
-5738,
654,
-1635,
-7215,
-713,
2598,
-2180,
-839,
118,
-3382,
-332,
2482,
-1524,
-1357,
1363,
-810,
-1493,
381,
148,
175,
182,
-732,
313,
713,
-306,
999,
1075,
-1083,
62,
1337,
-404,
-123,
804,
-703,
-526,
737,
-52,
-3540,
1112,
-2807,
-5725,
384,
-1538,
-6834,
-536,
2837,
-1984,
-1168,
-112,
-2992,
34,
2668,
-1146,
-1105,
1335,
-709,
-1294,
444,
161,
152,
84,
-857,
106,
412,
-610,
722,
829,
-1317,
-107,
1391,
-263,
-170,
735,
-587,
-396,
785,
-47,
-3387,
1667,
-2763,
-6006,
1078,
-584,
-6876,
-462,
3842,
-1320,
-1159,
306,
-2351,
141,
2679,
-836,
-1008,
1103,
-776,
-1154,
508,
159,
146,
38,
-881,
100,
356,
-585,
840,
829,
-1363,
9,
1608,
-7,
63,
723,
-752,
-386,
871,
-81,
-3728,
1742,
-2986,
-6640,
836,
-721,
-7339,
-808,
3574,
-1654,
-1181,
239,
-2980,
-510,
2409,
-979,
-1066,
1127,
-814,
-1227,
427,
104,
168,
38,
-822,
324,
510,
-502,
1076,
1123,
-1002,
411,
1634,
-147,
327,
945,
-985,
-521,
1012,
-64,
-3878,
1462,
-3657,
-7309,
541,
-1342,
-8384,
-1263,
3457,
-2463,
-2148,
-256,
-3762,
-1657,
1797,
-1228,
-1604,
577,
-1092,
-1456,
238,
53,
191,
167,
-612,
516,
854,
130,
1771,
1659,
-626,
772,
2167,
474,
766,
1305,
-476,
-77,
1170,
-106,
-3840,
2197,
-2953,
-6974,
1379,
-153,
-7737,
-751,
4298,
-1959,
-1998,
363,
-2785,
-974,
2227,
-797,
-1164,
1076,
-575,
-1136,
345,
85,
167,
110,
-593,
556,
679,
-238,
1523,
1509,
-1038,
170,
1775,
240,
408,
922,
-691,
-221,
949,
-134,
-3914,
2860,
-2859,
-7814,
1101,
-101,
-8411,
-1246,
4400,
-2334,
-2527,
588,
-2584,
-1392,
1898,
-854,
-1366,
834,
-688,
-1234,
276,
84,
159,
121,
-496,
648,
678,
-138,
1902,
1854,
-1021,
131,
1775,
-26,
153,
1175,
-319,
-232,
856,
-155,
-4006,
3214,
-2913,
-8063,
1485,
-19,
-8700,
-552,
5099,
-2954,
-2941,
1098,
-2565,
-1765,
2164,
-444,
-1416,
669,
-712,
-1169,
350,
104,
152,
79,
-503,
787,
718,
-365,
1700,
1740,
-1178,
107,
1879,
-14,
134,
1118,
-522,
-348,
979,
-203,
-4394,
3606,
-2119,
-8036,
976,
-75,
-8742,
-1235,
4608,
-2711,
-2724,
918,
-2824,
-1992,
2057,
-403,
-1537,
298,
-1078,
-1403,
250,
89,
162,
158,
-424,
794,
839,
-153,
1786,
1911,
-788,
376,
2058,
383,
535,
1270,
-427,
-184,
1133,
-269,
-4892,
4482,
-604,
-7780,
359,
-49,
-8583,
-1839,
4354,
-1687,
-1415,
1550,
-2652,
-1806,
2353,
-306,
-1742,
319,
-677,
-1185,
193,
79,
135,
95,
-389,
745,
652,
-303,
1559,
1654,
-720,
533,
1775,
-97,
398,
1411,
-347,
-234,
1022,
-341,
-5321,
4954,
-57,
-7781,
691,
652,
-8219,
-1559,
4763,
-1616,
-1736,
1227,
-2614,
-1245,
3016,
-30,
-1665,
436,
-677,
-1303,
165,
129,
92,
76,
-108,
1036,
454,
-640,
1535,
1527,
-1109,
360,
1761,
-265,
235,
1265,
-684,
-618,
838,
-430,
-6122,
5117,
540,
-7840,
756,
2025,
-6164,
-181,
5200,
-1472,
-1494,
1332,
-2654,
-864,
3726,
80,
-2231,
50,
-675,
-1302,
92,
89,
110,
39,
-405,
689,
459,
-514,
1427,
1340,
-1373,
-201,
1017,
-986,
-209,
1457,
-99,
-264,
956,
-445,
-6541,
5074,
445,
-8811,
-762,
1248,
-5871,
-214,
3971,
-2569,
-1380,
1654,
-2831,
-758,
4404,
780,
-1674,
535,
-288,
-963,
321,
139,
104,
6,
-509,
540,
357,
-244,
2124,
1839,
-1194,
331,
1847,
-466,
106,
1751,
-56,
-322,
1075,
-445,
-6747,
4985,
562,
-9053,
-1646,
585,
-5728,
244,
4356,
-2437,
-1802,
1124,
-2905,
-1123,
3129,
-454,
-2061,
576,
-250,
-942,
282,
85,
139,
72,
-483,
568,
484,
-73,
2097,
1752,
-918,
663,
1651,
-841,
17,
1640,
-291,
-346,
1163,
-474,
-6932,
5119,
843,
-8792,
-1456,
594,
-5384,
1185,
4851,
-2624,
-1282,
2557,
-1802,
-631,
3429,
-347,
-1999,
703,
-438,
-1406,
58,
96,
123,
171,
-150,
860,
508,
-155,
2129,
1804,
-1024,
443,
1403,
-1148,
-331,
1351,
-492,
-554,
879,
-542,
-7355,
5014,
1251,
-8178,
-1046,
642,
-5623,
897,
4981,
-1879,
-593,
2640,
-1760,
-186,
3799,
-235,
-1888,
690,
-561,
-1342,
150,
66,
154,
143,
-246,
959,
325,
-1080,
1222,
1421,
-1382,
209,
1792,
-599,
-164,
1400,
-451,
-749,
627,
-571,
-7715,
4922,
1473,
-7890,
-836,
586,
-6062,
457,
4888,
-1908,
-880,
2082,
-2559,
-835,
3832,
123,
-1888,
510,
-537,
-1249,
226,
151,
71,
-172,
-625,
792,
655,
-501,
1421,
1312,
-1311,
241,
1416,
-1058,
-385,
1239,
-598,
-644,
939,
-581,
-8212,
4274,
857,
-8374,
-1313,
-91,
-6909,
-383,
4052,
-2818,
-1702,
1580,
-2823,
-1120,
3560,
93,
-1794,
397,
-824,
-1432,
189,
145,
80,
-136,
-619,
796,
836,
-75,
1949,
1908,
-669,
616,
1428,
-1005,
-214,
1230,
-621,
-412,
1173,
-660,
-8678,
3977,
1317,
-7330,
-227,
895,
-6440,
-846,
3339,
-2984,
-1296,
2543,
-1710,
-915,
2696,
-919,
-2407,
234,
-598,
-1164,
260,
143,
79,
-138,
-630,
624,
550,
-190,
1904,
1619,
-939,
822,
1796,
-1057,
-384,
1474,
-360,
-592,
967,
-709,
-9060,
3552,
1415,
-6381,
1088,
1859,
-6001,
-706,
3323,
-3071,
-1393,
2241,
-2369,
-1527,
2619,
-545,
-1859,
822,
-179,
-1023,
264,
120,
115,
24,
-517,
585,
488,
-409,
1297,
817,
-1713,
49,
1146,
-1378,
-400,
1641,
-116,
-367,
1098,
-695,
-9238,
3008,
929,
-6279,
1459,
1887,
-6299,
-1184,
2466,
-4201,
-2247,
1802,
-2866,
-2317,
2052,
-351,
-1207,
1323,
106,
-852,
259,
68,
131,
-14,
-556,
575,
240,
-817,
1107,
797,
-1673,
353,
1603,
-1174,
-506,
1449,
-248,
-468,
915,
-672,
-9077,
2884,
604,
-6241,
2025,
2523,
-5751,
-419,
3317,
-3727,
-1984,
2475,
-1704,
-1248,
2525,
-472,
-1617,
947,
-29,
-773,
350,
75,
153,
115,
-376,
712,
397,
-530,
1347,
684,
-2041,
144,
1734,
-876,
-291,
1466,
-435,
-838,
529,
