-412,
-6763,
2255,
56,
-3995,
4628,
4709,
-3566,
854,
5169,
-268,
492,
3413,
-813,
-1150,
1932,
-10,
-658,
1176,
-76,
-718,
434,
159,
107,
127,
-307,
775,
936,
-141,
738,
587,
-959,
453,
1178,
-816,
-122,
1312,
-109,
-320,
684,
-414,
-7028,
1928,
-306,
-4462,
4293,
4834,
-3349,
676,
4925,
-269,
382,
3065,
-1078,
-1285,
1678,
-486,
-1154,
935,
-108,
-759,
392,
157,
111,
166,
-376,
462,
683,
-170,
633,
384,
-1032,
452,
1224,
-688,
-143,
1139,
-130,
-260,
611,
-414,
-7133,
1760,
-380,
-4377,
4266,
4599,
-3427,
791,
4788,
-548,
540,
3593,
-782,
-1487,
1177,
-956,
-1427,
799,
-159,
-762,
344,
114,
118,
50,
-650,
192,
469,
-227,
778,
397,
-1259,
365,
1269,
-873,
-403,
1149,
58,
-120,
631,
-428,
-7203,
1864,
-382,
-4682,
3956,
4400,
-3647,
816,
5345,
107,
669,
3229,
-1200,
-1763,
927,
-1246,
-1584,
948,
124,
-647,
306,
93,
123,
114,
-445,
416,
562,
-278,
585,
281,
-1013,
602,
975,
-1288,
-341,
1459,
268,
73,
803,
-434,
-7602,
1483,
-761,
-5038,
3762,
4243,
-4133,
-307,
3841,
-834,
591,
2997,
-2061,
-2394,
839,
-1532,
-2306,
270,
-276,
-859,
221,
84,
122,
126,
-409,
344,
300,
-549,
399,
43,
-1218,
621,
1139,
-978,
174,
1791,
155,
-55,
971,
-420,
-7516,
1550,
-542,
-4673,
3940,
4055,
-4445,
-283,
4246,
-630,
411,
3013,
-1754,
-2250,
1003,
-952,
-1638,
634,
-57,
-619,
361,
90,
137,
121,
-538,
330,
540,
-472,
180,
-66,
-1299,
272,
820,
-1141,
-151,
1432,
17,
-190,
739,
-414,
-7422,
1646,
-737,
-4751,
4301,
4086,
-4782,
19,
4919,
-382,
791,
3835,
-1255,
-2178,
1105,
-851,
-1494,
971,
173,
-640,
343,
119,
116,
59,
-677,
169,
570,
-106,
872,
656,
-979,
267,
953,
-909,
-190,
1253,
53,
-30,
792,
-421,
-7516,
1696,
-896,
-5094,
4466,
4728,
-4539,
-375,
4485,
-514,
788,
3883,
-1064,
-2030,
873,
-1400,
-2002,
682,
65,
-657,
363,
144,
103,
118,
-385,
420,
445,
-371,
668,
372,
-1057,
638,
1102,
-1445,
-837,
978,
9,
5,
870,
-417,
-7536,
1660,
-995,
-5277,
4333,
4669,
-4767,
-770,
4260,
-480,
1006,
4370,
-332,
-1164,
1760,
-910,
-2105,
578,
363,
-355,
409,
131,
95,
44,
-503,
309,
355,
-471,
615,
467,
-1092,
134,
545,
-1396,
-324,
1341,
10,
-120,
818,
-410,
-7526,
1399,
-1304,
-5583,
3705,
4044,
-4961,
-1187,
3451,
-577,
1451,
4069,
-902,
-1111,
1563,
-1622,
-2220,
891,
174,
-730,
318,
121,
119,
114,
-434,
501,
449,
-716,
442,
546,
-1059,
333,
1104,
-988,
-199,
1637,
375,
-85,
727,
-450,
-7693,
1515,
-957,
-5712,
3146,
4259,
-3767,
-114,
4096,
-48,
1620,
3944,
-749,
-693,
2041,
-1022,
-1906,
498,
-389,
-859,
404,
132,
132,
125,
-449,
563,
433,
-1045,
73,
397,
-1285,
-11,
1036,
-955,
-515,
1210,
142,
-303,
532,
-441,
-7759,
1352,
-1145,
-5809,
3038,
3851,
-4461,
-698,
3595,
-964,
462,
3165,
-1419,
-1679,
1416,
-804,
-1520,
649,
-173,
-604,
504,
162,
104,
56,
-506,
319,
134,
-903,
352,
122,
-1850,
-340,
793,
-1272,
-786,
1037,
158,
-175,
423,
-427,
-7853,
1308,
-1513,
-6246,
3231,
4090,
-5077,
-1445,
3621,
-669,
423,
2827,
-2053,
-2415,
868,
-1394,
-2149,
513,
29,
-674,
277,
102,
105,
60,
-429,
552,
659,
-287,
708,
424,
-1376,
-93,
622,
-1443,
-755,
1038,
41,
-230,
524,
-449,
-7787,
1572,
-1023,
-5782,
3257,
3765,
-4898,
-370,
4613,
-588,
177,
2859,
-2013,
-2378,
1229,
-981,
-1969,
743,
352,
-561,
229,
92,
88,
-64,
-685,
272,
520,
-415,
382,
92,
-1536,
-291,
293,
-1672,
-785,
1011,
-193,
-610,
268,
-458,
-7881,
1469,
-1134,
-5980,
3066,
3880,
-4494,
-91,
4547,
-888,
-141,
2861,
-1516,
-1753,
1581,
-735,
-1592,
1069,
471,
-496,
326,
139,
71,
-83,
-632,
421,
603,
-541,
189,
-28,
-1585,
-156,
599,
-1436,
-495,
1641,
467,
-326,
347,
-477,
-7997,
1530,
-1337,
-6379,
3067,
3974,
-4759,
-337,
4438,
-979,
253,
3695,
-1139,
-1953,
1512,
-557,
-1581,
853,
312,
-474,
380,
128,
98,
17,
-525,
563,
829,
-249,
468,
90,
-1678,
-323,
466,
-1564,
-713,
1287,
177,
-308,
530,
-474,
-7924,
1758,
-1210,
-6085,
3535,
3714,
-5712,
-1225,
3505,
-1699,
325,
3749,
-1648,
-2276,
1300,
-1072,
-1721,
1243,
529,
-457,
441,
150,
100,
-1,
-613,
318,
206,
-857,
565,
489,
-1598,
-212,
803,
-1378,
-805,
948,
-228,
-394,
660,
-463,
-8017,
1339,
-1691,
-6592,
2801,
3061,
-6029,
-1411,
3303,
-2057,
-190,
3430,
-1868,
-2717,
1128,
-645,
-1380,
1132,
372,
-479,
444,
150,
103,
54,
-510,
387,
219,
-975,
254,
107,
-1990,
-568,
663,
-1411,
-1003,
696,
-392,
-558,
538,
-472,
-7961,
1545,
-1390,
-6230,
3249,
3448,
-5770,
-1069,
3613,
-2313,
-862,
3235,
-1475,
-2584,
805,
-793,
-1258,
1106,
228,
-513,
449,
132,
119,
98,
-436,
438,
233,
-750,
740,
486,
-1755,
-251,
784,
-1656,
-1078,
1000,
-205,
-659,
426,
-468,
-8278,
1083,
-1853,
-6434,
3176,
3114,
-6092,
-893,
3981,
-2076,
-526,
3643,
-1134,
-2050,
1413,
-627,
-1379,
1181,
393,
-501,
415,
137,
110,
68,
-509,
365,
349,
-479,
825,
321,
-1890,
-302,
788,
-1407,
-709,
1054,
-393,
-722,
438,
-490,
-8163,
1431,
-1309,
-6211,
3114,
3644,
-5064,
-282,
4507,
-915,
642,
4167,
-868,
-1814,
1383,
-900,
-1713,
890,
240,
-553,
361,
101,
132,
192,
-194,
762,
510,
-563,
938,
791,
-1487,
-154,
952,
-1310,
-966,
730,
-413,
-607,
519,
-490,
-8095,
1708,
-1168,
-6258,
3297,
3777,
-5680,
-1419,
3560,
-1549,
222,
3980,
-1048,
-2105,
1381,
-432,
-1215,
1131,
381,
-446,
387,
113,
102,
25,
-390,
639,
365,
-760,
757,
606,
-1706,
-343,
881,
-1222,
-740,
1074,
0,
-314,
585,
-497,
-8083,
1740,
-1303,
-6591,
2834,
3181,
-6133,
-1514,
3370,
-2227,
-652,
3323,
-1300,
-1960,
1614,
-398,
-1344,
962,
266,
-432,
465,
150,
88,
13,
-397,
520,
243,
-539,
1043,
399,
-1895,
110,
1279,
-1405,
-871,
1181,
-139,
-551,
632,
-493,
-8248,
1637,
-1146,
-6278,
3137,
3567,
-5802,
-1505,
3492,
-1532,
30,
3373,
-1460,
-1915,
1571,
-618,
-1444,
921,
66,
-646,
380,
117,
119,
87,
-437,
389,
87,
-883,
555,
92,
-2009,
28,
1389,
-989,
-492,
1170,
-411,
-718,
616,
-487,
-8381,
1270,
-1221,
-5892,
3434,
3675,
-5533,
-1129,
3675,
-1597,
5,
3698,
-1106,
-2057,
1230,
-614,
-1250,
997,
76,
-644,
370,
122,
103,
-1,
-607,
180,
-142,
-1198,
281,
93,
-2058,
-483,
833,
-1204,
-669,
1102,
14,
-185,
774,
-479,
-8201,
1395,
-1289,
-5970,
3674,
4214,
-4932,
-582,
3988,
-1728,
-337,
3519,
-1258,
-2491,
617,
-1153,
-1608,
883,
119,
-658,
292,
95,
110,
29,
-580,
166,
109,
-437,
1093,
589,
-1497,
240,
1207,
-1166,
-513,
1268,
-131,
-468,
611,
-492,
-8363,
1441,
-1611,
-6711,
3203,
3749,
-5972,
-1713,
3302,
-2091,
-575,
3171,
-1759,
-2756,
545,
-1518,
-2147,
561,
-97,
-910,
132,
56,
128,
140,
-255,
739,
668,
-202,
1044,
429,
-1738,
-16,
1080,
-1144,
-469,
1237,
-125,
-285,
847,
-482,
-8206,
1693,
-1378,
-6428,
3564,
3995,
-5809,
-1560,
3427,
-1541,
552,
3983,
-1588,
-2447,
1086,
-1300,
-2164,
554,
-151,
-906,
217,
76,
135,
130,
-321,
733,
449,
-935,
385,
367,
-1689,
-281,
715,
-1453,
-676,
1287,
129,
-97,
810,
-483,
-8341,
1500,
-1295,
-6157,
3602,
4000,
-5535,
-1466,
2987,
-2132,
116,
3492,
-2250,
-2918,
1111,
-1147,
-2339,
372,
85,
-575,
303,
75,
119,
32,
-433,
590,
296,
-862,
661,
591,
-1448,
152,
1224,
-1056,
-535,
1077,
-248,
-314,
827,
-470,
-8262,
1568,
-1376,
-6199,
3797,
4028,
-5834,
-1379,
3625,
-1769,
104,
3822,
-1596,
-2452,
1445,
-656,
-1712,
829,
87,
-789,
292,
132,
120,
191,
-350,
437,
539,
-179,
832,
84,
-1875,
32,
1092,
-1304,
-726,
1054,
-331,
-665,
494,
-512,
-8263,
1881,
-895,
-6087,
3380,
3562,
-5972,
-1464,
3183,
-2412,
-363,
3373,
-2320,
-3079,
1352,
-515,
-1695,
848,
129,
-880,
175,
116,
106,
136,
-352,
523,
611,
-188,
968,
530,
-1473,
143,
1300,
-759,
-121,
1569,
122,
-379,
598,
-511,
-8266,
1775,
-1175,
-6415,
3334,
3911,
-5589,
-1292,
3427,
-2008,
-114,
3728,
-1269,
-1727,
2139,
-303,
-1658,
810,
138,
-749,
250,
111,
105,
72,
-389,
607,
516,
-606,
605,
463,
-1466,
30,
1211,
-650,
12,
1502,
38,
-284,
724,
-513,
-8300,
1939,
-1117,
-6530,
3393,
4145,
-5394,
-1245,
3316,
-1902,
361,
3899,
-1594,
-1819,
2343,
-327,
-1716,
1109,
557,
-517,
318,
125,
90,
-22,
-535,
488,
509,
-281,
1255,
932,
-1368,
130,
1388,
-637,
-160,
1186,
-325,
-442,
774,
-498,
-8414,
1783,
-1485,
-7076,
2954,
3670,
-6276,
-2269,
2567,
-2641,
-663,
2728,
-2909,
-3164,
1552,
-440,
-1727,
928,
355,
-691,
205,
110,
83,
-33,
-560,
313,
212,
-565,
863,
329,
-1951,
-235,
1088,
-1089,
-700,
775,
-597,
-764,
312,
-514,
-8298,
1785,
-985,
-6244,
3289,
3985,
-5335,
-1445,
2855,
-2277,
-14,
3540,
-1977,
-2626,
1336,
-904,
-2044,
593,
34,
-832,
117,
24,
146,
118,
-373,
672,
492,
-686,
912,
1067,
-1217,
29,
1490,
-392,
-132,
1331,
3,
-460,
497,
-491,
-8227,
1773,
-910,
-5859,
3857,
4531,
-4829,
-1101,
2973,
-1999,
681,
4265,
-1598,
-2524,
1350,
-818,
-1847,
757,
154,
-641,
286,
64,
144,
126,
-402,
587,
413,
-608,
1142,
1224,
-1166,
43,
1355,
-574,
-98,
1432,
27,
-278,
789,
-497,
-8209,
2036,
-824,
-6013,
4061,
4833,
-5222,
-1675,
3091,
-1840,
15,
3362,
-1943,
-2514,
1361,
-702,
-1569,
953,
67,
-863,
203,
90,
120,
100,
-408,
536,
422,
-616,
738,
558,
-1475,
157,
1444,
-660,
-270,
1185,
-192,
-349,
784,
-507,
-8365,
1736,
-961,
-5940,
3906,
4452,
-5147,
-935,
3687,
-2035,
-495,
3149,
-2027,
-2618,
1405,
-766,
-1939,
691,
22,
-1002,
55,
77,
110,
103,
-452,
307,
271,
-608,
458,
-2,
-1846,
-12,
1243,
-899,
-505,
1039,
-156,
-250,
819,
-515,
-8231,
2022,
-752,
-5882,
3942,
4439,
-5247,
-1183,
3229,
-2286,
-211,
3401,
-2280,
-3048,
991,
-1232,
-2202,
788,
229,
-880,
101,
89,
101,
84,
-389,
431,
255,
-666,
687,
436,
-1501,
214,
1492,
-530,
-128,
1139,
-305,
-355,
747,
-501,
-8063,
2183,
-528,
-5748,
4009,
4845,
-4831,
-1317,
3260,
-1543,
284,
3227,
-2283,
-2709,
1226,
-1020,
-2036,
616,
-36,
-913,
130,
71,
116,
94,
-336,
625,
429,
-704,
524,
315,
-1580,
29,
1121,
-952,
-413,
1059,
-204,
-170,
903,
-489,
-7817,
2287,
-707,
-6004,
3653,
4166,
-5424,
-1436,
3233,
-1514,
756,
3751,
-2185,
-2770,
1101,
-1339,
-2263,
533,
-290,
-1233,
-1,
52,
126,
112,
-428,
386,
134,
-906,
505,
410,
-1415,
272,
1264,
-1040,
-575,
872,
-524,
-483,
838,
-354,
-5997,
2300,
-1321,
-6645,
1375,
1545,
-6006,
-376,
4508,
-1820,
-1967,
1138,
-2909,
-3074,
1189,
248,
-588,
1090,
-36,
-979,
46,
72,
95,
48,
-471,
346,
433,
-436,
676,
784,
-802,
321,
1252,
-428,
-37,
1131,
-229,
-549,
494,
-46,
-3939,
1576,
-2109,
-5591,
806,
-1132,
-7501,
391,
6562,
-813,
-3884,
-821,
-1826,
-1523,
974,
171,
92,
1237,
-228,
-942,
90,
62,
107,
111,
-517,
1,
356,
-23,
590,
177,
-864,
540,
923,
-1050,
-495,
1007,
-21,
-485,
226,
79,
-3398,
572,
-3095,
-5502,
572,
-1674,
-7734,
-235,
6086,
-449,
-4065,
-1534,
-1481,
-1102,
57,
-668,
331,
1440,
-520,
-1132,
108,
71,
120,
182,
-466,
25,
570,
244,
413,
-213,
-920,
412,
331,
-1562,
-681,
789,
-275,
-651,
8,
90,
-3304,
561,
-3436,
-5708,
823,
-1570,
-7827,
10,
6286,
-634,
-4108,
-1420,
-1537,
-1131,
-49,
-1053,
128,
1503,
-619,
-1252,
160,
86,
146,
262,
-469,
150,
836,
279,
397,
8,
-854,
222,
354,
-1381,
-757,
509,
-523,
-853,
-153,
37,
-3239,
1020,
-2894,
-5642,
630,
-1434,
-7520,
-70,
5834,
-939,
-3956,
-1188,
-1756,
-1433,
203,
-722,
-89,
1242,
-464,
-1076,
144,
67,
145,
274,
-418,
93,
579,
-16,
332,
185,
-764,
171,
492,
-1161,
-803,
425,
-391,
-714,
-81,
40,
-3274,
500,
-2425,
-4800,
94,
-1672,
-6540,
-204,
4952,
-417,
-3309,
-1678,
-1972,
-1043,
356,
-728,
-235,
982,
-352,
-848,
93,
34,
116,
220,
-223,
89,
150,
-129,
422,
-184,
-1011,
473,
513,
-1617,
-913,
812,
-73,
-672,
-123,
56,
-3226,
47,
-2501,
-4414,
-2,
-1796,
-6151,
-160,
4700,
-39,
-2726,
-1573,
-2010,
-1050,
229,
-836,
-270,
971,
-301,
-856,
-21,
-17,
123,
195,
-246,
114,
261,
-12,
406,
-218,
-998,
395,
512,
-1395,
-849,
576,
-249,
-708,
-164,
39,
-3151,
702,
-2603,
-4820,
915,
-1001,
-6624,
-110,
5352,
-229,
-2965,
-1178,
-1913,
-1156,
474,
-637,
-184,
1116,
-340,
-953,
29,
-2,
145,
241,
-336,
89,
326,
-182,
170,
-175,
-778,
601,
592,
-1417,
-774,
643,
-399,
-839,
-100,
23,
-3296,
1092,
-3192,
-5692,
1248,
-1402,
-8043,
-175,
5515,
-1374,
-3669,
-1367,
-2642,
-1260,
793,
-1264,
-697,
1318,
-529,
-1278,
94,
14,
193,
284,
-508,
232,
530,
-540,
56,
222,
-811,
314,
664,
-1333,
-920,
338,
-809,
-1039,
-103,
22,
-3203,
1269,
-2801,
-5267,
1459,
-1163,
-7545,
396,
6024,
-993,
-3528,
-1203,
-2156,
-757,
1035,
-1046,
-419,
1476,
-411,
-1089,
211,
21,
198,
242,
-641,
159,
555,
-581,
-1,
365,
-661,
141,
454,
-1138,
-553,
486,
-761,
-906,
19,
29,
-3274,
1013,
-3149,
-5486,
1446,
-1206,
-7948,
-241,
5555,
-1303,
-3813,
-1357,
-2385,
-1339,
497,
-1164,
-415,
1371,
-503,
-1162,
134,
-2,
198,
243,
-588,
291,
740,
-521,
-147,
327,
-470,
158,
201,
-1287,
-503,
598,
-627,
-873,
-107,
25,
-3483,
783,
-3758,
-6305,
927,
-1807,
-8999,
-1191,
4849,
-2182,
-4671,
-2004,
-3224,
-2368,
-315,
-1790,
-984,
968,
-794,
-1452,
-62,
-55,
218,
329,
-379,
607,
1018,
-312,
192,
774,
-179,
397,
625,
-925,
-408,
716,
-341,
-636,
6,
16,
-3544,
859,
-3631,
-6335,
661,
-2106,
-8975,
-961,
4818,
-2363,
-4647,
-1974,
-3321,
-2321,
-159,
-1711,
-888,
1043,
-847,
-1459,
26,
-22,
216,
310,
-497,
442,
856,
-509,
-6,
596,
-368,
212,
388,
-1250,
-731,
365,
-782,
-982,
-139,
4,
-3456,
1284,
-3155,
-5942,
1119,
-1682,
-8443,
-96,
5574,
-1869,
-3890,
-1134,
-2902,
-1911,
534,
-1204,
-654,
1290,
-673,
-1406,
111,
37,
198,
324,
-504,
295,
668,
-577,
-4,
529,
-443,
216,
325,
-1406,
-757,
399,
-920,
-1099,
-16,
-14,
-3419,
1795,
-2913,
-6131,
1343,
-1278,
-8482,
-8,
6091,
-1516,
-3764,
-1006,
-2888,
-1812,
937,
-926,
-725,
1264,
-498,
-1258,
157,
53,
185,
296,
-523,
200,
507,
-578,
132,
445,
-726,
98,
342,
-1485,
-873,
327,
-961,
-1065,
29,
-25,
-3488,
1996,
-3167,
-6773,
1293,
-1093,
-8820,
-339,
6072,
-1590,
-3693,
-784,
-3089,
-2215,
868,
-974,
-987,
1152,
-427,
-1297,
39,
15,
188,
296,
-419,
418,
648,
-471,
450,
763,
-771,
-40,
481,
-1262,
-807,
283,
-1038,
-1093,
87,
-21,
-3483,
2081,
-3083,
-6929,
1036,
-992,
-8563,
-486,
5863,
-1312,
-3420,
-978,
-3249,
-2105,
801,
-1205,
-964,
1368,
-328,
-1331,
9,
22,
174,
252,
-440,
399,
623,
-471,
347,
525,
-848,
88,
463,
-1477,
-1011,
93,
-1200,
-1145,
42,
-5,
-3612,
1972,
-2799,
-6846,
273,
-1681,
-8540,
-395,
6076,
-684,
-3223,
-1451,
-3510,
-2152,
466,
-1466,
-869,
1385,
-546,
-1490,
-16,
15,
184,
247,
-500,
527,
1038,
-224,
308,
747,
-387,
223,
397,
-1361,
-899,
26,
-1354,
-1333,
-31,
-8,
-3651,
1796,
-2762,
-6511,
489,
-1609,
-8269,
111,
6679,
-32,
-2617,
-977,
-3112,
-1654,
1123,
-1005,
-972,
1030,
-591,
-1242,
176,
56,
179,
235,
-589,
357,
881,
-382,
106,
570,
-632,
-236,
-85,
-1790,
-1564,
-794,
-1907,
-1638,
-273,
-31,
-3587,
1906,
-2431,
-6095,
839,
-1101,
-7818,
-77,
6086,
-456,
-2910,
-1180,
-2940,
-1080,
1820,
-553,
-1000,
782,
-659,
-1161,
251,
103,
144,
154,
-640,
229,
665,
-496,
180,
774,
-533,
-548,
-611,
-1947,
-1248,
-358,
-1548,
-1373,
-97,
-70,
-3786,
1826,
-2481,
-6404,
435,
-1119,
-7665,
-551,
4981,
-1290,
-3102,
-1282,
-3360,
-1688,
1206,
-998,
-1067,
973,
-574,
-1235,
192,
88,
155,
203,
-583,
292,
692,
-633,
-102,
422,
-926,
-684,
-285,
-1673,
-1426,
-511,
-1311,
-1074,
45,
-128,
-4089,
1900,
-2328,
-6337,
812,
-654,
-7728,
-1148,
4168,
-1860,
-2941,
-766,
-3324,
-2062,
874,
-1397,
-1490,
951,
-283,
-1118,
96,
39,
158,
156,
-664,
71,
173,
-1190,
-344,
285,
-1255,
-1001,
-400,
-1669,
-1229,
-16,
-725,
-640,
282,
-154,
-4265,
2119,
-1827,
-5790,
1315,
-359,
-7411,
-486,
4704,
-1927,
-3257,
-896,
-3118,
-1540,
1262,
-1388,
-1359,
1402,
4,
-1133,
61,
45,
160,
202,
-593,
109,
226,
-1118,
-473,
-167,
-1698,
-1203,
-610,
-1852,
-987,
452,
-522,
-606,
351,
-188,
-4718,
1819,
-2039,
-6080,
932,
-843,
-7811,
-741,
4302,
-2318,
-3228,
-850,
-3631,
-2418,
456,
-1924,
-1711,
879,
-664,
-1490,
23,
35,
177,
214,
-608,
229,
312,
-1295,
-651,
-275,
-2019,
-1551,
-673,
-1832,
-1039,
468,
-470,
-592,
474,
-248,
-4903,
2189,
-1373,
-5751,
1058,
-361,
-7265,
-1231,
2878,
-2900,
-2402,
-149,
-3682,
-2368,
636,
-2090,
-1879,
988,
-521,
-1381,
113,
60,
163,
124,
-670,
381,
408,
-1435,
-603,
121,
-1595,
-1221,
-555,
-2168,
-1663,
-38,
-737,
-733,
326,
-252,
-5130,
2095,
-1666,
-6098,
1386,
305,
-7202,
-1431,
3300,
-2136,
-2186,
-661,
-4396,
-2795,
502,
-2188,
-2002,
895,
-657,
-1566,
7,
46,
162,
110,
-768,
151,
245,
-1348,
-456,
163,
-1384,
-621,
136,
-1725,
-1420,
180,
-488,
-498,
435,
-278,
-5396,
1922,
-1732,
-5712,
2040,
324,
-7315,
-747,
3582,
-3021,
-2532,
130,
-3940,
-2868,
749,
-2011,
-2440,
475,
-507,
-1224,
135,
56,
153,
110,
-592,
358,
222,
-1214,
-32,
166,
-1695,
-377,
694,
-1428,
-1044,
619,
-505,
-742,
343,
-257,
-5658,
1019,
-2386,
-5570,
2440,
919,
-6588,
-715,
2923,
-3146,
-1417,
1747,
-3173,
-3041,
974,
-1061,
-1785,
682,
-275,
-1139,
51,
64,
114,
60,
-502,
287,
37,
-1050,
420,
713,
-998,
310,
1294,
-831,
-792,
326,
-856,
-786,
484,
-186,
-5827,
-274,
-3198,
-5392,
2090,
349,
-6741,
-1470,
2017,
-2900,
-778,
2156,
-2340,
-1993,
1862,
5,
-873,
1034,
-4,
-792,
179,
66,
104,
1,
-499,
379,
172,
-758,
970,
1384,
-521,
512,
1470,
-655,
-741,
381,
-838,
-947,
416,
-168,
-5824,
-555,
-3129,
-4959,
2514,
1310,
-5475,
-990,
2160,
-2415,
-689,
1831,
-2281,
-1878,
1638,
-166,
-1074,
553,
-395,
-894,
190,
97,
71,
-93,
-539,
382,
149,
-982,
330,
507,
-1313,
-166,
893,
-1149,
-1132,
396,
-474,
-865,
147,
-206,
-5884,
-178,
-2440,
-4688,
2365,
1522,
-4829,
-254,
3001,
-1911,
-983,
1312,
-2615,
-2264,
1442,
-57,
-1142,
417,
-275,
-846,
70,
58,
82,
47,
-317,
244,
-187,
-1056,
250,
256,
-1521,
-623,
150,
-1470,
-900,
740,
-31,
-388,
297,
-209,
-5870,
-31,
-2386,
-4893,
2064,
1157,
-5316,
-542,
3256,
-1227,
-187,
1901,
-2395,
-2105,
1820,
271,
-995,
668,
28,
-728,
116,
105,
65,
130,
-101,
354,
-194,
-1035,
287,
309,
-1365,
-279,
641,
-1208,
-1201,
181,
-352,
-446,
321,
-213,
-6181,
-357,
-2566,
-5020,
1868,
820,
-6075,
-1639,
2470,
-1666,
-750,
1567,
-2103,
-1880,
1481,
-122,
-1086,
741,
194,
-597,
78,
52,
76,
87,
-97,
487,
-171,
-1119,
489,
836,
-838,
275,
1343,
-704,
-1067,
351,
-7,
-200,
493,
-197,
-6381,
-697,
-2827,
-4931,
2198,
1160,
-5588,
-854,
3430,
-734,
-186,
1634,
-2017,
-1571,
1531,
-262,
-967,
841,
21,
-687,
137,
55,
95,
88,
-258,
302,
-209,
-1059,
401,
363,
-1485,
-252,
719,
-1461,
-1549,
55,
-503,
-794,
-45,
-198,
-6375,
-731,
-2521,
-4411,
2482,
1499,
-4952,
-398,
3481,
-985,
-712,
1269,
-1822,
-1202,
1754,
-12,
-757,
878,
81,
-545,
216,
70,
83,
15,
-360,
311,
-6,
-865,
364,
344,
-1229,
40,
906,
-1220,
-1402,
-110,
-728,
-807,
72,
-211,
-6341,
-689,
-2431,
-4317,
2696,
2112,
-4308,
-618,
2377,
-2047,
-1218,
1142,
-1764,
-1060,
1875,
91,
-677,
858,
13,
-553,
236,
71,
85,
15,
-305,
519,
257,
-769,
263,
190,
-1294,
50,
792,
-1423,
-1273,
365,
-442,
-749,
313,
-204,
-6457,
-829,
-2764,
-4754,
2213,
1267,
-5330,
-1265,
1921,
-2564,
-1557,
739,
-2435,
-1264,
2239,
-6,
-1347,
422,
-173,
-838,
38,
53,
79,
45,
-209,
700,
626,
-488,
67,
-188,
-1469,
-129,
621,
-1259,
-1092,
168,
-579,
-498,
604,
-236,
-6496,
-576,
-2356,
-4576,
2197,
1376,
-5057,
-994,
2031,
-2607,
-1373,
1196,
-2429,
-1798,
2108,
445,
-999,
634,
176,
-563,
116,
69,
76,
82,
-223,
400,
209,
-632,
289,
256,
-1158,
-204,
520,
-1022,
-792,
248,
-671,
-751,
307,
-218,
-6495,
-561,
-2503,
-4498,
2882,
2103,
-4631,
-384,
2928,
-1954,
-1442,
512,
-2839,
-1501,
2297,
166,
-1066,
850,
202,
-683,
25,
18,
105,
140,
-84,
683,
315,
-828,
126,
264,
-968,
158,
731,
-1033,
-773,
196,
-731,
-440,
656,
-217,
-6661,
-805,
-2944,
-5020,
2506,
1672,
-5411,
-1315,
2306,
-2000,
-1000,
1059,
-2626,
-1893,
1473,
-483,
-1346,
487,
-323,
-973,
-49,
-40,
155,
246,
-5,
875,
478,
-863,
198,
430,
-1081,
97,
1130,
-683,
-731,
500,
-136,
-171,
578,
-208,
-6497,
-581,
-2549,
-4545,
2885,
1971,
-5290,
-1349,
2552,
-1415,
-454,
1655,
-1821,
-1254,
1759,
-360,
-1354,
425,
-191,
-655,
241,
90,
83,
42,
-246,
619,
243,
-1086,
-60,
297,
-918,
367,
1253,
-649,
-668,
440,
-477,
-528,
562,
-216,
-6581,
-684,
-2716,
-4766,
2900,
2369,
-4901,
-1239,
2525,
-1687,
-1046,
1296,
-1591,
-805,
2095,
-63,
-899,
1065,
301,
-559,
199,
105,
66,
49,
-194,
637,
401,
-787,
21,
117,
-1198,
16,
1083,
-531,
-668,
311,
-328,
-282,
564,
-190,
-6590,
-908,
-2986,
-4900,
2892,
2539,
-4617,
-1073,
2566,
-1733,
-1289,
1038,
-1513,
-524,
2178,
-253,
-1175,
888,
300,
-496,
171,
46,
109,
147,
-126,
757,
612,
-607,
196,
417,
-925,
20,
856,
-797,
-769,
507,
-28,
-181,
501,
-184,
-6710,
-1093,
-3250,
-5111,
2748,
2211,
-5177,
-1819,
1477,
-2806,
-1669,
930,
-2220,
-1442,
1730,
-632,
-1814,
474,
249,
-599,
-42,
-47,
136,
125,
-321,
445,
385,
-707,
150,
559,
-512,
429,
1148,
-320,
-61,
1065,
282,
126,
809,
-183,
-6410,
-602,
-2584,
-4323,
3479,
2739,
-4759,
-1400,
1990,
-2007,
-768,
1468,
-1871,
-811,
2522,
100,
-1148,
771,
84,
-702,
125,
65,
89,
14,
-424,
503,
562,
-713,
-159,
88,
-979,
-48,
425,
-1242,
-732,
699,
-124,
-270,
582,
-199,
-6472,
-577,
-2320,
-4027,
3300,
2263,
-4811,
-1324,
1427,
-2723,
-1053,
983,
-2824,
-1612,
2031,
-224,
-1250,
712,
-7,
-613,
267,
85,
92,
-21,
-459,
600,
557,
-872,
-177,
11,
-1353,
-249,
667,
-935,
-592,
759,
-77,
-277,
457,
-211,
-6583,
-658,
-2451,
-4261,
3099,
2240,
-4617,
-966,
1770,
-2601,
-1179,
874,
-2602,
-1204,
2138,
-444,
-1390,
703,
-79,
-662,
313,
103,
105,
67,
-333,
765,
741,
-745,
-39,
152,
-1369,
-312,
690,
-1114,
-1015,
609,
192,
-1,
562,
-215,
-6654,
-571,
-2610,
-4548,
3174,
2125,
-5348,
-1338,
2211,
-2294,
-1305,
1026,
-2250,
-1428,
1509,
-619,
-1144,
656,
-466,
-940,
212,
57,
139,
164,
-311,
566,
437,
-824,
35,
120,
-1234,
62,
745,
-1337,
-968,
783,
223,
118,
781,
-234,
-6772,
-362,
-2451,
-4614,
3198,
2144,
-5318,
-972,
2489,
-2411,
-988,
1956,
-1665,
-1204,
1993,
-332,
-1525,
299,
-290,
-639,
333,
94,
105,
27,
-513,
272,
98,
-1082,
-284,
-415,
-1663,
21,
827,
-1286,
-780,
902,
-69,
-376,
419,
-267,
-6954,
-135,
-2276,
-4652,
3311,
2190,
-5255,
-472,
2676,
-3056,
-1483,
1881,
-1991,
-1413,
2243,
-415,
-2105,
-112,
-536,
-1005,
40,
17,
123,
29,
-525,
434,
488,
-800,
-276,
-388,
-1432,
294,
1063,
-937,
-279,
1352,
242,
-62,
745,
-270,
-6864,
361,
-2230,
-5144,
3293,
2445,
-5429,
-532,
3185,
-2502,
-1398,
1423,
-2501,
-1382,
2427,
-712,
-2518,
-208,
-554,
-1074,
19,
13,
134,
95,
-361,
801,
1049,
-129,
412,
104,
-1177,
494,
1169,
-954,
-208,
1435,
128,
-191,
766,
-323,
-6922,
912,
-1632,
-5079,
3403,
2817,
-5580,
-1204,
2979,
-1936,
-409,
2671,
-1419,
-1051,
2329,
-453,
-1858,
472,
20,
-711,
97,
-3,
134,
45,
-374,
836,
934,
-274,
528,
206,
-1530,
-10,
1082,
-739,
-116,
1445,
273,
-36,
736,
-361,
-7100,
937,
-1677,
-5217,
3460,
2899,
-5556,
-1087,
2839,
-2450,
-736,
2609,
-1670,
-1631,
1502,
-1199,
-2080,
530,
-148,
-931,
74,
11,
146,
129,
-333,
696,
605,
-573,
505,
351,
-1359,
276,
1347,
-711,
-153,
1469,
244,
-40,
862,
-379,
-7193,
1159,
-1541,
-5462,
3213,
2782,
-5685,
-1034,
3065,
-2426,
-930,
2378,
-1862,
-1514,
1902,
-1158,
-2541,
180,
-133,
-777,
235,
88,
119,
106,
-374,
616,
543,
-816,
71,
197,
-1283,
-101,
532,
-1293,
-366,
1334,
197,
138,
1145,
-388,
-7184,
1365,
-1342,
-5549,
3067,
2937,
-5387,
-900,
3195,
-1998,
-357,
2600,
-2165,
-1891,
1894,
-945,
-2383,
346,
67,
-699,
207,
77,
114,
86,
-344,
776,
880,
-365,
365,
19,
-1826,
-405,
747,
-1015,
-346,
1336,
272,
123,
1085,
-398,
-7519,
1287,
-1381,
-5592,
3685,
4072,
-4941,
-1276,
3080,
-1654,
-210,
2440,
-2501,
-2396,
1661,
-554,
-1856,
448,
-198,
-1041,
-28,
3,
141,
156,
-245,
906,
1025,
-287,
480,
491,
-1153,
-84,
793,
-754,
62,
1617,
475,
221,
995,
-416,
-7476,
1389,
-1324,
-5699,
3298,
3534,
-5110,
-986,
3281,
-1615,
23,
2775,
-2202,
-2085,
1746,
-757,
-1986,
439,
-232,
-1011,
38,
4,
153,
145,
-352,
766,
780,
-681,
49,
-89,
-1926,
-670,
553,
-929,
-202,
1275,
65,
-117,
886,
