-691,
-9029,
3691,
2049,
-5442,
2059,
3062,
-5100,
-802,
2891,
-3168,
-1264,
2945,
-941,
-349,
2798,
-1077,
-2332,
984,
345,
-755,
278,
115,
107,
-95,
-841,
454,
611,
-1150,
-186,
439,
-1139,
113,
1291,
-764,
-529,
1127,
-27,
-621,
145,
-693,
-9290,
3297,
1519,
-5718,
2494,
3780,
-4817,
-663,
3430,
-2527,
-795,
3382,
-775,
-546,
2830,
-696,
-2147,
881,
216,
-885,
171,
89,
113,
-84,
-867,
449,
795,
-971,
-189,
686,
-546,
372,
1146,
-549,
226,
1826,
241,
-601,
214,
-688,
-9318,
3173,
1630,
-5623,
2178,
3639,
-4632,
-1048,
2634,
-2729,
-612,
3316,
-830,
-417,
2806,
-901,
-2308,
847,
295,
-788,
200,
84,
123,
-5,
-709,
538,
772,
-937,
-109,
666,
-605,
388,
1182,
-638,
-129,
1267,
-182,
-681,
298,
-702,
-9356,
3215,
1537,
-5728,
2126,
3284,
-4972,
-950,
2504,
-3309,
-910,
3162,
-1406,
-1105,
2319,
-1204,
-2259,
1087,
368,
-769,
298,
138,
97,
-65,
-667,
693,
774,
-972,
104,
718,
-948,
186,
1272,
-517,
38,
1325,
-348,
-720,
349,
-696,
-9391,
3276,
1905,
-5316,
2232,
3175,
-5339,
-1514,
2385,
-2934,
-874,
2536,
-2321,
-1773,
2450,
-411,
-1630,
1261,
368,
-824,
244,
133,
99,
-3,
-568,
713,
724,
-1222,
-385,
420,
-959,
48,
1041,
-662,
-228,
1039,
-351,
-635,
291,
-716,
-9412,
3539,
2269,
-5187,
2059,
2723,
-5805,
-1492,
2677,
-3104,
-1228,
2788,
-1689,
-1225,
3036,
-69,
-1962,
737,
131,
-1001,
75,
117,
69,
-128,
-739,
421,
440,
-1289,
-354,
433,
-850,
336,
1369,
-657,
-577,
978,
116,
-234,
468,
-722,
-9415,
3734,
2392,
-5557,
1285,
1919,
-6507,
-2022,
2465,
-3110,
-1276,
2711,
-1721,
-1330,
2776,
-426,
-2338,
432,
-47,
-1103,
17,
109,
61,
-172,
-801,
318,
282,
-1375,
-217,
692,
-803,
85,
1153,
-658,
-595,
850,
81,
-183,
384,
-700,
-9257,
3789,
2387,
-5604,
940,
1284,
-6920,
-2000,
2577,
-2978,
-840,
3224,
-1807,
-2115,
2001,
-678,
-2397,
131,
-392,
-1213,
9,
98,
55,
-241,
-766,
566,
287,
-1737,
-270,
1054,
-724,
-198,
1067,
-366,
-58,
1388,
164,
-636,
-53,
-681,
-8933,
3875,
2013,
-6333,
256,
929,
-7211,
-2443,
2226,
-3268,
-1264,
3114,
-1268,
-1464,
2318,
-536,
-2297,
224,
-216,
-1008,
139,
145,
38,
-243,
-756,
511,
359,
-1477,
-369,
382,
-1282,
-198,
1294,
-209,
-27,
1191,
-134,
-670,
211,
-672,
-8729,
4042,
1857,
-6599,
284,
1137,
-6779,
-1453,
3212,
-3215,
-1730,
3312,
-241,
-445,
2726,
-629,
-2517,
96,
-202,
-919,
185,
144,
40,
-252,
-787,
385,
61,
-1738,
-434,
289,
-1408,
-49,
1572,
-158,
-35,
1423,
270,
-273,
503,
-668,
-8758,
4109,
2094,
-6297,
398,
1209,
-6249,
-849,
2903,
-3988,
-1689,
3830,
-213,
-422,
3296,
-143,
-2393,
282,
-43,
-1050,
10,
106,
48,
-223,
-786,
284,
-55,
-1732,
-236,
590,
-1181,
194,
1977,
72,
-296,
964,
-55,
-446,
491,
-691,
-8869,
4059,
2167,
-5929,
899,
1368,
-6165,
-207,
3869,
-3369,
-1807,
3015,
-923,
-359,
3538,
-322,
-2590,
292,
-94,
-1182,
-119,
23,
92,
-187,
-829,
328,
42,
-1566,
236,
1215,
-717,
456,
1833,
-521,
-767,
867,
-117,
-536,
465,
-698,
-8800,
4185,
2195,
-6189,
596,
1478,
-5876,
-392,
3298,
-3692,
-1759,
3074,
-1125,
-871,
2984,
-419,
-2180,
653,
-107,
-1296,
-114,
42,
98,
-102,
-707,
423,
190,
-1202,
844,
1706,
-819,
-164,
1149,
-1031,
-983,
970,
2,
-554,
545,
-701,
-9065,
3908,
1709,
-6887,
124,
1134,
-6775,
-1608,
2751,
-3765,
-2400,
1920,
-2074,
-1653,
2210,
-824,
-2200,
559,
-378,
-1530,
-244,
-5,
120,
-50,
-668,
435,
244,
-1076,
881,
1589,
-917,
-256,
899,
-1371,
-1293,
755,
86,
-228,
648,
-696,
-9047,
3914,
1696,
-6991,
-216,
671,
-6948,
-1399,
3120,
-3147,
-1556,
2400,
-2083,
-1460,
2829,
-253,
-1853,
836,
-147,
-1338,
-69,
76,
80,
-166,
-787,
398,
210,
-1270,
581,
1197,
-1617,
-1152,
308,
-1536,
-1334,
730,
55,
-431,
360,
-677,
-8614,
4572,
2372,
-6478,
231,
1196,
-6357,
-533,
4483,
-1891,
-1203,
2244,
-1900,
-1089,
2936,
-191,
-1635,
1003,
-116,
-1387,
-178,
19,
91,
-205,
-781,
607,
533,
-961,
873,
1560,
-1034,
-393,
966,
-1048,
-854,
1169,
282,
-390,
466,
-500,
-7387,
5643,
2463,
-7655,
-1628,
-434,
-7412,
-862,
5077,
-1124,
-1434,
1100,
-3343,
-2879,
1078,
-1333,
-2090,
705,
-283,
-1399,
-260,
-87,
168,
2,
-638,
586,
336,
-1265,
731,
1931,
-235,
326,
1418,
-732,
-859,
724,
-133,
-396,
630,
-413,
-6948,
5752,
2455,
-7646,
-1808,
-426,
-6994,
-592,
5322,
-102,
7,
1849,
-3245,
-2488,
1938,
-723,
-1974,
831,
-33,
-1356,
-324,
-70,
143,
14,
-612,
229,
-125,
-1141,
1125,
2032,
-122,
611,
1479,
-889,
-1010,
506,
-291,
-258,
821,
-317,
-5590,
5703,
1839,
-6989,
-747,
-772,
-8469,
-1725,
5147,
48,
-505,
621,
-4116,
-2247,
2660,
-656,
-2652,
349,
169,
-950,
-162,
-64,
152,
66,
-462,
490,
135,
-1001,
1114,
1818,
-596,
206,
1733,
-9,
-205,
846,
-199,
-158,
935,
-163,
-4217,
5267,
407,
-6986,
278,
-810,
-9355,
-1513,
6487,
632,
-960,
633,
-3512,
-2080,
2606,
-330,
-2357,
297,
69,
-954,
-123,
-29,
129,
19,
-469,
565,
179,
-1286,
738,
1912,
-428,
-136,
1420,
21,
-399,
523,
-166,
-66,
816,
-86,
-3555,
4347,
-374,
-6522,
268,
-1376,
-9344,
-1460,
6149,
130,
-1648,
407,
-3166,
-2344,
2020,
-140,
-2150,
-114,
-164,
-880,
-162,
-63,
127,
48,
-318,
657,
344,
-907,
792,
1675,
-280,
127,
1374,
183,
85,
713,
-317,
-117,
973,
-56,
-3206,
4394,
-935,
-6316,
1364,
-1641,
-10303,
-732,
6863,
-763,
-1744,
1615,
-2867,
-2666,
2302,
124,
-2188,
-39,
-110,
-858,
-71,
-47,
142,
28,
-450,
657,
278,
-1271,
638,
1726,
-525,
-17,
1544,
-17,
-395,
625,
-226,
-248,
839,
-45,
-3095,
4221,
-929,
-6064,
1385,
-1692,
-10237,
-778,
6857,
-683,
-1834,
1691,
-2475,
-2557,
2115,
126,
-2083,
79,
124,
-738,
-124,
-62,
130,
18,
-436,
516,
152,
-1163,
628,
1548,
-439,
137,
1380,
-197,
-379,
584,
-310,
-189,
911,
-43,
-3208,
3779,
-918,
-5991,
608,
-2291,
-10168,
-1332,
5903,
-958,
-2094,
964,
-3007,
-2985,
1477,
-347,
-2335,
-151,
-15,
-859,
-273,
-108,
138,
77,
-283,
650,
394,
-730,
906,
1661,
-183,
390,
1516,
68,
-14,
905,
21,
50,
935,
-46,
-3075,
4180,
-989,
-5947,
1356,
-2164,
-10361,
-375,
6588,
-1401,
-1651,
2121,
-2889,
-2971,
2224,
8,
-2354,
203,
320,
-795,
-217,
-73,
124,
-7,
-395,
691,
326,
-1091,
665,
1466,
-689,
-14,
1451,
-47,
-196,
796,
-134,
-100,
845,
-47,
-3023,
4061,
-813,
-5733,
1110,
-2067,
-9591,
39,
6520,
-1313,
-1541,
2250,
-2458,
-2624,
2309,
197,
-2195,
147,
362,
-618,
-124,
-50,
114,
20,
-319,
567,
72,
-1103,
696,
1186,
-980,
-38,
1440,
-198,
-297,
829,
-143,
-279,
651,
-43,
-3079,
3873,
-1167,
-6163,
889,
-1928,
-9567,
-555,
5715,
-1663,
-1583,
2089,
-2707,
-2899,
1895,
-215,
-2371,
92,
236,
-753,
-184,
-71,
134,
100,
-233,
657,
209,
-990,
753,
1370,
-586,
369,
1742,
63,
-94,
938,
-38,
-147,
750,
-37,
-3085,
4024,
-1279,
-6282,
1196,
-1973,
-10158,
-537,
6339,
-1403,
-1552,
2178,
-2904,
-3108,
2117,
27,
-2404,
94,
328,
-766,
-242,
-73,
117,
56,
-184,
745,
118,
-1170,
782,
1497,
-676,
170,
1752,
256,
-42,
741,
-178,
-48,
830,
-42,
-3124,
4095,
-926,
-5928,
1199,
-2113,
-10140,
-302,
6759,
-1156,
-1752,
1950,
-2832,
-3000,
2181,
190,
-2255,
141,
356,
-736,
-208,
-47,
103,
37,
-216,
643,
-27,
-1347,
590,
1372,
-733,
175,
1774,
61,
-398,
628,
-114,
-142,
685,
-49,
-3221,
4076,
-711,
-5887,
887,
-2085,
-9808,
-517,
6351,
-984,
-1604,
1598,
-2943,
-2653,
2315,
-24,
-2449,
70,
356,
-700,
-197,
-59,
115,
68,
-200,
651,
-13,
-1369,
559,
1497,
-495,
266,
1753,
134,
-322,
615,
-82,
-80,
667,
-46,
-3186,
4000,
-814,
-5857,
948,
-2184,
-9950,
-511,
6347,
-1185,
-1835,
1506,
-2984,
-2663,
2395,
-5,
-2595,
-43,
389,
-664,
-217,
-70,
119,
102,
-130,
683,
10,
-1259,
660,
1499,
-456,
401,
1877,
250,
-178,
697,
-90,
-82,
727,
-53,
-3249,
3996,
-1051,
-6134,
977,
-2321,
-10527,
-1097,
5812,
-1769,
-2225,
1201,
-3456,
-3113,
2054,
-356,
-2866,
-183,
289,
-761,
-323,
-126,
138,
133,
42,
1008,
198,
-1072,
1096,
1789,
-433,
623,
2216,
426,
77,
1029,
56,
16,
857,
-83,
-3283,
4666,
-425,
-6186,
1099,
-1487,
-9748,
-936,
5788,
-1423,
-1707,
1383,
-3378,
-2634,
2575,
-205,
-2645,
310,
579,
-747,
-274,
-70,
119,
132,
-28,
795,
114,
-935,
1060,
1411,
-808,
368,
1926,
263,
122,
918,
-249,
-132,
838,
-138,
-3679,
5129,
729,
-5541,
953,
-1525,
-9327,
-674,
5623,
-1468,
-1186,
2107,
-3105,
-2824,
2406,
-169,
-2456,
638,
839,
-736,
-331,
-67,
108,
108,
-108,
634,
94,
-771,
1133,
1344,
-886,
224,
1603,
-196,
-173,
1080,
90,
-95,
694,
-244,
-4322,
4590,
595,
-5525,
1454,
-9,
-8150,
-1107,
4880,
-1758,
-2175,
916,
-2881,
-1875,
2551,
-717,
-3025,
264,
679,
-815,
-402,
-74,
91,
62,
-17,
952,
518,
-471,
1342,
1693,
-563,
363,
1938,
311,
-54,
921,
113,
37,
814,
-337,
-4929,
3803,
474,
-5381,
1607,
1571,
-5736,
-337,
4375,
-1713,
-1453,
2141,
-1729,
-2032,
1959,
-27,
-1919,
425,
413,
-846,
-319,
-36,
82,
70,
-115,
795,
719,
-346,
619,
916,
-570,
365,
1617,
221,
-78,
697,
-93,
-194,
648,
-336,
-5659,
2081,
-987,
-5787,
1690,
2528,
-3635,
1244,
4646,
-1405,
-597,
2759,
-1570,
-2240,
1397,
-484,
-2111,
20,
-135,
-1008,
-197,
2,
92,
100,
-173,
772,
832,
-331,
460,
876,
-379,
572,
1710,
182,
-311,
329,
-397,
-329,
611,
-298,
-5903,
992,
-1739,
-6200,
740,
2232,
-2959,
1228,
4230,
-1244,
-564,
2904,
-641,
-1663,
1193,
-612,
-2372,
-540,
-320,
-923,
-205,
30,
40,
1,
-159,
564,
440,
-617,
-31,
365,
-343,
586,
1251,
19,
63,
582,
-429,
-467,
309,
-293,
-6174,
256,
-2064,
-6267,
152,
1967,
-2686,
837,
3683,
-1069,
-780,
2018,
-1115,
-1980,
749,
-358,
-1776,
-537,
-440,
-737,
-145,
-49,
102,
149,
-92,
425,
358,
-270,
278,
139,
-646,
418,
843,
-386,
64,
742,
-269,
-232,
484,
-291,
-6360,
-101,
-2093,
-6326,
-691,
1039,
-2926,
643,
3058,
-1910,
-1876,
887,
-1769,
-2337,
378,
-430,
-1427,
-229,
-460,
-877,
-184,
-38,
99,
145,
-160,
381,
523,
-13,
629,
827,
78,
795,
1237,
177,
409,
1005,
171,
84,
608,
-298,
-6378,
73,
-1265,
-5180,
-330,
578,
-3064,
1237,
3863,
-1108,
-1140,
1286,
-1446,
-1611,
1077,
-354,
-1502,
192,
197,
-466,
-38,
-16,
104,
184,
-188,
270,
558,
304,
1023,
908,
-388,
48,
710,
-41,
280,
890,
13,
-188,
392,
-292,
-6305,
11,
-1226,
-4839,
244,
1157,
-3095,
306,
3004,
-929,
-345,
1907,
-1173,
-1595,
1113,
-4,
-1020,
520,
376,
-446,
-129,
-44,
100,
219,
28,
386,
340,
74,
777,
371,
-713,
364,
1043,
-116,
149,
757,
-300,
-404,
470,
-290,
-6406,
-145,
-1528,
-5111,
557,
2038,
-2419,
553,
3010,
-1573,
-1469,
1416,
-1055,
-1678,
1147,
437,
-847,
381,
433,
-336,
-127,
-17,
63,
159,
24,
143,
-69,
-80,
759,
375,
-326,
1035,
1438,
-23,
313,
1075,
-5,
-269,
421,
-284,
-6556,
-491,
-1820,
-5326,
95,
1397,
-2968,
33,
2502,
-1980,
-1936,
954,
-1201,
-1886,
268,
-703,
-1506,
73,
107,
-572,
-190,
-29,
72,
175,
58,
283,
-14,
-342,
467,
268,
-612,
533,
1242,
34,
60,
563,
-251,
-130,
680,
-293,
-6768,
-560,
-1756,
-5440,
-481,
354,
-4012,
-343,
2752,
-1811,
-1919,
1307,
-800,
-2027,
-49,
-614,
-1224,
194,
156,
-448,
-30,
62,
6,
-107,
-373,
-68,
-223,
-665,
-25,
-208,
-1202,
-256,
624,
-299,
-234,
420,
-149,
-145,
436,
-304,
-6587,
-133,
-1257,
-5035,
-69,
734,
-3913,
-447,
2733,
-1901,
-2467,
393,
-1577,
-2320,
55,
-531,
-1464,
-183,
-45,
-512,
-120,
-13,
66,
141,
-34,
135,
-219,
-757,
-171,
-239,
-960,
-138,
269,
-596,
81,
1082,
465,
351,
765,
-308,
-6572,
-5,
-1076,
-4705,
599,
1536,
-3410,
-504,
2142,
-2585,
-2807,
166,
-2014,
-2583,
354,
-38,
-1313,
-419,
-376,
-701,
-155,
-5,
57,
96,
-74,
229,
-24,
-694,
-252,
-213,
-809,
-127,
108,
-644,
227,
1152,
316,
151,
648,
-308,
-6551,
-15,
-1277,
-5189,
112,
1330,
-3606,
-979,
1644,
-3008,
-3414,
-386,
-2100,
-2512,
255,
9,
-1003,
-224,
-393,
-710,
-118,
11,
50,
70,
-135,
60,
-365,
-1046,
-364,
-109,
-709,
-82,
254,
-321,
557,
1254,
167,
-49,
561,
-310,
-6561,
-10,
-1157,
-5023,
307,
1726,
-3261,
-1140,
1273,
-2951,
-2961,
-29,
-2080,
-2706,
11,
-280,
-1247,
-191,
-158,
-594,
-161,
-21,
53,
-4,
-305,
10,
-169,
-876,
-398,
-207,
-860,
-226,
288,
-473,
-117,
635,
73,
9,
522,
-319,
-6560,
121,
-1043,
-4995,
262,
1524,
-3525,
-1429,
830,
-3228,
-2774,
258,
-1836,
-2319,
187,
-501,
-1335,
2,
-38,
-578,
-134,
-14,
57,
23,
-245,
87,
-123,
-778,
-265,
-229,
-841,
-6,
177,
-1059,
-472,
690,
41,
-189,
397,
-311,
-6584,
-8,
-1268,
-5044,
560,
2130,
-2650,
-773,
710,
-3494,
-2295,
1097,
-1174,
-1612,
977,
229,
-593,
518,
52,
-541,
30,
62,
37,
-17,
-320,
3,
-215,
-780,
-119,
-248,
-1139,
-209,
132,
-1138,
-437,
831,
-23,
-427,
205,
-317,
-6696,
-35,
-1377,
-5218,
600,
2224,
-2682,
-466,
1411,
-3103,
-2154,
1640,
-533,
-1428,
964,
183,
-875,
207,
-35,
-555,
-16,
30,
63,
75,
-271,
62,
10,
-728,
-530,
-725,
-1532,
-740,
-128,
-791,
-68,
862,
18,
-247,
411,
-327,
-6765,
-55,
-1782,
-5876,
28,
1339,
-3492,
-64,
2453,
-2653,
-1984,
1708,
-1242,
-2440,
500,
-217,
-1524,
-39,
154,
-491,
-79,
27,
55,
101,
-207,
-28,
-241,
-936,
-512,
-310,
-841,
-339,
-256,
-990,
-5,
1041,
175,
-189,
270,
-379,
-7085,
329,
-1639,
-6266,
-96,
1021,
-4197,
-194,
2570,
-3045,
-2385,
1487,
-1406,
-2159,
819,
-553,
-2037,
-278,
-26,
-623,
-145,
-19,
71,
64,
-141,
355,
63,
-728,
-110,
-418,
-1660,
-650,
200,
-607,
152,
969,
-183,
-255,
598,
-402,
-7035,
873,
-1311,
-6289,
72,
916,
-4628,
204,
3790,
-2210,
-2326,
1224,
-1401,
-1769,
969,
-676,
-1731,
219,
78,
-591,
10,
21,
79,
45,
-249,
352,
4,
-977,
-114,
-177,
-1543,
-478,
406,
-771,
-117,
1022,
64,
70,
904,
-451,
-7266,
1361,
-814,
-6198,
464,
1486,
-4502,
-4,
3312,
-2846,
-2626,
972,
-2206,
-2618,
784,
-280,
-1083,
756,
260,
-547,
102,
65,
60,
-69,
-487,
194,
19,
-972,
-211,
-313,
-1698,
-782,
-127,
-1206,
-209,
847,
-502,
-502,
605,
-477,
-7429,
1645,
-550,
-6239,
469,
1463,
-4489,
566,
4172,
-2190,
-1853,
1852,
-1696,
-2253,
1213,
-167,
-1175,
881,
443,
-522,
98,
83,
40,
-166,
-597,
247,
144,
-963,
-48,
152,
-1311,
-594,
9,
-1208,
-190,
1178,
-155,
-390,
748,
-523,
-7495,
2335,
168,
-6061,
587,
1342,
-5223,
-89,
4011,
-2212,
-1685,
2325,
-1268,
-2033,
1243,
-333,
-1272,
957,
388,
-695,
74,
123,
31,
-72,
-420,
257,
-47,
-1054,
97,
239,
-1323,
-199,
786,
-894,
-559,
867,
-134,
-463,
602,
-532,
-7632,
2519,
175,
-6246,
704,
1254,
-5812,
-238,
4489,
-2004,
-1902,
2141,
-1356,
-2126,
1183,
-311,
-1256,
755,
45,
-841,
143,
177,
6,
-128,
-455,
202,
-166,
-1034,
308,
327,
-1377,
-301,
297,
-1707,
-1069,
721,
-214,
-444,
647,
-561,
-7724,
3007,
183,
-6937,
592,
1686,
-5535,
147,
4853,
-2017,
-1905,
1964,
-2141,
-2843,
842,
-849,
-1794,
634,
-19,
-993,
97,
175,
11,
-193,
-681,
119,
-106,
-1224,
183,
628,
-1210,
-479,
342,
-1463,
-1048,
701,
-13,
-199,
766,
-589,
-7936,
3097,
173,
-7147,
590,
1773,
-5565,
-60,
4189,
-2654,
-1781,
2104,
-2623,
-3010,
1259,
-764,
-2082,
488,
-114,
-1135,
19,
136,
47,
-88,
-608,
195,
-39,
-1128,
535,
1061,
-1038,
-284,
785,
-1097,
-780,
1078,
238,
-221,
717,
-623,
-8294,
3136,
261,
-7143,
947,
2369,
-5039,
275,
4174,
-2550,
-1016,
2934,
-2247,
-2780,
1350,
-856,
-2040,
504,
-316,
-1222,
59,
119,
68,
-121,
-722,
193,
-114,
-1264,
813,
1555,
-907,
-489,
470,
-1255,
-499,
1435,
266,
-256,
708,
-654,
-8502,
3599,
1280,
-6579,
772,
2213,
-4980,
178,
4306,
-1810,
-250,
3417,
-1814,
-2740,
869,
-971,
-1519,
867,
-288,
-1098,
216,
138,
80,
-75,
-573,
533,
159,
-1243,
770,
1487,
-1073,
-627,
280,
-1748,
-1133,
957,
-93,
-546,
579,
-675,
-8574,
3900,
1954,
-6075,
684,
1606,
-5779,
-294,
4515,
-1346,
-114,
3455,
-1340,
-1829,
1774,
-515,
-1505,
875,
-121,
-984,
226,
135,
85,
-39,
-545,
496,
26,
-1641,
150,
1147,
-890,
-168,
849,
-1182,
-716,
1347,
334,
-304,
637,
-671,
-8589,
4240,
2520,
-5756,
539,
1115,
-6542,
-1282,
3679,
-1647,
-189,
3143,
-1612,
-1750,
1796,
-816,
-1790,
764,
-197,
-1017,
261,
162,
65,
-128,
-609,
631,
253,
-1605,
-71,
739,
-1320,
-233,
1351,
-527,
-502,
1038,
-109,
-583,
491,
-674,
-8685,
4155,
2398,
-5999,
386,
1258,
-6442,
-1613,
3031,
-2406,
-845,
2996,
-1174,
-1113,
2332,
-520,
-1760,
716,
-201,
-1014,
282,
176,
78,
3,
-500,
490,
52,
-1624,
-11,
718,
-1465,
-352,
1508,
-192,
-247,
1269,
148,
-352,
838,
-678,
-8662,
4122,
2302,
-6032,
634,
1756,
-6191,
-1980,
2301,
-3189,
-1765,
1992,
-1810,
-1156,
2547,
-478,
-1944,
486,
-448,
-1308,
65,
115,
96,
34,
-514,
453,
178,
-1427,
-100,
537,
-1302,
-207,
1159,
-582,
-179,
1505,
227,
-354,
814,
-677,
-8557,
4467,
2892,
-5270,
1368,
2169,
-6053,
-1977,
1806,
-4197,
-2299,
2362,
-1461,
-1336,
2379,
-531,
-2296,
42,
-555,
-1231,
80,
114,
82,
-32,
-541,
473,
66,
-1752,
-345,
703,
-1054,
-551,
354,
-1073,
-193,
1539,
155,
-496,
539,
-663,
-8461,
4630,
3241,
-4454,
2479,
2888,
-5797,
-1757,
1755,
-4747,
-2723,
2260,
-1817,
-1835,
2228,
-614,
-2477,
247,
-37,
-988,
62,
115,
71,
3,
-427,
417,
-126,
-1774,
-253,
787,
-825,
-262,
408,
-1241,
-441,
1333,
256,
-61,
928,
-644,
-8299,
4706,
3351,
-4357,
2504,
3109,
-5519,
-1863,
1443,
-5033,
-3107,
2060,
-1672,
-1895,
1971,
-377,
-1862,
598,
57,
-886,
141,
136,
57,
-57,
-443,
550,
114,
-1559,
-238,
558,
-924,
217,
1219,
-764,
-310,
1581,
553,
-39,
832,
-636,
-8200,
4785,
3379,
-4408,
2197,
2593,
-5704,
-1471,
1958,
-4804,
-3242,
1728,
-1693,
-1504,
2066,
-890,
-2516,
66,
-309,
-961,
209,
144,
69,
-30,
-412,
605,
45,
-1658,
-96,
592,
-1344,
-122,
1324,
-649,
-371,
1586,
542,
-271,
528,
-662,
-8250,
4677,
3056,
-4752,
2233,
2888,
-5500,
-1327,
2162,
-4523,
-2837,
2115,
-1475,
-1231,
2429,
-816,
-2702,
7,
-308,
-1110,
47,
88,
104,
119,
-233,
747,
290,
-1253,
355,
933,
-1408,
-697,
694,
-944,
-507,
1455,
596,
3,
804,
-652,
-8329,
4443,
2833,
-4865,
2276,
3121,
-5456,
-1594,
2354,
-3648,
-2171,
2282,
-1213,
-814,
2657,
-677,
-2486,
134,
-398,
-1318,
-143,
-1,
149,
200,
-225,
785,
339,
-1522,
-125,
799,
-1293,
-821,
566,
-679,
-111,
1636,
541,
-188,
688,
-653,
-8413,
4195,
2436,
-5334,
1531,
2206,
-5655,
-894,
2902,
-3678,
-2375,
1874,
-1828,
-1333,
2115,
-1218,
-2585,
312,
-410,
-1461,
-275,
-81,
185,
180,
-364,
766,
453,
-1331,
194,
1043,
-1140,
-376,
1258,
-95,
321,
1883,
598,
-70,
869,
-653,
-8225,
4292,
2383,
-5318,
1683,
2366,
-5257,
-122,
3477,
-3705,
-2712,
1464,
-2256,
-1577,
2135,
-994,
-2153,
820,
32,
-1045,
35,
-3,
183,
226,
-340,
734,
339,
-1534,
19,
889,
-1369,
-581,
1072,
-521,
-336,
1351,
402,
2,
995,
-625,
-8008,
4485,
2136,
-6417,
101,
1180,
-5960,
-815,
2816,
-4222,
-3273,
923,
-2736,
-2349,
1027,
-2035,
-2889,
456,
-13,
-1030,
-8,
-19,
184,
253,
-281,
653,
147,
-1571,
69,
838,
-1325,
-387,
964,
-1082,
-797,
1408,
751,
271,
1071,
-601,
-7708,
4658,
1741,
-6943,
321,
2091,
-4950,
-93,
3183,
-3624,
-2013,
2094,
-2296,
-2225,
1137,
-2010,
-2797,
648,
167,
-823,
155,
20,
165,
109,
-515,
513,
-2,
-1700,
247,
1122,
-1136,
97,
1635,
-956,
-1175,
1216,
923,
549,
1311,
-581,
-7540,
4840,
1882,
-6930,
318,
2447,
-4268,
296,
2996,
-3970,
-2162,
2089,
-2176,
-1891,
1545,
-1734,
-2579,
929,
415,
-674,
245,
43,
173,
182,
-448,
536,
-10,
-1796,
270,
1478,
-973,
-398,
1112,
-910,
-955,
1257,
933,
538,
1250,
-599,
-7516,
5053,
2567,
-6123,
555,
2034,
-4937,
-198,
2781,
-4307,
-2484,
2522,
-1404,
-1738,
1540,
-1242,
-2074,
1146,
557,
-677,
124,
4,
179,
214,
-471,
295,
-178,
-1673,
309,
1335,
-1045,
-488,
1012,
-791,
-834,
1101,
686,
321,
937,
-624,
-7736,
5065,
2717,
-6012,
907,
2722,
-4570,
-523,
2381,
-4403,
-2755,
2044,
-1426,
-1314,
1829,
-1105,
-1884,
1230,
476,
-779,
28,
-51,
201,
221,
-500,
300,
-142,
-1691,
108,
1124,
-744,
283,
1568,
-583,
-643,
1094,
294,
-44,
875,
-607,
-7798,
4826,
2676,
-5679,
1205,
2788,
-4579,
-649,
2090,
-4666,
-2856,
2117,
-1233,
-1195,
1789,
-1189,
-2071,
802,
29,
-929,
114,
17,
170,
158,
-577,
138,
-469,
-2199,
-434,
852,
-678,
305,
1268,
-969,
-812,
1145,
455,
148,
1044,
-582,
-7696,
4841,
2823,
-5390,
1381,
2933,
-4540,
-1191,
1302,
-4785,
-2498,
2191,
-1270,
-1041,
1691,
-1686,
-2514,
506,
-301,
-1148,
136,
85,
132,
125,
-417,
501,
-97,
-2003,
-468,
549,
-1255,
-404,
676,
-1182,
-557,
1616,
808,
327,
1135,
-549,
-7647,
4601,
2767,
-5132,
1196,
2066,
-5591,
-2166,
581,
-5009,
-2452,
2144,
-1386,
-1203,
1301,
-2366,
-3338,
-169,
-597,
-1181,
122,
62,
152,
259,
-49,
987,
229,
-1794,
-220,
717,
-1176,
-121,
1220,
-578,
98,
2289,
1233,
482,
1319,
-550,
-7516,
4673,
2810,
-4847,
1734,
2385,
-5608,
-1977,
1068,
-4771,
-2437,
2411,
-1079,
-1305,
1029,
-2448,
-3239,
97,
-226,
-927,
230,
113,
119,
185,
-158,
672,
-218,
-2085,
-366,
558,
-1365,
-449,
671,
-1171,
-461,
1652,
607,
67,
1101,
-584,
-7635,
4439,
2519,
-4885,
2062,
2796,
-5206,
-1528,
1480,
-4107,
-1271,
3331,
-960,
-1193,
1701,
-1792,
-2936,
291,
-190,
-1112,
106,
119,
107,
229,
-32,
710,
-207,
-1934,
-232,
559,
-1304,
-431,
284,
-1699,
-578,
1738,
403,
-290,
891,
-608,
-7880,
4370,
2252,
-5370,
2047,
3186,
-5162,
-1785,
1436,
-4059,
-1344,
3610,
7,
-117,
2411,
-1027,
-1982,
768,
-300,
-1229,
98,
83,
133,
195,
-166,
798,
43,
-1759,
159,
1157,
-1137,
-664,
383,
-1146,
-72,
1918,
300,
-560,
614,
-632,
-8167,
3868,
1752,
-5603,
2069,
3321,
-4993,
-1831,
925,
-4645,
-1438,
3592,
-665,
-982,
2172,
-958,
-2194,
468,
-438,
-1304,
84,
117,
107,
144,
-274,
539,
-208,
-1903,
-46,
938,
-1153,
-471,
760,
-683,
62,
1535,
-152,
-690,
639,
-626,
-8113,
4198,
2089,
-5674,
2014,
3683,
-5083,
-2774,
253,
-4892,
-2396,
2097,
-1704,
-1541,
2099,
-325,
-1563,
471,
-578,
-1230,
116,
76,
137,
193,
-248,
573,
-202,
-2007,
-258,
718,
-1309,
-495,
895,
-702,
-367,
1169,
-25,
-520,
444,
-599,
-7903,
4444,
2272,
-5685,
2002,
3926,
-5010,
-3145,
2,
-4999,
-3072,
1121,
-1944,
-956,
2664,
-288,
-1655,
816,
-58,
-1101,
-11,
43,
122,
133,
-164,
895,
121,
-1972,
-275,
999,
-1041,
-442,
1098,
-449,
-305,
1484,
512,
-429,
308,
-619,
-8064,
4353,
2376,
-5432,
2108,
3740,
-5113,
-2973,
19,
-5204,
-3014,
1335,
-2120,
-1366,
2558,
-75,
-1385,
1082,
193,
-956,
17,
40,
115,
54,
-330,
773,
174,
-1831,
-276,
840,
-1186,
-591,
908,
-471,
-200,
1393,
360,
-341,
394,
-641,
-8304,
4399,
2832,
-4448,
3294,
4351,
-4858,
-2429,
359,
-5290,
-2672,
1937,
-2313,
-2274,
1622,
-791,
-1673,
1171,
188,
-1133,
-69,
42,
108,
10,
-474,
533,
-60,
-1958,
-289,
878,
-990,
-197,
1060,
-833,
-647,
1153,
135,
-582,
223,
-625,
-8250,
4378,
2933,
-4232,
3369,
4307,
-4745,
-1814,
1366,
-4900,
-3275,
1628,
-1799,
-2202,
913,
-1160,
-1520,
1160,
45,
-1081,
57,
84,
95,
7,
-354,
815,
127,
-2185,
-711,
852,
-665,
-181,
635,
-1256,
-873,
1116,
274,
-454,
239,
-604,
-8060,
4527,
2855,
-4607,
2828,
3761,
-5338,
-2524,
851,
-4802,
-2794,
1758,
-2300,
-2889,
598,
-1048,
-1392,
1095,
42,
-901,
206,
118,
82,
-37,
-390,
771,
67,
-2038,
-399,
839,
-1072,
-568,
301,
-1692,
-1172,
1150,
464,
-296,
331,
-593,
-8136,
4674,
3111,
-4604,
2578,
3538,
-5523,
-2671,
927,
-4877,
-3692,
508,
-2790,
-2725,
551,
-1313,
-1435,
1159,
-30,
-996,
198,
124,
98,
105,
-196,
746,
-125,
-2069,
-323,
829,
-944,
-198,
604,
-1510,
-968,
1235,
396,
-282,
418,
-594,
-8338,
4298,
2733,
-4951,
2006,
2826,
-5856,
-2529,
1024,
-5257,
-4527,
-390,
-3287,
-2814,
461,
-1606,
-1868,
679,
-360,
-1082,
190,
112,
97,
60,
-193,
859,
-119,
-2164,
-233,
1052,
-747,
56,
805,
-1578,
-1155,
1107,
322,
-185,
737,
-602,
-8235,
4318,
2591,
-4914,
2362,
2967,
-6069,
-2518,
1388,
-4924,
-4275,
52,
-2470,
-1870,
861,
-1932,
-2288,
594,
-203,
-787,
456,
180,
99,
127,
-60,
1136,
212,
-2010,
-275,
825,
-1110,
-176,
687,
-1881,
-1553,
797,
43,
-214,
1141,
-587,
-8177,
4203,
2632,
-4600,
2467,
2815,
-6037,
-2428,
1302,
-4729,
-3685,
387,
-2362,
-1301,
1657,
-1684,
-2487,
482,
-180,
-747,
517,
215,
84,
107,
-52,
1196,
214,
-2278,
-812,
224,
-1604,
-549,
227,
-2444,
-1769,
975,
3,
-517,
1058,
-597,
-8251,
4202,
2741,
-4578,
2133,
2134,
-6628,
-2442,
1655,
-4687,
-3808,
784,
-1838,
-1454,
1363,
-1249,
-1734,
825,
-174,
-792,
477,
210,
62,
-77,
-391,
904,
100,
-2342,
-952,
102,
-1707,
-756,
91,
-2295,
-1564,
1012,
-4,
-521,
960,
