-934,
-10875,
4999,
2600,
-7161,
2393,
4006,
-6658,
-1942,
2378,
-5796,
-3098,
3964,
-1030,
-2493,
1870,
-626,
-2357,
557,
224,
-650,
329,
95,
127,
-49,
-763,
433,
361,
-979,
678,
976,
-1012,
641,
1638,
-945,
-360,
1257,
-588,
-836,
641,
-922,
-10769,
4868,
2394,
-7336,
2231,
3979,
-6852,
-2609,
1847,
-5858,
-3459,
3054,
-1776,
-2769,
1862,
-467,
-2160,
658,
240,
-694,
284,
95,
125,
35,
-514,
664,
509,
-772,
873,
1029,
-1044,
518,
1472,
-915,
-125,
1503,
-291,
-436,
927,
-933,
-10917,
4901,
2607,
-7128,
2294,
4020,
-6469,
-1929,
2297,
-5651,
-2989,
3771,
-1189,
-2299,
2395,
114,
-1682,
831,
95,
-900,
181,
65,
139,
66,
-498,
623,
400,
-758,
1173,
1394,
-872,
522,
1394,
-875,
222,
1838,
-350,
-640,
871,
-913,
-10878,
4686,
2290,
-7161,
2443,
4071,
-6274,
-1613,
2051,
-6289,
-2954,
4410,
-979,
-2620,
2162,
107,
-1631,
868,
70,
-968,
121,
27,
164,
104,
-498,
776,
807,
-233,
1802,
2046,
-460,
841,
1900,
-517,
126,
1570,
-637,
-1054,
529,
-897,
-10655,
5017,
2583,
-6718,
3231,
4978,
-5260,
-522,
2461,
-6701,
-3006,
5106,
-502,
-2664,
2115,
106,
-1747,
763,
-6,
-1086,
45,
30,
139,
-47,
-754,
486,
446,
-588,
1752,
2098,
-910,
166,
1786,
-319,
-41,
1320,
-440,
-625,
772,
-848,
-10888,
4545,
2605,
-6258,
3123,
4705,
-4262,
1481,
3777,
-6604,
-3203,
4851,
-1793,
-4899,
601,
-165,
-1856,
514,
85,
-871,
53,
5,
136,
-65,
-687,
523,
234,
-1022,
1304,
1812,
-1144,
-210,
1537,
-103,
401,
1645,
-248,
-559,
718,
-756,
-10883,
4270,
3029,
-5255,
2782,
3135,
-4733,
2165,
3803,
-7041,
-3016,
5165,
-1833,
-4794,
897,
69,
-1541,
858,
244,
-848,
-15,
-68,
172,
-41,
-592,
925,
539,
-1288,
729,
1294,
-1455,
-199,
1556,
-452,
18,
1618,
-74,
-308,
1029,
-743,
-11046,
4093,
3091,
-5146,
2492,
2471,
-5596,
1275,
3423,
-6734,
-2699,
5047,
-2082,
-4802,
1203,
403,
-1551,
684,
367,
-499,
208,
-21,
163,
-62,
-670,
791,
533,
-1152,
702,
1075,
-1569,
-207,
1469,
-641,
-282,
1316,
-59,
25,
1290,
-771,
-10955,
4041,
3042,
-5085,
2531,
2290,
-6227,
366,
2881,
-6792,
-2735,
4977,
-1971,
-4559,
1507,
719,
-1371,
670,
184,
-707,
192,
44,
131,
-50,
-679,
623,
587,
-820,
760,
1041,
-1106,
312,
1408,
-854,
-77,
1662,
-74,
-266,
1160,
-752,
-10908,
4235,
3326,
-5044,
1843,
1115,
-6673,
950,
3264,
-6976,
-2541,
5616,
-1505,
-4125,
2077,
1085,
-1243,
711,
85,
-825,
209,
73,
135,
42,
-546,
647,
436,
-1028,
738,
1258,
-835,
423,
1164,
-1408,
-545,
1439,
-355,
-675,
952,
-753,
-11042,
4074,
3021,
-5151,
2273,
1590,
-6483,
1208,
3546,
-6864,
-2147,
6456,
-828,
-3960,
1875,
679,
-1606,
607,
88,
-944,
53,
32,
131,
16,
-484,
685,
174,
-1364,
803,
1591,
-724,
272,
1121,
-1104,
-61,
1744,
-299,
-680,
940,
-767,
-11114,
4073,
2813,
-5580,
2062,
1516,
-6888,
712,
3354,
-7233,
-3154,
5229,
-1813,
-4734,
1239,
207,
-1909,
492,
104,
-933,
16,
-1,
154,
83,
-371,
967,
594,
-1063,
1027,
1871,
-719,
-3,
1254,
-543,
147,
1504,
-507,
-845,
680,
-780,
-11059,
4201,
3057,
-5385,
2198,
1859,
-6539,
709,
3488,
-6495,
-2516,
5053,
-2355,
-4907,
1519,
660,
-1486,
814,
338,
-754,
135,
44,
126,
-54,
-581,
918,
780,
-1024,
609,
1187,
-1327,
-357,
1081,
-841,
-309,
1262,
-512,
-989,
365,
-814,
-11020,
4512,
3064,
-5742,
2087,
1813,
-6899,
276,
2966,
-7248,
-3156,
4727,
-2421,
-4729,
1672,
602,
-1576,
632,
-33,
-1011,
97,
37,
142,
-8,
-549,
1009,
968,
-727,
972,
1525,
-827,
287,
1224,
-1233,
-418,
1476,
-512,
-993,
659,
-838,
-11003,
4698,
3043,
-5961,
2204,
2177,
-6663,
586,
3366,
-7187,
-3221,
5211,
-1480,
-4120,
1538,
120,
-1823,
689,
89,
-875,
249,
106,
112,
-85,
-613,
1008,
906,
-931,
860,
1532,
-1039,
-67,
1157,
-1031,
-210,
1674,
-369,
-1028,
546,
-840,
-10775,
4855,
2675,
-6515,
2366,
2811,
-6465,
542,
3577,
-7139,
-3502,
5127,
-1455,
-4401,
1294,
208,
-1779,
616,
226,
-656,
235,
4,
186,
65,
-645,
775,
636,
-1235,
395,
976,
-1523,
-476,
817,
-1246,
-329,
1682,
-63,
-495,
919,
-859,
-10473,
5187,
2668,
-6929,
2034,
2763,
-6826,
-456,
2695,
-7168,
-2912,
5898,
-674,
-3984,
1170,
85,
-1521,
959,
422,
-533,
327,
58,
137,
-135,
-886,
535,
448,
-1118,
770,
1243,
-1333,
-173,
1132,
-947,
-84,
1635,
-293,
-625,
810,
-840,
-10339,
5214,
2589,
-6904,
2022,
2255,
-7642,
-890,
2675,
-7219,
-3014,
5882,
-785,
-4361,
605,
-489,
-1897,
916,
614,
-368,
336,
19,
164,
-68,
-824,
546,
257,
-1640,
32,
664,
-1446,
6,
1170,
-1106,
-202,
1628,
-247,
-602,
675,
-784,
-10412,
4856,
2239,
-7051,
1786,
1996,
-7413,
-179,
3318,
-6909,
-2837,
6096,
-671,
-4398,
820,
177,
-1363,
890,
487,
-216,
474,
7,
191,
-32,
-789,
690,
262,
-1894,
25,
969,
-1517,
-478,
906,
-1152,
-339,
1596,
-106,
-607,
528,
-832,
-10371,
5118,
2284,
-7404,
1500,
2064,
-7001,
474,
4088,
-5928,
-1869,
6392,
-790,
-4112,
1150,
-96,
-1799,
653,
180,
-529,
385,
12,
193,
3,
-749,
744,
407,
-1661,
143,
835,
-1591,
-242,
1170,
-981,
-124,
1608,
-342,
-548,
978,
-913,
-10551,
5331,
2554,
-7631,
1383,
2588,
-6924,
-181,
4499,
-4228,
-1086,
5751,
-1182,
-3807,
1239,
-331,
-1736,
1049,
361,
-674,
339,
91,
139,
-31,
-724,
608,
393,
-1289,
541,
1200,
-957,
409,
1476,
-863,
-46,
1586,
-368,
-439,
1140,
-915,
-10634,
5259,
2399,
-7789,
1366,
2531,
-7132,
-260,
4730,
-3835,
-789,
5820,
-1097,
-3456,
1456,
-700,
-2353,
662,
161,
-780,
355,
129,
119,
-61,
-680,
816,
669,
-1125,
785,
1738,
-436,
634,
1588,
-758,
-13,
1671,
-198,
-375,
1094,
-926,
-10648,
5098,
1969,
-8301,
1205,
2702,
-7204,
-646,
4714,
-3434,
-824,
5240,
-1286,
-2933,
2030,
-517,
-2420,
555,
82,
-871,
243,
80,
140,
49,
-357,
1216,
880,
-965,
976,
1543,
-1121,
-23,
1249,
-940,
-189,
1430,
-518,
-700,
841,
-913,
-10719,
4733,
1758,
-7973,
1591,
2534,
-7766,
-994,
4659,
-3750,
-1542,
4696,
-1293,
-2571,
2381,
-583,
-2766,
588,
533,
-548,
348,
123,
121,
73,
-305,
1194,
959,
-959,
358,
540,
-1807,
-366,
983,
-1172,
-391,
1407,
-322,
-674,
567,
-861,
-10600,
4291,
1793,
-6965,
2116,
2283,
-7142,
402,
4838,
-4843,
-2301,
4298,
-2042,
-2819,
3274,
251,
-2729,
570,
711,
-559,
307,
179,
87,
175,
28,
1315,
855,
-918,
450,
527,
-1706,
-107,
1133,
-1201,
-338,
1749,
175,
-286,
742,
-869,
-10623,
4260,
1417,
-7424,
2219,
2774,
-6700,
751,
4779,
-5597,
-3228,
3839,
-1959,
-2428,
3753,
779,
-2245,
653,
352,
-937,
108,
116,
95,
63,
-96,
1472,
1024,
-957,
605,
903,
-1448,
184,
1441,
-1253,
-514,
1802,
213,
-274,
995,
-851,
-10423,
4339,
1531,
-7407,
1769,
2112,
-7216,
282,
4448,
-5596,
-3126,
3903,
-1818,
-2330,
3664,
526,
-2732,
12,
-75,
-1025,
134,
114,
105,
51,
-337,
886,
232,
-1769,
-2,
785,
-1221,
339,
1612,
-956,
-546,
1396,
8,
-272,
850,
-691,
-10434,
3112,
1919,
-7019,
-140,
2354,
-5639,
-2162,
2563,
-3626,
-3873,
1221,
-355,
-556,
2453,
646,
-1407,
-495,
-703,
-724,
101,
3,
91,
25,
79,
1087,
87,
-1364,
153,
318,
-824,
1323,
1854,
-1099,
-689,
1198,
158,
-34,
743,
-644,
-10381,
2881,
2189,
-6500,
-192,
2674,
-4701,
-2276,
1697,
-3397,
-3161,
913,
-1092,
-721,
2592,
590,
-1552,
-347,
-289,
-465,
145,
35,
49,
-92,
-9,
989,
169,
-927,
532,
311,
-986,
1180,
1718,
-1198,
-844,
889,
-204,
-313,
608,
-781,
-10231,
3735,
2120,
-6864,
693,
3070,
-4852,
-1046,
2258,
-4741,
-3400,
1572,
-1840,
-1198,
3371,
844,
-1365,
660,
224,
-618,
220,
117,
64,
13,
-123,
826,
213,
-745,
1043,
738,
-1422,
328,
1162,
-1436,
-601,
1426,
-84,
-499,
648,
-750,
-9947,
3575,
1658,
-6776,
1528,
4239,
-3656,
-944,
618,
-5825,
-2214,
2679,
-2509,
-1796,
3783,
1168,
-1197,
1068,
390,
-801,
107,
123,
44,
-71,
-146,
1023,
444,
-673,
1127,
943,
-1069,
865,
1592,
-1264,
-380,
1722,
88,
-336,
808,
-642,
-9735,
2773,
1614,
-6301,
623,
3938,
-2098,
-767,
-1258,
-6919,
-2136,
3002,
-1929,
-1619,
3432,
1348,
-694,
1158,
394,
-773,
-40,
38,
66,
20,
90,
1120,
319,
-839,
683,
238,
-1639,
332,
1094,
-1449,
-618,
1141,
-358,
-487,
671,
-725,
-9829,
3324,
1359,
-6996,
992,
3664,
-3648,
-737,
49,
-7187,
-3039,
3331,
-1506,
-1985,
2903,
855,
-1083,
987,
202,
-903,
35,
70,
90,
105,
-4,
976,
378,
-648,
1020,
568,
-1702,
9,
765,
-1995,
-1326,
659,
-614,
-715,
486,
-766,
-9839,
3716,
933,
-7752,
1187,
3447,
-4553,
-340,
851,
-7727,
-3351,
3988,
-1511,
-2606,
2636,
761,
-989,
1221,
85,
-958,
358,
207,
98,
155,
-337,
593,
409,
-672,
986,
943,
-1491,
-219,
786,
-1601,
-906,
1149,
-183,
-612,
452,
-745,
-9830,
3473,
735,
-7475,
1468,
3333,
-4328,
176,
563,
-8387,
-3442,
3769,
-2073,
-2540,
3147,
1142,
-384,
1871,
230,
-1042,
304,
141,
143,
175,
-329,
909,
657,
-815,
973,
1039,
-1631,
-27,
1563,
-851,
-274,
1834,
288,
-347,
721,
-771,
-9952,
3729,
523,
-8109,
1722,
4096,
-4325,
20,
1054,
-7952,
-3463,
3636,
-2400,
-2976,
3036,
1062,
-859,
1432,
202,
-967,
258,
107,
142,
110,
-344,
1181,
1190,
-295,
1290,
1097,
-1811,
-302,
1248,
-1295,
-772,
1433,
-30,
-561,
672,
-781,
-10168,
3816,
450,
-8591,
1663,
4673,
-4172,
-467,
970,
-7420,
-3031,
3935,
-1780,
-2121,
3732,
1333,
-1040,
1129,
71,
-1045,
129,
55,
143,
15,
-510,
1114,
1282,
-307,
952,
791,
-1700,
-55,
1369,
-1094,
-561,
1365,
-168,
-471,
846,
-773,
-10103,
4076,
558,
-8477,
2409,
5435,
-4536,
-1311,
937,
-7160,
-3533,
3166,
-1914,
-1784,
4073,
1742,
-360,
1928,
553,
-1074,
-75,
0,
132,
-77,
-559,
1132,
1128,
-816,
280,
376,
-1777,
-138,
1138,
-1241,
-567,
1316,
-225,
-369,
987,
-746,
-9990,
4427,
652,
-8519,
2911,
5852,
-5177,
-2149,
1143,
-6265,
-2717,
3816,
-1628,
-2325,
2746,
324,
-1150,
1785,
518,
-1222,
-151,
10,
120,
-90,
-549,
1209,
1272,
-782,
225,
516,
-1505,
-71,
1019,
-1358,
-738,
1005,
-595,
-674,
819,
-745,
-9387,
5615,
2366,
-6924,
4067,
7002,
-4011,
-1248,
2156,
-5040,
-1840,
4504,
-736,
-1891,
2206,
-591,
-1815,
1500,
547,
-1131,
-145,
18,
94,
-208,
-699,
1061,
1376,
-179,
929,
885,
-1231,
380,
1598,
-756,
-457,
731,
-928,
-659,
836,
-615,
-8182,
6738,
3435,
-5789,
4914,
7535,
-3566,
-949,
2308,
-5130,
-2516,
3506,
-1460,
-2534,
1319,
-1382,
-2295,
1247,
608,
-899,
-82,
-16,
109,
-184,
-530,
1326,
1305,
-603,
623,
909,
-1043,
386,
1212,
-1148,
-381,
1014,
-873,
-705,
902,
-424,
-6784,
6420,
2906,
-4922,
5879,
7690,
-4532,
-3294,
298,
-5825,
-3548,
2194,
-1724,
-3017,
-124,
-2116,
-2238,
1095,
798,
-366,
-67,
-153,
119,
-381,
-415,
1845,
1160,
-1199,
828,
1712,
-662,
295,
1221,
-750,
234,
1514,
-581,
-553,
965,
-351,
-6238,
6148,
2359,
-5022,
5807,
7490,
-4650,
-3728,
-626,
-6631,
-3628,
2887,
-1048,
-3184,
-550,
-1933,
-2083,
637,
499,
-162,
50,
-193,
131,
-493,
-517,
2000,
1187,
-1459,
800,
1967,
-535,
487,
1729,
-422,
56,
1204,
-739,
-548,
1153,
-315,
-5801,
5897,
1788,
-5536,
5256,
7288,
-4606,
-4047,
-941,
-6542,
-3413,
3398,
-329,
-2955,
-561,
-1794,
-2359,
66,
362,
-86,
17,
-186,
110,
-433,
-325,
1859,
975,
-1174,
865,
1360,
-875,
675,
1783,
-458,
227,
1427,
-560,
-507,
934,
-287,
-5556,
5546,
1618,
-5419,
5044,
7310,
-4447,
-4526,
-921,
-5547,
-3330,
2638,
-54,
-2188,
-642,
-2216,
-2573,
-63,
400,
5,
18,
-156,
66,
-467,
-114,
1977,
957,
-889,
1054,
972,
-1321,
444,
1523,
-508,
502,
1604,
-559,
-500,
889,
-270,
-5322,
5251,
1137,
-5754,
4683,
7006,
-4838,
-5168,
-906,
-4702,
-3410,
1227,
-788,
-1634,
-367,
-2692,
-2812,
103,
339,
-289,
-131,
-178,
90,
-360,
-150,
1723,
903,
-664,
1210,
1155,
-974,
633,
1610,
-210,
712,
1586,
-324,
-77,
986,
-274,
-5229,
5265,
1201,
-5573,
4972,
7455,
-4406,
-4797,
-193,
-3797,
-3190,
597,
-1400,
-1556,
180,
-2218,
-2449,
573,
693,
-265,
-184,
-179,
97,
-308,
-280,
1304,
627,
-738,
991,
940,
-1096,
265,
1159,
-341,
740,
1595,
-254,
-41,
902,
-285,
-5251,
5108,
1208,
-5130,
5207,
6846,
-4936,
-4162,
837,
-3604,
-3777,
-159,
-1773,
-1282,
421,
-2544,
-2571,
966,
795,
-438,
-98,
-105,
131,
-77,
-466,
731,
833,
18,
965,
331,
-1279,
482,
1303,
-436,
464,
1418,
-235,
-35,
930,
-249,
-5040,
4111,
643,
-4673,
4661,
5620,
-4867,
-3480,
1059,
-3334,
-3879,
-1055,
-2126,
-910,
111,
-3183,
-2409,
1256,
556,
-576,
-5,
-132,
196,
5,
-649,
772,
1154,
-222,
360,
290,
-974,
688,
1755,
171,
732,
1456,
-259,
-172,
867,
-223,
-4477,
4016,
336,
-5317,
3288,
5063,
-4253,
-4120,
-741,
-3131,
-1433,
808,
-1998,
-1447,
32,
-2521,
-1648,
1363,
188,
-792,
45,
-68,
167,
-12,
-559,
888,
1081,
-504,
293,
732,
-526,
526,
1098,
-605,
109,
1289,
-105,
-171,
806,
-124,
-3890,
3290,
223,
-5170,
1959,
4467,
-3994,
-5735,
-2206,
-2491,
-1147,
896,
-838,
-1286,
-426,
-1351,
-573,
980,
-21,
-665,
-130,
-130,
142,
14,
-328,
750,
847,
-442,
-35,
421,
-267,
327,
707,
-106,
514,
1143,
275,
418,
930,
-75,
-3516,
2665,
21,
-4849,
1302,
3840,
-3742,
-5835,
-2155,
-1565,
-893,
571,
-216,
-621,
-555,
-1141,
-77,
806,
-423,
-694,
-38,
-112,
145,
46,
-331,
695,
835,
-692,
-648,
203,
0,
176,
383,
117,
689,
947,
364,
685,
841,
-54,
-3333,
2291,
-563,
-4759,
1321,
2642,
-4631,
-4961,
-1502,
-2351,
-1023,
1631,
-19,
-1387,
-737,
-892,
-321,
322,
-605,
-691,
-74,
-136,
141,
-23,
-378,
674,
639,
-860,
-443,
440,
-75,
162,
648,
353,
762,
950,
339,
664,
816,
-57,
-3375,
1734,
-781,
-4164,
1425,
1723,
-5080,
-4475,
-1479,
-2971,
-1124,
1833,
-385,
-1808,
-666,
-947,
-738,
66,
-654,
-783,
-134,
-135,
144,
28,
-334,
692,
774,
-646,
-279,
572,
22,
284,
895,
525,
724,
965,
448,
654,
816,
-57,
-3324,
1785,
-826,
-4040,
1853,
2009,
-4956,
-4101,
-1145,
-2966,
-925,
2298,
-254,
-1906,
-491,
-641,
-588,
152,
-565,
-726,
-83,
-101,
125,
-8,
-387,
544,
580,
-711,
-285,
398,
-180,
279,
843,
260,
547,
902,
217,
379,
731,
-51,
-3449,
1390,
-1176,
-4338,
1256,
1403,
-5218,
-4482,
-1913,
-3615,
-1281,
1781,
-1041,
-2578,
-955,
-1152,
-1112,
-182,
-815,
-1002,
-245,
-138,
150,
107,
-297,
617,
917,
-197,
99,
770,
289,
675,
1194,
613,
794,
1166,
565,
599,
877,
-51,
-3378,
1370,
-996,
-4194,
1082,
1524,
-4713,
-4279,
-1772,
-3082,
-845,
1952,
-711,
-2157,
-712,
-1105,
-1187,
-111,
-520,
-810,
-221,
-117,
127,
76,
-331,
441,
777,
-199,
-78,
504,
278,
676,
949,
343,
622,
1031,
449,
451,
740,
-54,
-3277,
1788,
-876,
-4361,
1421,
2123,
-4439,
-3932,
-1271,
-2924,
-697,
2545,
-144,
-1912,
-481,
-860,
-1056,
55,
-271,
-632,
-147,
-94,
114,
36,
-400,
323,
637,
-328,
-229,
327,
136,
516,
644,
-5,
414,
886,
252,
276,
628,
-76,
-3429,
2229,
-1074,
-5194,
1273,
1986,
-5176,
-4253,
-1543,
-3861,
-1206,
2587,
-683,
-2657,
-718,
-1035,
-1392,
-247,
-523,
-743,
-152,
-123,
148,
120,
-290,
481,
690,
-92,
448,
670,
-32,
852,
1292,
-11,
243,
1184,
551,
400,
821,
-91,
-3583,
2584,
-1168,
-5830,
1266,
2248,
-5464,
-4542,
-1796,
-4628,
-1898,
2398,
-937,
-2971,
-689,
-925,
-1534,
-561,
-808,
-857,
-183,
-166,
181,
142,
-336,
609,
967,
139,
743,
960,
38,
925,
1494,
85,
289,
1311,
637,
512,
1049,
-120,
-3582,
3501,
-516,
-5850,
1861,
3216,
-4988,
-3847,
-853,
-4383,
-1706,
3474,
243,
-2376,
-278,
-517,
-1251,
-247,
-415,
-581,
-58,
-116,
155,
129,
-331,
278,
288,
-258,
679,
626,
-450,
633,
1045,
-490,
85,
1159,
117,
33,
843,
-159,
-3896,
4202,
-287,
-6507,
1679,
3139,
-5201,
-3381,
-883,
-5699,
-2564,
3404,
-70,
-2481,
-200,
-1123,
-1888,
-225,
-355,
-704,
-93,
-119,
176,
278,
-14,
506,
79,
-290,
1403,
1124,
-646,
762,
1548,
-212,
514,
1675,
66,
-254,
815,
-249,
-4357,
4544,
478,
-6084,
1780,
3312,
-4306,
-1810,
28,
-5784,
-2556,
3436,
-472,
-2369,
624,
-721,
-1890,
-30,
-297,
-849,
-54,
-49,
159,
244,
-196,
452,
392,
-178,
1157,
1071,
-542,
738,
1553,
-224,
329,
1470,
-146,
-487,
726,
-309,
-5117,
2452,
546,
-3835,
2041,
2425,
-3624,
-1042,
426,
-4559,
-2003,
2735,
-496,
-1802,
615,
-777,
-1558,
319,
-149,
-1007,
-261,
-54,
128,
287,
118,
741,
474,
-453,
730,
1468,
400,
864,
1367,
127,
199,
740,
-196,
-94,
648,
-232,
-5810,
213,
-642,
-3146,
2673,
3691,
-1380,
-141,
668,
-2903,
-577,
2745,
-520,
-1872,
193,
-543,
-979,
420,
62,
-548,
-113,
-61,
98,
67,
-208,
360,
250,
-333,
646,
901,
-120,
514,
998,
-129,
19,
600,
-108,
33,
603,
-215,
-6374,
-1158,
-1580,
-3778,
1147,
2355,
-1717,
-762,
-50,
-2866,
-971,
1645,
-745,
-1155,
815,
-144,
-805,
361,
184,
-245,
58,
-15,
74,
41,
-172,
336,
232,
-264,
523,
606,
-317,
188,
378,
-720,
-414,
237,
-383,
-204,
407,
-216,
-6669,
-1470,
-1784,
-3996,
748,
1873,
-2164,
-1173,
-235,
-2598,
-424,
2123,
-464,
-967,
1180,
531,
-107,
812,
512,
53,
208,
8,
73,
74,
-6,
620,
595,
351,
1326,
1213,
152,
760,
678,
-940,
-617,
380,
-187,
-73,
586,
-214,
-6640,
-1333,
-1409,
-3673,
579,
1480,
-2142,
-707,
301,
-2045,
284,
2810,
-249,
-1406,
483,
91,
-258,
638,
178,
-323,
-58,
-85,
105,
111,
10,
684,
570,
-27,
731,
777,
-152,
461,
634,
-724,
-595,
179,
-222,
42,
622,
-231,
-7021,
-1461,
-1378,
-3673,
836,
2194,
-1240,
50,
673,
-2091,
210,
3047,
151,
-1009,
886,
358,
-185,
735,
312,
-327,
-117,
-84,
93,
101,
18,
546,
272,
-297,
529,
585,
-237,
631,
1080,
-136,
-125,
290,
-509,
-447,
222,
-247,
-7183,
-1478,
-1588,
-4093,
598,
2127,
-1061,
576,
796,
-2833,
-580,
2867,
449,
-457,
1254,
181,
-515,
626,
229,
-441,
-144,
-81,
93,
87,
31,
787,
602,
-267,
395,
562,
-419,
43,
329,
-613,
44,
1014,
189,
-33,
579,
-247,
-7292,
-1822,
-2292,
-5012,
-157,
1583,
-1797,
-317,
417,
-2505,
-212,
2680,
-116,
-716,
1544,
441,
-671,
415,
194,
-443,
-92,
-10,
59,
122,
157,
745,
513,
-303,
96,
195,
-264,
515,
562,
-604,
-79,
666,
-212,
-265,
452,
-229,
-7054,
-1618,
-2252,
-4892,
375,
2381,
-1241,
-433,
-316,
-3213,
-371,
2957,
220,
-796,
731,
-557,
-1074,
407,
105,
-461,
51,
61,
37,
46,
-35,
508,
264,
-584,
-50,
242,
-236,
519,
772,
-249,
43,
413,
-560,
-483,
283,
-229,
-6845,
-1307,
-2335,
-5066,
936,
3184,
-1072,
-462,
-198,
-3665,
-1573,
1703,
-735,
-1400,
644,
-314,
-973,
276,
-28,
-509,
30,
57,
27,
-50,
-224,
336,
285,
-280,
288,
220,
-490,
480,
864,
-361,
-152,
293,
-726,
-633,
234,
-268,
-6923,
-1031,
-2833,
-6006,
699,
2532,
-2324,
-405,
479,
-4292,
-2627,
1083,
-1620,
-2056,
967,
229,
-744,
384,
-80,
-672,
-87,
-14,
78,
45,
-201,
428,
312,
-422,
448,
830,
198,
1099,
1166,
-544,
-252,
505,
-804,
-1073,
-35,
-350,
-6956,
320,
-2309,
-6831,
650,
2528,
-3185,
-162,
1862,
-3526,
-2388,
856,
-2583,
-2631,
973,
-101,
-949,
710,
101,
-675,
-14,
-4,
99,
74,
-132,
799,
665,
-389,
440,
615,
-202,
1176,
1352,
-913,
-538,
669,
-627,
-775,
412,
-520,
-7452,
2560,
-645,
-7251,
1013,
2830,
-4092,
374,
3390,
-3171,
-1584,
2293,
-2687,
-3300,
1001,
-385,
-1142,
1388,
650,
-541,
193,
81,
109,
150,
-193,
671,
433,
-585,
744,
633,
-1313,
58,
998,
-1243,
-851,
775,
-528,
-877,
333,
-746,
-8901,
4505,
1481,
-7240,
1795,
3665,
-5565,
-1177,
2922,
-3999,
-1818,
3260,
-2198,
-3337,
1112,
-673,
-1507,
1488,
591,
-840,
104,
76,
136,
279,
82,
1261,
835,
-827,
668,
1210,
-734,
394,
1262,
-1087,
-641,
1089,
-303,
-643,
570,
-863,
-9997,
5022,
2256,
-7219,
2113,
3650,
-6486,
-1720,
2343,
-5590,
-3063,
2913,
-2699,
-3696,
1332,
-528,
-1463,
1556,
264,
-1284,
4,
95,
128,
161,
-251,
1119,
1153,
-383,
941,
1118,
-1160,
130,
1352,
-930,
-519,
1136,
-359,
-559,
852,
-911,
-10630,
5442,
2932,
-7111,
2045,
3230,
-7047,
-1422,
2678,
-6555,
-4282,
2627,
-2567,
-3306,
2319,
415,
-1236,
1432,
269,
-1224,
10,
128,
65,
-79,
-361,
1012,
544,
-927,
1239,
1495,
-1520,
-503,
754,
-1601,
-986,
826,
-864,
-1017,
645,
-940,
-10669,
5497,
2851,
-7053,
2849,
4414,
-6354,
-1235,
2996,
-5780,
-3480,
2794,
-2849,
-3405,
2198,
-151,
-1829,
1251,
349,
-1044,
168,
146,
90,
-34,
-522,
790,
494,
-992,
1121,
1637,
-1124,
-215,
719,
-1897,
-1302,
667,
-945,
-1094,
680,
-643,
-9469,
4702,
-247,
-9855,
3084,
7465,
-3894,
-1943,
616,
-6796,
-2303,
4865,
-1558,
-3568,
1423,
-506,
-1795,
1298,
406,
-956,
184,
91,
160,
201,
-452,
677,
585,
-953,
618,
984,
-1484,
-374,
964,
-1160,
-641,
1153,
-221,
-357,
980,
-324,
-7156,
2611,
-1642,
-7497,
3957,
6923,
-2707,
-1296,
849,
-4442,
-390,
5377,
628,
-1164,
1406,
-664,
-826,
1593,
-75,
-1231,
131,
112,
125,
169,
-363,
554,
443,
-747,
586,
824,
-932,
229,
824,
-1335,
-489,
1201,
-317,
-494,
954,
-240,
-6025,
1793,
-1126,
-5434,
3380,
5304,
-2419,
-1330,
430,
-3151,
791,
5489,
1476,
-284,
1278,
-576,
-546,
1325,
-232,
-1122,
78,
70,
124,
203,
-228,
567,
580,
-369,
565,
644,
-639,
526,
1080,
-638,
58,
1265,
-129,
-258,
897,
-357,
-6328,
2927,
116,
-5074,
3600,
4975,
-3341,
-1381,
982,
-3069,
882,
5336,
320,
-1300,
1098,
-994,
-1243,
1198,
-19,
-1041,
86,
67,
129,
196,
-228,
729,
753,
-414,
458,
534,
-744,
719,
1516,
-310,
280,
1316,
-378,
-471,
884,
-562,
-7116,
4551,
962,
-6577,
2643,
4336,
-4508,
-966,
1869,
-4266,
-648,
4514,
-1233,
-2558,
1066,
-1565,
-2524,
620,
-48,
-1086,
61,
35,
162,
185,
-397,
729,
724,
-755,
585,
1434,
110,
1069,
1283,
-916,
74,
1551,
-331,
-419,
1153,
-620,
-7680,
5007,
868,
-7471,
2774,
4719,
-5034,
-1025,
2395,
-4346,
-664,
5066,
-844,
-2068,
1932,
-1074,
-2402,
946,
324,
-955,
27,
-2,
161,
26,
-686,
510,
395,
-1105,
586,
1438,
-61,
1289,
1653,
-1086,
-319,
1299,
-643,
-710,
1002,
-671,
-8319,
5373,
1073,
-8224,
2343,
4755,
-5470,
-1614,
1823,
-5502,
-1908,
4438,
-1527,
-3386,
456,
-2280,
-3311,
403,
122,
-1070,
-113,
-55,
166,
37,
-486,
825,
517,
-958,
947,
1516,
-288,
1398,
1908,
-1341,
-808,
1179,
-455,
-548,
1072,
-731,
-8800,
5586,
1494,
-8358,
1900,
4467,
-5311,
-1045,
2073,
-5862,
-2083,
4880,
-798,
-2492,
1498,
-1370,
-2724,
710,
327,
-850,
18,
-33,
145,
-165,
-838,
564,
290,
-1181,
815,
1126,
-1060,
825,
1673,
-1651,
-1154,
960,
-673,
-689,
1074,
-810,
-9260,
5577,
2011,
-7990,
1818,
4500,
-4645,
116,
3193,
-5228,
-1956,
4649,
-1272,
-2665,
2077,
-707,
-2747,
348,
135,
-915,
5,
-32,
170,
38,
-575,
718,
554,
-793,
1018,
1012,
-1560,
235,
1754,
-989,
-738,
1168,
-348,
-700,
597,
-866,
-9765,
5402,
2056,
-7943,
2126,
5005,
-4288,
635,
4286,
-4019,
-1298,
4695,
-1600,
-3141,
1761,
-551,
-2126,
972,
371,
-866,
153,
71,
127,
-37,
-704,
546,
391,
-1088,
790,
1369,
-859,
578,
1730,
-1113,
-1066,
679,
-737,
-946,
474,
-900,
-10160,
5306,
2465,
-7227,
2615,
4898,
-4666,
387,
4158,
-4097,
-1682,
3752,
-2217,
-2788,
2143,
-751,
-2319,
920,
175,
-1020,
123,
47,
143,
-25,
-612,
783,
311,
-1571,
547,
1402,
-1104,
-49,
871,
-1964,
-1511,
617,
-668,
-684,
821,
-909,
-10236,
5531,
2928,
-6736,
3011,
4856,
-5321,
-348,
3709,
-4708,
-2564,
3265,
-2187,
-2787,
2139,
-399,
-1887,
1007,
34,
-1135,
94,
71,
111,
-125,
-636,
849,
405,
-1462,
493,
1072,
-1421,
-217,
632,
-2190,
-1503,
639,
-761,
-605,
1080,
-931,
-10591,
5294,
2689,
-7235,
2464,
4404,
-6046,
-1242,
3342,
-4570,
-2434,
3530,
-1700,
-2684,
1656,
-965,
-2301,
619,
-323,
-1360,
15,
58,
125,
-33,
-553,
790,
370,
-1290,
726,
1252,
-1219,
-6,
825,
-1930,
-1151,
937,
-750,
-880,
889,
-933,
-10521,
5478,
3044,
-6988,
2511,
4788,
-5277,
-875,
3278,
-4194,
-1628,
3887,
-1781,
-2389,
2334,
-628,
-2328,
784,
-12,
-1299,
-94,
12,
143,
43,
-458,
871,
558,
-1104,
608,
994,
-1283,
72,
1056,
-1420,
-654,
1175,
-491,
-475,
1161,
-915,
-10390,
5583,
2973,
-7187,
2332,
4572,
-5613,
-1420,
2116,
-6038,
-3174,
3348,
-2019,
-2982,
1869,
-624,
-2232,
846,
194,
-1069,
-11,
7,
164,
132,
-493,
465,
51,
-1227,
743,
928,
-1589,
-199,
985,
-1340,
-564,
1309,
-196,
-232,
1057,
-905,
-10467,
5302,
2694,
-7440,
2156,
4664,
-5724,
-2079,
1480,
-6509,
-3653,
3411,
-1456,
-2736,
1889,
-509,
-2328,
682,
275,
-1003,
-31,
31,
138,
121,
-447,
501,
244,
-973,
902,
1364,
-1037,
-142,
1016,
-841,
-252,
1215,
-146,
9,
1311,
-914,
-10451,
5416,
2904,
-7104,
2526,
4722,
-6053,
-2299,
1828,
-5707,
-2870,
3874,
-1193,
-2421,
2338,
40,
-1850,
879,
317,
-853,
150,
87,
120,
59,
-496,
578,
306,
-1076,
812,
1381,
-1074,
-312,
714,
-1209,
-486,
1071,
-456,
-352,
1172,
-917,
-10442,
5413,
2898,
-7131,
2273,
4274,
-6066,
-1631,
2471,
-5483,
-2652,
4204,
-1175,
-2893,
1705,
-259,
-1703,
1113,
416,
-791,
198,
96,
116,
35,
-467,
688,
351,
-1135,
602,
823,
-1795,
-779,
382,
-1652,
-869,
829,
-741,
-688,
926,
