-460,
-7265,
3028,
1671,
-4837,
-51,
656,
-3292,
935,
-490,
-8231,
-3532,
2430,
-2468,
-3186,
497,
-1950,
-2927,
174,
-63,
-1004,
-57,
45,
78,
-16,
-291,
577,
-9,
-1099,
633,
707,
-1259,
434,
1871,
-174,
-13,
1301,
76,
-124,
696,
-576,
-7656,
4700,
700,
-7745,
1438,
3650,
-3746,
523,
733,
-7892,
-2991,
3830,
-1749,
-2158,
2102,
-1457,
-2846,
624,
-190,
-1272,
138,
117,
112,
7,
-483,
731,
160,
-1550,
339,
679,
-1641,
56,
1237,
-1482,
-840,
1144,
-489,
-650,
829,
-707,
-9110,
3724,
-307,
-8460,
1587,
2810,
-5632,
623,
2589,
-7234,
-3478,
3514,
-2396,
-3390,
1083,
-1864,
-2824,
630,
-415,
-1458,
56,
42,
169,
110,
-374,
1096,
624,
-1274,
543,
898,
-1258,
748,
1801,
-1266,
-618,
1223,
-766,
-834,
820,
-759,
-9417,
3837,
165,
-8036,
1689,
2216,
-6878,
-248,
2794,
-6470,
-2849,
3522,
-3371,
-4642,
730,
-1515,
-2584,
776,
-272,
-1511,
-29,
64,
129,
-52,
-670,
749,
453,
-1337,
439,
762,
-1640,
185,
1675,
-989,
-514,
1199,
-781,
-1044,
558,
-764,
-9362,
4070,
319,
-7744,
2443,
3006,
-6188,
527,
3092,
-6695,
-2612,
4225,
-2842,
-3971,
1598,
-1224,
-2843,
626,
-243,
-1454,
54,
91,
146,
116,
-377,
1058,
708,
-1210,
357,
444,
-1980,
79,
1616,
-1161,
-410,
1706,
-365,
-899,
687,
-760,
-9217,
4172,
575,
-7718,
1777,
2257,
-6469,
600,
3717,
-5645,
-1967,
4442,
-2554,
-3763,
1819,
-584,
-2201,
883,
-3,
-1199,
54,
29,
165,
90,
-452,
920,
582,
-1118,
492,
421,
-1868,
369,
1741,
-1132,
-327,
1593,
-655,
-1017,
726,
-760,
-9195,
4280,
985,
-7190,
2039,
2411,
-6352,
136,
2811,
-6064,
-2054,
3796,
-3457,
-4227,
1390,
-1315,
-2691,
779,
-211,
-1554,
-121,
21,
155,
54,
-577,
648,
300,
-1361,
149,
149,
-1778,
506,
1537,
-1357,
-331,
1516,
-767,
-868,
956,
-757,
-9161,
4550,
1346,
-6775,
2730,
3438,
-5205,
798,
2494,
-6719,
-2163,
3891,
-3558,
-4075,
1678,
-1584,
-3334,
320,
-463,
-1625,
-17,
82,
150,
146,
-387,
842,
306,
-1608,
62,
417,
-1649,
293,
1335,
-1548,
-642,
1468,
-362,
-482,
1025,
-751,
-9096,
4458,
1040,
-7416,
1988,
3400,
-4373,
1713,
3077,
-6407,
-2222,
3855,
-2838,
-2905,
2467,
-1091,
-2753,
797,
-199,
-1373,
184,
128,
143,
101,
-460,
936,
567,
-1365,
398,
1004,
-1050,
683,
1664,
-1123,
-198,
1771,
-302,
-600,
926,
-707,
-8890,
4420,
771,
-7466,
2510,
4295,
-3651,
1898,
2711,
-6967,
-2325,
4367,
-2440,
-3099,
2142,
-1125,
-2617,
1000,
34,
-1246,
186,
103,
166,
168,
-488,
816,
609,
-1131,
654,
1316,
-743,
795,
1751,
-954,
-275,
1417,
-567,
-721,
801,
-760,
-9089,
4565,
1491,
-6880,
2363,
3823,
-4233,
1326,
3027,
-6026,
-2499,
3054,
-3384,
-3603,
1488,
-1512,
-2585,
970,
-58,
-1264,
116,
49,
176,
114,
-564,
724,
470,
-1027,
1105,
1670,
-759,
588,
1527,
-1159,
-462,
1291,
-556,
-670,
702,
-793,
-9493,
4253,
1187,
-7329,
1812,
3047,
-5161,
1025,
3790,
-4973,
-1970,
3269,
-2978,
-3037,
1904,
-1337,
-2457,
1160,
31,
-1309,
142,
128,
115,
-43,
-732,
441,
33,
-1566,
460,
1009,
-1241,
330,
1397,
-1230,
-547,
1103,
-731,
-585,
1009,
-779,
-9353,
4176,
961,
-7190,
2469,
3449,
-5712,
-64,
2795,
-5987,
-3010,
2695,
-3016,
-2822,
2319,
-1014,
-2646,
765,
-49,
-1199,
162,
99,
144,
90,
-530,
676,
383,
-1159,
755,
1316,
-879,
409,
1187,
-1330,
-520,
992,
-1059,
-1051,
660,
-763,
-8998,
4617,
1347,
-6956,
2795,
4136,
-5068,
169,
3068,
-5401,
-2511,
2955,
-2955,
-3141,
1822,
-1209,
-2580,
768,
-247,
-1583,
-165,
21,
140,
13,
-676,
381,
87,
-1272,
526,
894,
-988,
672,
1467,
-915,
140,
1514,
-849,
-988,
620,
-765,
-9264,
4193,
825,
-7370,
2230,
3011,
-6172,
-395,
2512,
-5975,
-2681,
2538,
-3964,
-3830,
1735,
-1121,
-2251,
1166,
-246,
-1756,
-208,
11,
153,
25,
-528,
1000,
715,
-1284,
400,
1144,
-797,
796,
1786,
-881,
-275,
1289,
-700,
-804,
738,
-768,
-9366,
4004,
750,
-7374,
2142,
3012,
-6163,
-731,
2139,
-5958,
-2571,
2628,
-3615,
-3520,
1720,
-1051,
-2045,
1114,
-324,
-1499,
98,
96,
134,
-23,
-670,
746,
552,
-1149,
492,
759,
-1354,
448,
1454,
-1263,
-552,
1016,
-922,
-731,
978,
-771,
-9216,
4335,
991,
-7298,
2327,
3384,
-5671,
-219,
2388,
-5922,
-2269,
3237,
-3061,
-3197,
1574,
-1797,
-2821,
864,
-256,
-1430,
175,
147,
117,
7,
-569,
753,
359,
-1410,
344,
646,
-1563,
262,
1353,
-1367,
-483,
1411,
-535,
-663,
852,
-772,
-9295,
4342,
1082,
-7213,
2430,
3627,
-5270,
173,
2555,
-6014,
-2477,
2983,
-3361,
-3469,
1326,
-2026,
-2842,
1021,
-295,
-1685,
16,
114,
140,
123,
-455,
777,
282,
-1625,
190,
733,
-1502,
270,
1656,
-973,
-374,
1447,
-444,
-648,
941,
-778,
-9352,
4273,
821,
-7687,
1927,
3280,
-5158,
792,
3163,
-5571,
-1766,
3836,
-2848,
-3025,
2097,
-1310,
-2546,
1155,
-91,
-1515,
91,
135,
139,
188,
-284,
995,
649,
-1029,
721,
1004,
-1302,
301,
1273,
-1337,
-294,
1578,
-582,
-806,
878,
-781,
-9249,
4552,
1200,
-7236,
2242,
3199,
-5194,
1175,
3442,
-5594,
-1743,
3562,
-3732,
-3852,
1842,
-1189,
-2317,
1270,
-122,
-1469,
187,
149,
142,
132,
-426,
952,
576,
-1361,
347,
777,
-1465,
286,
1522,
-975,
12,
1831,
-340,
-666,
761,
-764,
-9290,
4197,
959,
-7239,
2186,
3383,
-4654,
1501,
3493,
-5563,
-1990,
3114,
-3867,
-3773,
1812,
-1181,
-2138,
1566,
244,
-1206,
243,
142,
133,
49,
-501,
1024,
726,
-1372,
131,
628,
-1369,
548,
1880,
-680,
-37,
1464,
-716,
-937,
549,
-769,
-9311,
4285,
1262,
-6876,
2195,
2868,
-5182,
1584,
3846,
-5841,
-2797,
2646,
-3898,
-3851,
1610,
-1423,
-2439,
1324,
126,
-1259,
243,
143,
157,
167,
-551,
731,
764,
-817,
649,
894,
-1228,
390,
1393,
-1136,
-265,
1403,
-703,
-884,
708,
-777,
-9413,
4208,
1227,
-6667,
2745,
3233,
-5606,
516,
2813,
-6294,
-2590,
3184,
-3403,
-3550,
1778,
-1240,
-2286,
1217,
-178,
-1453,
218,
162,
129,
32,
-632,
852,
791,
-1009,
651,
1085,
-1288,
235,
1473,
-1113,
-491,
1282,
-526,
-560,
1023,
-769,
-9505,
3887,
968,
-6878,
2435,
3299,
-5042,
941,
2921,
-6435,
-3231,
2484,
-3419,
-3315,
1538,
-1758,
-2707,
1004,
-112,
-1353,
102,
62,
159,
41,
-534,
1047,
844,
-923,
929,
1099,
-1596,
236,
1815,
-877,
-171,
1883,
-157,
-673,
858,
-768,
-9329,
4130,
895,
-7396,
1869,
2963,
-5254,
701,
2742,
-6186,
-2484,
3065,
-3451,
-3465,
1677,
-1662,
-2866,
840,
-173,
-1413,
42,
43,
163,
3,
-729,
695,
559,
-974,
990,
1142,
-1534,
215,
1463,
-1452,
-556,
1819,
-52,
-500,
982,
-758,
-9374,
3833,
545,
-7573,
1861,
3067,
-5297,
403,
2761,
-5412,
-1358,
4013,
-2908,
-3359,
1786,
-1047,
-1940,
1642,
428,
-1004,
248,
107,
146,
92,
-432,
890,
521,
-919,
1222,
1338,
-1440,
172,
1349,
-1411,
-503,
1574,
-423,
-701,
969,
-764,
-9320,
3965,
697,
-7391,
2166,
3273,
-5501,
138,
2877,
-5395,
-1949,
3233,
-3515,
-3886,
1580,
-860,
-2011,
1107,
23,
-1073,
239,
93,
140,
19,
-521,
785,
197,
-1500,
697,
1174,
-1351,
223,
1409,
-1171,
-281,
1608,
-331,
-452,
1100,
-762,
-9350,
4053,
990,
-6989,
2441,
3386,
-5295,
546,
3252,
-5272,
-1936,
3552,
-2846,
-3485,
1406,
-1166,
-2370,
388,
-652,
-1193,
344,
87,
182,
209,
-233,
1022,
217,
-1552,
649,
961,
-1409,
614,
1662,
-1390,
-462,
1598,
-416,
-502,
1109,
-765,
-9307,
4123,
981,
-7172,
2093,
3143,
-5088,
842,
2983,
-5751,
-2019,
3513,
-2991,
-3268,
1587,
-1671,
-2969,
280,
-714,
-1425,
260,
119,
158,
141,
-416,
799,
279,
-1207,
913,
975,
-1514,
563,
1762,
-1123,
-105,
1862,
-401,
-607,
1161,
-758,
-9368,
3921,
692,
-7268,
2245,
3279,
-4989,
978,
2992,
-5638,
-1428,
3964,
-3334,
-3812,
1339,
-1943,
-3071,
721,
-271,
-1374,
254,
156,
143,
120,
-550,
592,
171,
-1407,
723,
1280,
-1012,
731,
1867,
-930,
-89,
1870,
-281,
-703,
889,
-751,
-9368,
3806,
700,
-7383,
1889,
3295,
-4880,
391,
2301,
-5934,
-1952,
3389,
-3404,
-3903,
1040,
-1933,
-3020,
405,
-593,
-1503,
158,
114,
150,
111,
-507,
788,
574,
-928,
1008,
1261,
-1389,
60,
1362,
-1070,
-258,
1643,
-215,
-505,
869,
-751,
-9496,
3669,
813,
-7235,
1417,
2388,
-5288,
503,
2176,
-6289,
-2135,
3171,
-3743,
-3985,
1131,
-1980,
-2910,
931,
-69,
-1315,
208,
168,
102,
-20,
-630,
596,
290,
-1173,
719,
760,
-1835,
6,
1477,
-1149,
-470,
1486,
-316,
-604,
773,
-750,
-9437,
3805,
969,
-7266,
1215,
2310,
-5334,
142,
1827,
-6126,
-1893,
2939,
-4061,
-3969,
1206,
-2010,
-2825,
1100,
-35,
-1415,
97,
112,
138,
110,
-464,
688,
258,
-1219,
824,
1100,
-1317,
460,
1725,
-910,
-159,
1563,
-592,
-928,
607,
-766,
-9391,
4010,
929,
-7395,
1396,
2254,
-5690,
461,
2529,
-6135,
-2031,
3566,
-3405,
-3876,
1414,
-1357,
-2276,
1223,
-114,
-1434,
139,
130,
128,
22,
-643,
625,
352,
-1152,
991,
1500,
-1102,
229,
1432,
-1005,
-220,
1459,
-629,
-803,
889,
-766,
-9656,
3593,
467,
-7587,
1701,
2760,
-5453,
510,
2753,
-5794,
-1767,
3895,
-2992,
-3719,
1226,
-1613,
-2430,
1231,
62,
-1296,
107,
85,
141,
16,
-594,
791,
514,
-1131,
821,
1248,
-1228,
220,
1401,
-992,
-89,
1648,
-364,
-490,
1087,
-753,
-9433,
3746,
260,
-7967,
1528,
2718,
-5437,
702,
2886,
-5947,
-2103,
3272,
-3856,
-4178,
1327,
-1574,
-2573,
1282,
239,
-1238,
110,
104,
120,
-83,
-749,
738,
673,
-994,
621,
769,
-1612,
169,
1449,
-1262,
-596,
1389,
-291,
-493,
815,
-762,
-9360,
3942,
399,
-7979,
1475,
2507,
-5948,
199,
2602,
-6299,
-2480,
3402,
-3280,
-3797,
1422,
-1422,
-2409,
1285,
169,
-1317,
19,
70,
127,
-38,
-585,
813,
369,
-1459,
350,
655,
-1724,
-62,
1015,
-1634,
-655,
1281,
-744,
-900,
754,
-777,
-9635,
3881,
839,
-7255,
2010,
2839,
-5573,
473,
2731,
-5840,
-1759,
3549,
-3757,
-3994,
1719,
-1270,
-2667,
888,
-131,
-1452,
-18,
46,
148,
-33,
-807,
418,
184,
-1283,
532,
446,
-2198,
-331,
1125,
-1356,
-367,
1586,
-447,
-646,
975,
-696,
-8146,
5434,
1705,
-7143,
1881,
2668,
-6039,
-118,
2384,
-6236,
-2467,
2972,
-3923,
-3922,
1966,
-927,
-2344,
1253,
156,
-1437,
-67,
78,
109,
-103,
-752,
653,
552,
-1086,
475,
572,
-1942,
-454,
843,
-1480,
-743,
951,
-769,
-690,
893,
-455,
-6331,
5988,
626,
-8019,
1885,
2111,
-7436,
-895,
2308,
-7020,
-4180,
1479,
-4412,
-3771,
1812,
-1580,
-2711,
1387,
93,
-1883,
-401,
25,
91,
-227,
-820,
830,
771,
-1023,
720,
1093,
-1799,
-1004,
195,
-1592,
-340,
1353,
-686,
-625,
1207,
-455,
-6436,
6172,
795,
-8146,
1816,
2247,
-7449,
-989,
2577,
-6577,
-4210,
942,
-4895,
-3896,
1917,
-1419,
-2631,
1310,
-56,
-2011,
-502,
-15,
101,
-206,
-680,
1044,
716,
-1379,
426,
982,
-1784,
-787,
511,
-1386,
-134,
1653,
-515,
-654,
1158,
-625,
-7607,
5972,
1412,
-7928,
1766,
2862,
-6290,
77,
3493,
-5590,
-2906,
2608,
-3520,
-3311,
2246,
-1049,
-2821,
593,
-404,
-1737,
-142,
92,
90,
-133,
-716,
655,
391,
-1314,
270,
379,
-1971,
-248,
1077,
-1127,
59,
1940,
-190,
-606,
735,
-750,
-8802,
4883,
1342,
-6856,
3116,
3719,
-6054,
-319,
2751,
-5777,
-2170,
3471,
-3300,
-3789,
1413,
-1623,
-2764,
914,
-179,
-1518,
39,
117,
118,
27,
-536,
665,
193,
-1434,
415,
544,
-1785,
277,
1639,
-1166,
-530,
1313,
-477,
-437,
1063,
-780,
-9518,
4073,
767,
-7187,
2828,
3430,
-6240,
-346,
2782,
-5919,
-2464,
3437,
-2926,
-3383,
1675,
-1273,
-2344,
1107,
-203,
-1513,
100,
139,
113,
16,
-476,
968,
664,
-1043,
758,
901,
-1600,
339,
1787,
-1091,
-634,
1252,
-501,
-511,
1142,
-490,
-9055,
1333,
540,
-3724,
3343,
2601,
-3998,
444,
867,
-5174,
-458,
2937,
-3116,
-2139,
1355,
-2392,
-1835,
2328,
307,
-1636,
-181,
91,
38,
-285,
-336,
1325,
170,
-1862,
777,
1182,
-2107,
-511,
1461,
-1184,
-957,
1257,
-26,
-530,
598,
-324,
-9141,
-1152,
-1360,
-3267,
3545,
2313,
-3631,
-129,
-497,
-5110,
166,
2635,
-3353,
-2059,
1002,
-2712,
-1791,
2294,
187,
-1755,
-341,
36,
42,
-231,
-72,
1590,
352,
-1515,
1156,
1487,
-1689,
-251,
1299,
-1475,
-1287,
859,
-201,
-529,
479,
-409,
-8763,
516,
-944,
-4403,
3318,
1874,
-5571,
-1300,
-731,
-6030,
-331,
2919,
-3848,
-2688,
1152,
-2949,
-2476,
2159,
270,
-1842,
-325,
73,
49,
-162,
-101,
1432,
46,
-1971,
943,
1611,
-1546,
20,
1810,
-968,
-755,
1408,
48,
-568,
329,
-651,
-8578,
4064,
249,
-7525,
2804,
4137,
-5772,
-1555,
1418,
-5545,
-1523,
3792,
-2473,
-2842,
1615,
-1542,
-2008,
2021,
515,
-1444,
-46,
138,
82,
-38,
-504,
781,
318,
-1463,
527,
1228,
-1301,
-151,
1216,
-1048,
-459,
1471,
-164,
-714,
506,
-729,
-9160,
4166,
115,
-8112,
2570,
3802,
-6047,
-883,
1779,
-6306,
-1854,
3812,
-3443,
-3826,
1624,
-1568,
-2560,
1560,
345,
-1448,
-23,
105,
124,
75,
-411,
885,
455,
-1076,
1116,
1332,
-1611,
-54,
1480,
-1168,
-591,
1433,
-312,
-662,
688,
-755,
-9352,
3955,
306,
-7601,
2778,
3670,
-5921,
-256,
2351,
-6650,
-3005,
3135,
-3090,
-3326,
1695,
-1685,
-2874,
1060,
181,
-1154,
222,
123,
151,
159,
-368,
929,
507,
-1127,
1088,
1664,
-1043,
144,
1169,
-1432,
-508,
1510,
-474,
-742,
942,
-749,
-9301,
3980,
457,
-7284,
2985,
3653,
-5880,
44,
2739,
-6427,
-2949,
3325,
-2565,
-2826,
1662,
-2142,
-3325,
678,
-188,
-1364,
207,
147,
134,
99,
-452,
823,
266,
-1507,
805,
1522,
-1218,
37,
1339,
-1087,
-140,
1864,
-279,
-795,
792,
-568,
-8185,
3416,
-742,
-8869,
1559,
5154,
-3900,
-1322,
2791,
-2002,
-112,
2858,
-2645,
-3029,
1129,
-473,
-1099,
857,
-520,
-1153,
202,
91,
103,
-58,
-482,
626,
67,
-1104,
893,
625,
-1919,
143,
1595,
-1146,
-614,
1297,
-519,
-895,
691,
-268,
-6519,
2174,
-3080,
-11154,
-1360,
4067,
-4059,
-4610,
86,
-121,
978,
894,
-2785,
-1703,
728,
-755,
-298,
738,
-1127,
-1125,
210,
-14,
126,
-140,
-362,
921,
72,
-878,
1817,
1690,
-1214,
372,
1379,
-1676,
-1462,
518,
-557,
-544,
703,
-203,
-5953,
1575,
-3098,
-10305,
-1569,
3766,
-3186,
-3975,
576,
1063,
1237,
26,
-2760,
-1200,
265,
-1374,
-263,
855,
-1244,
-1286,
136,
-12,
125,
-66,
-296,
753,
-27,
-735,
1748,
1439,
-1291,
353,
1520,
-1277,
-1351,
377,
-287,
-109,
736,
-177,
-4660,
2332,
-1378,
-7904,
-1459,
2677,
-2094,
-2605,
-951,
-878,
1799,
746,
-4249,
-2824,
491,
-862,
-939,
163,
-970,
-889,
88,
-85,
125,
-149,
-288,
836,
-188,
-1128,
1420,
1142,
-1821,
-137,
1645,
-805,
-1197,
469,
123,
80,
438,
-57,
-3396,
2099,
-1710,
-7035,
-1731,
503,
-3051,
-1677,
-1112,
-2437,
1371,
1366,
-4568,
-3734,
331,
-814,
-1435,
-253,
-986,
-1006,
-122,
-110,
94,
-175,
-58,
930,
-665,
-1533,
1785,
1630,
-1976,
-286,
2136,
-419,
-1387,
394,
325,
24,
304,
-101,
-4184,
1426,
-1436,
-6622,
-2057,
428,
-2833,
-2087,
-1065,
-1474,
1321,
266,
-4894,
-3603,
-205,
-1610,
-1959,
-536,
-1112,
-1194,
-353,
-177,
108,
-89,
47,
791,
-744,
-1167,
2257,
2121,
-1241,
299,
2384,
-86,
-994,
672,
792,
685,
743,
-59,
-3468,
747,
-1389,
-4907,
-1312,
-1,
-2135,
-485,
-341,
-1894,
1085,
1508,
-3094,
-3106,
-309,
-686,
-649,
85,
-837,
-817,
-5,
-66,
99,
-42,
-114,
656,
-187,
-970,
927,
909,
-1116,
120,
1347,
-494,
-713,
511,
50,
-58,
424,
30,
-2771,
113,
-1827,
-4021,
-873,
-745,
-2741,
-252,
425,
-1353,
956,
1438,
-2739,
-3088,
-635,
-757,
-594,
120,
-769,
-929,
-180,
-75,
66,
-116,
-194,
389,
-520,
-1302,
441,
556,
-1241,
-233,
831,
-857,
-1031,
299,
-29,
-289,
233,
58,
-2721,
-298,
-1998,
-3915,
-733,
-125,
-2537,
-1011,
612,
-286,
654,
654,
-2378,
-2981,
-1368,
-1071,
-576,
8,
-717,
-917,
-343,
-124,
66,
-63,
-108,
343,
-325,
-991,
160,
333,
-694,
136,
665,
-840,
-938,
313,
239,
-81,
168,
67,
-2687,
-401,
-1630,
-3182,
-785,
-786,
-2591,
-900,
69,
-482,
1209,
623,
-3064,
-3226,
-1436,
-1372,
-423,
589,
-483,
-954,
-277,
-71,
57,
-35,
-69,
358,
-313,
-903,
288,
347,
-641,
335,
589,
-1126,
-761,
707,
160,
-282,
286,
51,
-2690,
-150,
-1210,
-3037,
-1125,
-1067,
-2205,
-288,
113,
-746,
1256,
797,
-3078,
-3285,
-1421,
-1288,
-291,
617,
-556,
-951,
-225,
-56,
48,
-81,
-61,
442,
-378,
-1011,
423,
365,
-1070,
-32,
686,
-869,
-652,
625,
-33,
-387,
331,
43,
-2679,
134,
-959,
-3114,
-1131,
-756,
-1998,
-239,
356,
-521,
1280,
1006,
-2773,
-3331,
-1573,
-1194,
-135,
758,
-370,
-861,
-238,
-55,
37,
-111,
-101,
366,
-415,
-1002,
397,
344,
-1123,
-165,
683,
-745,
-693,
515,
17,
-342,
266,
37,
-2744,
150,
-1109,
-3452,
-1322,
-849,
-2235,
-464,
235,
-764,
927,
754,
-2946,
-3543,
-1806,
-1381,
-253,
644,
-521,
-952,
-239,
-57,
52,
-52,
-79,
386,
-308,
-872,
535,
544,
-961,
-104,
761,
-609,
-524,
744,
241,
-226,
300,
42,
-2780,
14,
-1325,
-3660,
-1385,
-759,
-2254,
-706,
-45,
-1068,
570,
580,
-2955,
-3699,
-2037,
-1445,
-289,
470,
-694,
-989,
-202,
-49,
67,
32,
-45,
295,
-367,
-820,
641,
732,
-719,
104,
972,
-431,
-490,
776,
411,
-46,
396,
38,
-2781,
226,
-1256,
-3766,
-1318,
-653,
-2164,
-356,
294,
-1043,
612,
736,
-2866,
-3525,
-1815,
-1437,
-304,
633,
-573,
-1000,
-216,
-45,
60,
-24,
-130,
294,
-359,
-966,
498,
787,
-610,
94,
885,
-495,
-509,
744,
320,
-179,
272,
47,
-2739,
226,
-1315,
-3812,
-1305,
-646,
-2173,
-140,
945,
-308,
808,
469,
-2955,
-3334,
-1678,
-1282,
-28,
707,
-756,
-1081,
-152,
-25,
65,
-45,
-286,
217,
-111,
-724,
289,
429,
-556,
353,
863,
-638,
-523,
631,
76,
-269,
285,
58,
-2722,
-27,
-1729,
-3883,
-804,
-113,
-2043,
134,
1593,
-185,
374,
658,
-2202,
-3038,
-1715,
-1166,
0,
577,
-854,
-1206,
-250,
-21,
50,
-29,
-230,
152,
-195,
-798,
80,
359,
-367,
278,
462,
-797,
-337,
864,
241,
-179,
339,
68,
-2633,
-209,
-2248,
-4203,
-764,
-126,
-1896,
510,
1239,
-1316,
-364,
561,
-2038,
-2551,
-1250,
-1243,
-328,
389,
-946,
-1252,
-284,
-50,
56,
-89,
-274,
307,
-15,
-663,
341,
622,
-201,
451,
509,
-810,
-97,
1119,
243,
-147,
456,
77,
-2548,
-362,
-2446,
-4052,
-176,
534,
-1686,
386,
1446,
-800,
-74,
768,
-1548,
-1915,
-595,
-689,
-215,
196,
-949,
-1107,
-248,
-48,
33,
-203,
-292,
455,
52,
-783,
208,
508,
-509,
1,
342,
-676,
-147,
848,
115,
-192,
291,
26,
-2811,
503,
-1885,
-4712,
-751,
403,
-2115,
-549,
28,
-2077,
-669,
2,
-2636,
-2240,
-549,
-1116,
-487,
257,
-1125,
-1273,
-191,
-33,
49,
-168,
-165,
916,
508,
-528,
623,
763,
-744,
-139,
388,
-777,
-56,
1102,
8,
-469,
144,
8,
-2950,
767,
-1644,
-5154,
-1619,
58,
-1551,
2,
-384,
-3004,
-1266,
-15,
-1960,
-1353,
-464,
-1706,
-883,
98,
-1211,
-1151,
-45,
-11,
49,
-157,
0,
1099,
276,
-981,
182,
90,
-1202,
25,
424,
-1035,
-74,
840,
-744,
-892,
119,
12,
-2973,
737,
-1435,
-5021,
-1888,
-115,
-1607,
-511,
-1039,
-3547,
-2312,
-1138,
-2019,
-853,
-556,
-2246,
-1342,
-224,
-1347,
-1119,
-13,
-16,
65,
-27,
215,
1145,
181,
-917,
338,
263,
-802,
503,
785,
-534,
437,
949,
-682,
-478,
494,
-27,
-3051,
1159,
-1554,
-5078,
-354,
1360,
-2001,
-1395,
-1258,
-3429,
-1812,
-528,
-1776,
-640,
-369,
-2295,
-1166,
73,
-1390,
-1104,
204,
34,
90,
19,
86,
993,
-32,
-1076,
723,
621,
-1198,
218,
1082,
-620,
-126,
703,
-595,
-346,
591,
-75,
-3262,
1798,
-1386,
-5192,
655,
2013,
-2727,
-1690,
-882,
-3489,
-1864,
-362,
-1783,
-576,
-445,
-2547,
-844,
516,
-1532,
-1163,
381,
22,
139,
-50,
-193,
1137,
-13,
-1728,
615,
1135,
-1384,
-249,
1106,
-761,
-502,
620,
-621,
-412,
657,
-141,
-4183,
2469,
28,
-4448,
1588,
3683,
-1956,
-2830,
-1834,
-2002,
-222,
-2114,
-4948,
-1348,
-73,
-3196,
-1121,
1205,
-1398,
-1527,
374,
76,
175,
175,
-206,
895,
163,
-1289,
659,
1100,
-882,
140,
739,
-942,
0,
733,
-1018,
-320,
1088,
-143,
-4355,
3013,
-69,
-5075,
2193,
4655,
-2203,
-3601,
-2363,
-1945,
831,
-1250,
-5327,
-1826,
-25,
-3270,
-1157,
1358,
-1504,
-1655,
485,
121,
196,
246,
-341,
622,
61,
-1032,
1039,
970,
-1287,
310,
1011,
-1302,
-245,
985,
-1060,
-708,
901,
-173,
-4435,
3215,
-166,
-5624,
1794,
4537,
-1972,
-3033,
-2414,
-2631,
961,
-765,
-6118,
-2751,
540,
-2616,
-1669,
933,
-1070,
-1254,
397,
12,
206,
41,
-501,
974,
173,
-1622,
1120,
1762,
-1752,
-816,
1236,
-957,
-1099,
719,
-196,
-431,
536,
-143,
-4387,
2745,
-570,
-5498,
1623,
3940,
-1977,
-2924,
-3125,
-2972,
1509,
-954,
-6956,
-2725,
802,
-3123,
-2156,
958,
-969,
-1231,
339,
-57,
229,
-12,
-468,
1300,
310,
-1670,
1512,
2323,
-1558,
-768,
1359,
-699,
-725,
846,
-243,
-223,
727,
-121,
-4189,
2848,
-1091,
-6023,
1996,
4341,
-2358,
-3099,
-2477,
-2237,
1846,
-860,
-6817,
-2452,
836,
-3334,
-1949,
1474,
-881,
-1403,
369,
0,
219,
-23,
-643,
1049,
170,
-1892,
1149,
2046,
-1697,
-815,
1275,
-1035,
-1118,
725,
-325,
-491,
562,
-160,
-4479,
2700,
-687,
-5344,
2038,
3705,
-2539,
-2485,
-2197,
-2651,
1791,
-524,
-7105,
-2884,
1213,
-3011,
-2399,
1256,
-446,
-1133,
288,
-43,
217,
-37,
-603,
1015,
-85,
-2124,
1344,
2374,
-1861,
-1054,
1495,
-1078,
-1634,
700,
29,
-568,
393,
-173,
-4830,
3002,
-542,
-5750,
2350,
4838,
-2176,
-3155,
-2562,
-2344,
1806,
-1167,
-7747,
-3332,
603,
-3380,
-2015,
1766,
-414,
-1205,
340,
-53,
264,
101,
-608,
1120,
523,
-1491,
1317,
2051,
-1779,
-814,
1528,
-829,
-1080,
1013,
183,
-197,
719,
-219,
-5197,
3429,
-396,
-5921,
3182,
5672,
-2527,
-3142,
-1453,
-1532,
1973,
-980,
-7394,
-2799,
1082,
-3322,
-2075,
1801,
-552,
-1359,
384,
-22,
271,
82,
-819,
986,
566,
-1875,
471,
1547,
-1849,
-1188,
808,
-1057,
-560,
1574,
360,
-131,
806,
-278,
-5546,
3787,
-755,
-6532,
3856,
5401,
-4545,
-3269,
91,
-1815,
1353,
245,
-6736,
-3347,
1582,
-2525,
-2485,
1455,
-254,
-1348,
236,
6,
239,
150,
-658,
954,
487,
-2060,
32,
1362,
-1626,
-1046,
887,
-840,
-439,
1482,
88,
-569,
474,
-315,
-5755,
3235,
-1251,
-6350,
3873,
4158,
-5280,
-1754,
1323,
-2726,
1361,
2392,
-5876,
-4284,
1701,
-1793,
-2880,
1272,
606,
-886,
85,
10,
154,
-32,
-533,
1023,
406,
-1603,
966,
1831,
-1850,
-1069,
1535,
-369,
-668,
1362,
403,
-511,
273,
-274,
-5799,
2850,
-1999,
-7098,
3705,
4687,
-4686,
-1564,
1035,
-3443,
1102,
3316,
-5002,
-4403,
1748,
-1342,
-3260,
400,
293,
-943,
-4,
38,
115,
36,
-278,
874,
75,
-1541,
852,
1415,
-1813,
-871,
1472,
-73,
-122,
1408,
309,
-258,
487,
-284,
-6262,
1558,
-1505,
-5632,
3112,
4196,
-3303,
-1013,
626,
-3392,
381,
2514,
-4233,
-3950,
1315,
-555,
-2082,
193,
-304,
-1105,
-123,
-23,
129,
130,
-142,
703,
110,
-854,
1116,
1082,
-1506,
-191,
1503,
-369,
-285,
1331,
451,
27,
638,
-279,
-6283,
754,
-854,
-4067,
2454,
2948,
-2520,
-331,
237,
-2954,
842,
1784,
-4590,
-3777,
702,
-1051,
-1423,
1059,
94,
-925,
-41,
15,
87,
14,
-86,
786,
-121,
-1257,
715,
768,
-1640,
-503,
1044,
-225,
52,
756,
-399,
-35,
770,
-254,
-6306,
338,
-1346,
-4440,
1722,
2183,
-2161,
562,
-281,
-4674,
-107,
1901,
-4573,
-4092,
507,
-1156,
-1656,
702,
-254,
-1087,
12,
80,
59,
-5,
-95,
699,
-169,
-1200,
645,
584,
-1716,
-869,
10,
-1196,
-199,
704,
-723,
-400,
497,
-317,
-6368,
1137,
-1091,
-4742,
2428,
2898,
-2564,
449,
108,
-4879,
-291,
2347,
-3957,
-3205,
1460,
-878,
-1684,
865,
-253,
-1225,
-12,
59,
99,
94,
-91,
777,
1,
-955,
1338,
1456,
-1265,
-281,
1134,
-473,
-242,
637,
-647,
-458,
493,
-409,
-6563,
2139,
-1166,
-6438,
1533,
2046,
-4826,
-603,
1395,
-3985,
-338,
3052,
-2931,
-3075,
1031,
-1171,
-1749,
822,
-410,
-1379,
-82,
30,
105,
-8,
-308,
726,
18,
-1176,
976,
1093,
-1419,
130,
1746,
-276,
-141,
988,
-361,
-224,
881,
-454,
-6757,
2763,
-1008,
-7039,
1674,
2411,
-5454,
-1175,
1252,
-5080,
-2180,
1611,
-4185,
-4250,
446,
-1580,
-2414,
472,
-319,
-1441,
-317,
-46,
115,
69,
-33,
939,
-69,
-1341,
773,
703,
-1752,
-143,
1126,
-863,
-28,
1275,
-564,
-454,
1035,
-481,
-6765,
3773,
-500,
-7534,
1940,
3746,
-3792,
649,
2270,
-5328,
-2324,
2030,
-3888,
-3919,
788,
-1603,
-2286,
943,
-74,
-1368,
-206,
-42,
152,
133,
-69,
1156,
337,
-1275,
692,
749,
-1893,
-459,
886,
-1113,
-292,
1083,
-771,
-685,
803,
-553,
-7392,
4258,
-6,
-7933,
1612,
3919,
-3072,
2009,
3026,
-5789,
-2571,
2468,
-3565,
-3553,
1357,
-1301,
-2100,
1147,
-144,
-1429,
-10,
68,
127,
79,
-290,
922,
392,
-914,
1178,
1111,
-1567,
131,
1431,
-976,
-123,
1557,
-354,
-464,
875,
-622,
-7889,
4094,
292,
-7492,
1562,
2832,
-4800,
350,
1389,
-7172,
-2753,
3394,
-2671,
-3046,
1853,
-737,
-1605,
1423,
-154,
-1502,
10,
74,
148,
190,
-146,
1105,
547,
-863,
1378,
1461,
-1500,
51,
1668,
-692,
-109,
1649,
-63,
-263,
974,
-663,
-8418,
4018,
191,
-7774,
1386,
1764,
-7214,
-1774,
409,
-7865,
-3432,
2890,
-3373,
-3937,
1092,
-1436,
-2156,
1182,
-337,
-1684,
28,
147,
110,
133,
-175,
1119,
475,
-1284,
785,
1078,
-1725,
-44,
1800,
-725,
-600,
1139,
-281,
-369,
975,
-714,
-8584,
4519,
525,
-7944,
1616,
2268,
-6791,
-554,
2262,
-6949,
-3665,
2440,
-3771,
-4187,
1150,
-1501,
-2586,
888,
-229,
-1509,
35,
99,
142,
163,
-332,
758,
57,
-1726,
278,
741,
-1608,
184,
1543,
-1294,
-942,
923,
-651,
-719,
764,
-745,
-9014,
4345,
526,
-7744,
2256,
3156,
-5702,
919,
3613,
-6126,
-2844,
3422,
-3194,
-4148,
947,
-1642,
-2329,
1400,
-33,
-1648,
-64,
90,
140,
111,
-468,
798,
450,
-1276,
694,
1401,
-891,
454,
1470,
-1178,
-571,
1107,
-841,
-941,
760,
