-651,
-9718,
2129,
361,
-5877,
1879,
1631,
-5507,
1475,
4739,
-3591,
-2167,
1950,
-2690,
-2217,
1062,
-2472,
-2636,
1090,
-103,
-1215,
189,
106,
121,
17,
-421,
851,
343,
-1183,
681,
818,
-1337,
564,
1639,
-877,
60,
1610,
-517,
-448,
1282,
-663,
-9531,
2403,
567,
-5777,
2103,
1960,
-5627,
634,
3735,
-4139,
-2306,
1763,
-3228,
-2952,
596,
-2420,
-2252,
1472,
85,
-1206,
139,
73,
145,
68,
-449,
839,
625,
-620,
1237,
1176,
-1196,
666,
1892,
-664,
60,
1694,
-281,
-475,
987,
-639,
-9471,
2397,
457,
-5411,
2901,
1858,
-6818,
-247,
3526,
-4315,
-2420,
1894,
-2922,
-2347,
1335,
-1925,
-1908,
1768,
166,
-1259,
118,
67,
151,
81,
-434,
780,
219,
-1237,
961,
1103,
-1611,
107,
1576,
-866,
-110,
1639,
-310,
-535,
898,
-603,
-9347,
2364,
235,
-5697,
2725,
1865,
-6708,
24,
3904,
-4445,
-3205,
1487,
-2376,
-1654,
1475,
-2165,
-2183,
1647,
186,
-1256,
124,
111,
117,
59,
-372,
708,
91,
-1172,
1090,
1316,
-1187,
243,
1176,
-1155,
-142,
1328,
-724,
-540,
1118,
-562,
-9400,
2277,
132,
-5649,
3024,
2232,
-6309,
778,
4984,
-3666,
-3090,
1276,
-2422,
-1351,
1979,
-1792,
-2105,
1619,
186,
-1351,
-46,
52,
122,
84,
-98,
1157,
234,
-1351,
1006,
1347,
-1156,
484,
1607,
-819,
168,
1633,
-745,
-773,
1126,
-595,
-9559,
2243,
351,
-5561,
2777,
2030,
-6557,
215,
4861,
-2719,
-1815,
2064,
-2063,
-1169,
2079,
-1699,
-1950,
1856,
408,
-1221,
49,
102,
103,
46,
-246,
931,
187,
-1323,
892,
1282,
-1170,
291,
1375,
-1048,
-235,
1341,
-755,
-911,
839,
-633,
-9499,
2463,
529,
-5539,
2877,
2453,
-5791,
837,
4555,
-3819,
-2595,
1924,
-2378,
-1970,
1352,
-2100,
-2325,
1371,
-5,
-1418,
24,
112,
105,
97,
-248,
688,
-133,
-1439,
861,
1213,
-1147,
200,
970,
-1253,
115,
1809,
-445,
-674,
813,
-677,
-9601,
2614,
757,
-5551,
2758,
2557,
-5554,
736,
3989,
-4329,
-2695,
1789,
-3065,
-2934,
771,
-2202,
-2435,
1096,
-77,
-1258,
77,
76,
118,
32,
-344,
733,
-7,
-1288,
893,
833,
-1654,
187,
1229,
-1398,
-474,
1206,
-660,
-361,
1315,
-683,
-9645,
2555,
670,
-5667,
2620,
2376,
-5861,
270,
3780,
-3743,
-1716,
2335,
-2655,
-1974,
1822,
-1773,
-2412,
1130,
-21,
-1263,
-8,
11,
141,
0,
-361,
961,
199,
-1329,
959,
982,
-1836,
1,
1492,
-1112,
-515,
1173,
-574,
-418,
1136,
-693,
-9686,
2677,
851,
-5584,
2443,
1887,
-6301,
-75,
3041,
-4439,
-1436,
2953,
-2805,
-2355,
2009,
-1390,
-2158,
1463,
304,
-1142,
-5,
-2,
156,
26,
-451,
818,
208,
-1260,
978,
1148,
-1582,
-44,
1254,
-1083,
-322,
1176,
-641,
-432,
952,
-690,
-9717,
2410,
314,
-6223,
2173,
2194,
-6015,
-89,
3149,
-4556,
-2326,
2124,
-2831,
-2189,
1964,
-1407,
-2259,
1175,
104,
-1165,
35,
20,
160,
146,
-238,
906,
181,
-1279,
1031,
1465,
-1015,
428,
1584,
-703,
78,
1478,
-551,
-568,
884,
-668,
-9645,
2466,
269,
-6419,
2104,
2497,
-5567,
631,
4431,
-3710,
-2814,
1446,
-2750,
-2224,
1532,
-1347,
-1733,
1531,
287,
-1065,
12,
11,
137,
49,
-273,
802,
-138,
-1505,
987,
1244,
-1479,
-97,
1015,
-1209,
-260,
1043,
-1210,
-1023,
884,
-505,
-9663,
1457,
1307,
-4851,
1222,
2823,
-3895,
-703,
3144,
-2610,
-3874,
-377,
-1307,
-1302,
284,
-1059,
-832,
957,
-37,
-934,
-299,
-95,
75,
-64,
-6,
601,
-610,
-1196,
1014,
583,
-1571,
12,
857,
-886,
125,
1155,
-567,
-280,
960,
-436,
-9530,
769,
1024,
-4300,
1430,
2687,
-4123,
-1442,
2537,
-2679,
-4127,
-396,
-594,
-953,
18,
-1143,
-1041,
418,
-207,
-751,
-212,
-83,
69,
-10,
142,
693,
-331,
-536,
1701,
1318,
-625,
704,
1204,
-522,
282,
983,
-599,
-106,
1066,
-580,
-9538,
1763,
1314,
-4594,
2102,
2925,
-4814,
-1363,
2456,
-3564,
-3832,
383,
-979,
-858,
870,
-1432,
-1695,
673,
81,
-686,
-13,
-36,
105,
-17,
-215,
681,
126,
-658,
1072,
910,
-870,
689,
1434,
-576,
49,
1019,
-587,
-361,
876,
-595,
-9420,
1918,
725,
-5098,
2348,
2549,
-5185,
-87,
3540,
-3863,
-3688,
675,
-1757,
-1350,
901,
-2108,
-2157,
1156,
313,
-885,
4,
23,
100,
10,
-172,
842,
37,
-1252,
654,
880,
-970,
588,
1308,
-949,
-161,
1084,
-679,
-437,
1066,
-636,
-9241,
2364,
812,
-5278,
2571,
2863,
-5080,
61,
3465,
-3909,
-2773,
1850,
-1582,
-1448,
1434,
-1610,
-2169,
1019,
227,
-960,
-35,
3,
115,
16,
-231,
870,
249,
-929,
1065,
1270,
-779,
584,
1130,
-1306,
-506,
950,
-621,
-356,
942,
-660,
-8826,
3314,
1982,
-4351,
3281,
3668,
-4138,
609,
3142,
-4703,
-3470,
1106,
-2474,
-2039,
1479,
-946,
-1235,
1615,
384,
-810,
132,
15,
142,
24,
-499,
464,
-46,
-1096,
1038,
1351,
-637,
899,
1617,
-795,
-12,
1278,
-671,
-591,
864,
-575,
-7984,
4416,
2970,
-3385,
4191,
4000,
-4289,
233,
2112,
-5997,
-4091,
399,
-4196,
-3711,
710,
-1601,
-2179,
943,
187,
-840,
67,
-36,
165,
62,
-325,
977,
629,
-526,
1391,
1349,
-714,
1244,
1982,
-994,
-239,
1581,
-274,
-499,
816,
-499,
-7550,
4667,
3182,
-2777,
4883,
4005,
-4918,
-368,
1661,
-6459,
-4383,
328,
-4171,
-3379,
1325,
-1344,
-2486,
611,
101,
-862,
44,
-34,
163,
78,
-341,
781,
254,
-838,
1441,
1722,
-497,
984,
1442,
-1540,
-637,
1501,
-128,
-450,
740,
-510,
-7485,
4469,
2931,
-2781,
5109,
4371,
-4585,
-182,
2171,
-5233,
-3065,
1031,
-3785,
-2760,
2076,
-974,
-2786,
37,
-78,
-673,
126,
-75,
194,
99,
-411,
673,
230,
-671,
1561,
1533,
-665,
1104,
1489,
-1721,
-683,
1738,
171,
-348,
596,
-452,
-6872,
4265,
2127,
-3180,
5406,
4715,
-5390,
-2439,
242,
-5310,
-2426,
911,
-4235,
-2932,
2010,
-892,
-2657,
-209,
-423,
-648,
283,
-27,
160,
-78,
-530,
781,
260,
-698,
1794,
1812,
-427,
1602,
1863,
-1925,
-917,
1843,
184,
-451,
758,
-352,
-6149,
4177,
1611,
-3102,
5742,
4488,
-6208,
-3722,
-1040,
-5400,
-1348,
1515,
-4488,
-2896,
2328,
-1226,
-3481,
-756,
-567,
-649,
283,
-24,
145,
-150,
-489,
1014,
352,
-771,
1938,
1931,
-810,
1026,
1422,
-2431,
-1321,
1896,
384,
-493,
600,
-372,
-6116,
4058,
1869,
-3012,
4756,
3516,
-6083,
-3433,
-1278,
-5590,
-1088,
2102,
-4062,
-2986,
2222,
-1016,
-3447,
-898,
-482,
-535,
265,
-27,
141,
-75,
-342,
1029,
507,
-407,
1915,
1729,
-576,
1115,
1035,
-2369,
-726,
2096,
230,
-385,
842,
-387,
-6175,
3948,
1689,
-3396,
4408,
3744,
-5566,
-3456,
-1843,
-6134,
-1273,
2406,
-3634,
-3077,
1824,
-1048,
-3246,
-919,
-607,
-533,
317,
-13,
140,
-64,
-292,
1174,
739,
-204,
2038,
1879,
-310,
1514,
1473,
-2161,
-791,
2105,
422,
-257,
850,
-401,
-6287,
4055,
1744,
-3569,
4014,
3132,
-5785,
-3009,
-1797,
-6760,
-1348,
2879,
-3740,
-3478,
2000,
-614,
-3085,
-874,
-506,
-440,
371,
5,
137,
-41,
-290,
964,
251,
-719,
1747,
1771,
-400,
1309,
1178,
-2354,
-958,
1734,
94,
-263,
906,
-381,
-6203,
4283,
2136,
-3128,
4280,
3130,
-5704,
-2412,
-941,
-6310,
-1502,
2264,
-4536,
-3721,
2702,
152,
-3105,
-1239,
-594,
-388,
340,
-33,
160,
28,
-179,
1147,
447,
-688,
1623,
1694,
-342,
1609,
1729,
-1996,
-963,
1825,
275,
-433,
634,
-372,
-6280,
3766,
1556,
-3603,
3593,
2444,
-6053,
-2670,
-1415,
-7160,
-2671,
1304,
-5023,
-4115,
2199,
-326,
-3450,
-1346,
-627,
-621,
131,
-28,
115,
-25,
1,
1360,
627,
-262,
2075,
1606,
-837,
1517,
2392,
-1103,
-295,
2350,
584,
-466,
646,
-350,
-5821,
3157,
1140,
-4077,
2672,
3307,
-4645,
-3436,
-1402,
-5512,
-3613,
-316,
-2921,
-1708,
1945,
-88,
-2033,
-934,
-736,
-404,
185,
-67,
104,
-94,
38,
1258,
311,
-446,
1863,
1349,
-852,
1423,
2049,
-1497,
-976,
1559,
326,
-362,
672,
-260,
-5291,
2433,
688,
-4187,
1910,
3667,
-3509,
-4058,
-1911,
-4215,
-3000,
-63,
-1119,
-729,
1061,
-82,
-1004,
-544,
-548,
-111,
120,
-162,
114,
-104,
205,
1356,
134,
-606,
1799,
1525,
-409,
1435,
1470,
-1970,
-1129,
1572,
413,
-403,
640,
-194,
-5032,
2049,
-121,
-5375,
712,
3627,
-3115,
-4549,
-1696,
-2398,
-1970,
-463,
-1001,
20,
1465,
174,
-851,
-641,
-482,
67,
116,
-167,
81,
-193,
271,
1244,
-324,
-779,
2049,
1766,
-264,
1408,
1369,
-1645,
-720,
1225,
-273,
-623,
614,
-169,
-4472,
1750,
-1324,
-6054,
848,
3065,
-4225,
-4241,
-188,
-1847,
-2858,
-1475,
-1152,
462,
1425,
-519,
-1096,
-280,
-516,
-373,
-60,
-152,
76,
-160,
274,
1279,
-241,
-865,
2032,
2017,
-342,
978,
1576,
-720,
-40,
1388,
-215,
-536,
634,
-170,
-4353,
1617,
-1328,
-5848,
359,
1872,
-4645,
-3768,
-451,
-2796,
-2857,
-794,
-1313,
-293,
1143,
-538,
-1397,
-661,
-734,
-519,
-176,
-187,
78,
-173,
329,
1334,
-491,
-1229,
2076,
2047,
-992,
448,
2084,
26,
39,
1274,
-25,
-282,
787,
-120,
-4191,
1200,
-1299,
-5350,
-32,
1251,
-4095,
-2723,
398,
-1909,
-2520,
-1267,
-1557,
122,
1850,
259,
-935,
-655,
-636,
-356,
-244,
-209,
16,
-441,
377,
1580,
-662,
-1457,
1927,
1357,
-1759,
393,
2220,
-112,
-117,
1017,
-369,
-375,
751,
-125,
-4103,
1463,
-1004,
-5066,
156,
1080,
-4268,
-2335,
839,
-1973,
-2473,
-749,
-1161,
284,
2202,
713,
-648,
-515,
-608,
-353,
-170,
-171,
19,
-398,
268,
1343,
-642,
-1310,
1668,
789,
-2123,
318,
2256,
34,
122,
1140,
-464,
-503,
735,
-162,
-4232,
2007,
-585,
-5382,
-310,
792,
-4247,
-1896,
976,
-2308,
-2285,
-226,
-1357,
-185,
2273,
970,
-542,
-514,
-840,
-652,
-238,
-151,
18,
-399,
126,
1201,
-520,
-1134,
1786,
1118,
-1772,
231,
1925,
-153,
-38,
983,
-327,
-214,
776,
-127,
-4028,
1633,
-1578,
-5767,
127,
419,
-5454,
-2222,
1308,
-2597,
-2878,
-658,
-1919,
-723,
1833,
360,
-901,
-305,
-706,
-937,
-515,
-206,
18,
-403,
207,
1338,
-520,
-1250,
1858,
1508,
-1245,
533,
1729,
-533,
-55,
1250,
-96,
-16,
879,
-102,
-3855,
1713,
-1724,
-5860,
133,
3,
-6078,
-2187,
1713,
-2584,
-2832,
-354,
-2166,
-1374,
1748,
606,
-899,
-176,
-374,
-884,
-636,
-222,
8,
-387,
219,
1143,
-689,
-1161,
1888,
1421,
-1163,
607,
1600,
-542,
188,
1503,
91,
79,
767,
-93,
-3811,
1778,
-1609,
-5716,
51,
-309,
-5997,
-1613,
1923,
-2799,
-2599,
127,
-2276,
-1750,
1719,
730,
-706,
222,
-86,
-880,
-656,
-209,
13,
-342,
146,
962,
-698,
-1158,
1664,
1285,
-1165,
292,
1156,
-523,
527,
1677,
79,
-3,
608,
-84,
-3847,
1658,
-2268,
-6071,
556,
-418,
-6853,
-1701,
2116,
-3159,
-2635,
265,
-2774,
-2156,
1678,
446,
-794,
513,
-160,
-1145,
-629,
-167,
32,
-232,
197,
1079,
-590,
-1304,
1775,
1850,
-969,
18,
1187,
-164,
708,
1657,
107,
154,
781,
-100,
-3901,
1943,
-1852,
-5930,
543,
-240,
-6540,
-1444,
2497,
-2467,
-1993,
435,
-2837,
-1951,
2197,
972,
-483,
632,
-84,
-1058,
-566,
-134,
10,
-270,
208,
977,
-850,
-1395,
1839,
1692,
-1224,
-40,
1141,
-370,
359,
1137,
-310,
134,
854,
-131,
-4107,
2302,
-1678,
-6340,
172,
-571,
-6917,
-1529,
2256,
-3116,
-2259,
480,
-3232,
-2395,
2141,
815,
-838,
464,
-66,
-1000,
-528,
-152,
37,
-235,
105,
872,
-859,
-1469,
1733,
1782,
-914,
223,
1076,
-574,
453,
1384,
-324,
37,
982,
-129,
-4136,
2414,
-1451,
-6133,
492,
-111,
-6846,
-1926,
2234,
-2534,
-1845,
488,
-3144,
-2143,
2261,
842,
-609,
868,
162,
-1016,
-548,
-139,
39,
-203,
24,
640,
-983,
-1455,
1807,
1998,
-826,
-24,
987,
-384,
309,
883,
-649,
-9,
1109,
-138,
-4167,
2910,
-1331,
-6477,
505,
10,
-6560,
-1128,
2406,
-3100,
-1649,
843,
-3748,
-2371,
2869,
868,
-956,
1083,
380,
-1140,
-564,
-84,
27,
-148,
69,
613,
-981,
-1405,
1838,
1881,
-1047,
-136,
884,
-604,
220,
959,
-628,
-10,
1110,
-177,
-4389,
2995,
-736,
-5992,
245,
-463,
-6437,
-687,
2586,
-2923,
-1074,
1409,
-3797,
-2857,
2541,
815,
-981,
1056,
457,
-993,
-454,
-57,
29,
-98,
137,
638,
-1022,
-1483,
1816,
1866,
-1184,
-159,
1176,
-430,
-5,
708,
-775,
-258,
919,
-200,
-4598,
2703,
-821,
-5723,
477,
-644,
-6824,
-907,
2590,
-2896,
-1339,
863,
-4233,
-3264,
1795,
145,
-1122,
949,
97,
-1192,
-468,
-99,
73,
-16,
237,
969,
-804,
-1710,
1804,
2333,
-1034,
-311,
1640,
532,
558,
749,
-835,
-240,
1016,
-232,
-4778,
2755,
-788,
-5449,
1369,
-3,
-6927,
-756,
3352,
-2308,
-1196,
798,
-4283,
-3045,
2048,
32,
-1255,
1135,
309,
-1059,
-308,
-37,
72,
45,
312,
1207,
-353,
-1449,
1773,
2282,
-1194,
-653,
1414,
382,
178,
311,
-1004,
-234,
988,
-245,
-4817,
3064,
-475,
-5466,
1288,
-197,
-7612,
-1454,
3400,
-1895,
-1130,
781,
-3934,
-2647,
2049,
-281,
-1582,
917,
189,
-1089,
-290,
-40,
94,
136,
306,
1047,
-431,
-1458,
1532,
1909,
-1297,
-502,
1512,
435,
403,
637,
-846,
-234,
1037,
-289,
-5038,
3634,
347,
-5139,
1224,
-508,
-7874,
-1237,
3749,
-1881,
-1287,
548,
-4189,
-2684,
2108,
-262,
-1438,
1003,
26,
-1187,
-218,
-2,
80,
46,
127,
941,
-375,
-1121,
2171,
2435,
-1120,
-540,
1168,
-17,
458,
1008,
-817,
-420,
1001,
-340,
-5399,
3933,
546,
-5528,
1254,
260,
-7140,
-806,
3945,
-1784,
-817,
1192,
-4201,
-3128,
2066,
-21,
-1344,
1100,
229,
-1053,
-176,
11,
76,
68,
216,
1136,
-12,
-616,
2665,
2750,
-1066,
-716,
818,
-470,
111,
975,
-644,
-329,
924,
-354,
-5449,
4266,
724,
-5759,
1054,
-44,
-7731,
-1135,
3924,
-2120,
-1458,
738,
-4297,
-3028,
2018,
-346,
-1637,
1006,
209,
-1010,
-99,
19,
97,
161,
345,
1312,
-4,
-1056,
2065,
2456,
-1090,
-710,
785,
-531,
136,
1185,
-445,
-414,
648,
-364,
-5547,
4329,
1010,
-5541,
848,
-519,
-8129,
-1776,
2766,
-2913,
-1169,
1329,
-4129,
-2926,
2118,
-642,
-2014,
1002,
262,
-1190,
-257,
13,
71,
76,
332,
1428,
126,
-1099,
1778,
2092,
-1221,
-444,
1273,
-122,
364,
1324,
-328,
-353,
642,
-375,
-5541,
4567,
1288,
-5315,
1204,
-139,
-7907,
-1545,
3125,
-2560,
-955,
1319,
-4292,
-2946,
2391,
-288,
-1810,
1114,
449,
-970,
-149,
37,
48,
-64,
107,
1252,
129,
-888,
1873,
1776,
-1576,
-478,
1192,
-558,
-246,
706,
-712,
-216,
1025,
-399,
-5783,
4309,
1034,
-5403,
1427,
163,
-7764,
-1541,
2971,
-2875,
-1338,
910,
-4487,
-2706,
2528,
-896,
-2782,
477,
197,
-1046,
-149,
31,
63,
-37,
18,
1089,
4,
-957,
2018,
2206,
-1134,
-187,
1372,
-543,
-340,
554,
-1108,
-677,
1016,
-378,
-5691,
3892,
737,
-5413,
1231,
96,
-7736,
-1993,
2498,
-3098,
-1869,
564,
-4104,
-2432,
2442,
-794,
-2748,
315,
232,
-1035,
-316,
-10,
42,
-30,
279,
1181,
-237,
-1030,
1895,
1657,
-1467,
83,
1730,
-244,
214,
1275,
-614,
-583,
943,
-391,
-5831,
3866,
606,
-5569,
1162,
-153,
-7982,
-2193,
1774,
-3880,
-1907,
490,
-4708,
-2719,
2465,
-976,
-2769,
437,
57,
-1178,
-219,
30,
43,
-103,
58,
1235,
148,
-843,
1896,
1876,
-1039,
428,
1855,
-100,
600,
1586,
-601,
-562,
1034,
-416,
-5981,
4269,
1428,
-5077,
1169,
63,
-7291,
-1772,
1557,
-3884,
-1171,
1288,
-4176,
-2016,
3128,
-847,
-2735,
785,
292,
-1240,
-271,
37,
40,
-141,
-115,
1104,
171,
-1127,
1209,
1403,
-1243,
9,
1282,
-501,
402,
1543,
-677,
-879,
663,
-434,
-6281,
4045,
1814,
-4606,
832,
-392,
-7027,
-1496,
1448,
-3706,
-782,
1064,
-5209,
-3195,
2844,
-18,
-1988,
687,
21,
-1258,
-332,
-43,
83,
-31,
5,
1015,
-16,
-944,
1378,
1137,
-1089,
710,
1295,
-1024,
516,
2017,
-439,
-557,
993,
-484,
-6617,
3906,
1438,
-4927,
1346,
277,
-6888,
-1149,
2124,
-3504,
-865,
1423,
-4492,
-2716,
2678,
-617,
-2425,
536,
-57,
-1236,
-249,
-31,
92,
-35,
-50,
1033,
9,
-987,
1413,
1060,
-1538,
277,
1255,
-879,
611,
1988,
-616,
-690,
1028,
-526,
-7036,
3804,
1316,
-5304,
1220,
484,
-6720,
-925,
2372,
-3709,
-1423,
1027,
-4728,
-3008,
2335,
-940,
-2552,
662,
16,
-1352,
-353,
-56,
101,
-57,
-168,
1079,
383,
-711,
1534,
1504,
-1077,
194,
1113,
-667,
660,
1750,
-619,
-445,
1114,
-540,
-7234,
3692,
1121,
-5232,
1866,
906,
-6751,
-469,
3120,
-3696,
-1662,
1587,
-3728,
-2464,
2318,
-1165,
-2795,
472,
54,
-1038,
-56,
22,
87,
-96,
-282,
911,
171,
-855,
1715,
2011,
-601,
274,
779,
-975,
691,
1747,
-1026,
-958,
845,
-531,
-7298,
3664,
1164,
-4953,
2057,
354,
-7592,
-822,
2705,
-4518,
-2027,
1708,
-3923,
-2710,
2561,
-817,
-2714,
374,
-125,
-1173,
-125,
-41,
140,
8,
-241,
1148,
508,
-793,
1945,
2741,
-97,
357,
1042,
-736,
501,
1546,
-1052,
-1009,
999,
-541,
-7490,
3615,
1292,
-4955,
1785,
303,
-6903,
341,
3727,
-3765,
-1339,
2460,
-3016,
-1758,
3200,
-534,
-2450,
695,
74,
-1079,
-52,
-17,
142,
69,
-39,
1621,
1143,
-471,
1747,
2441,
-179,
168,
439,
-1423,
55,
1122,
-1546,
-1230,
1093,
-546,
-7521,
3734,
1584,
-4618,
2036,
253,
-7534,
-789,
2522,
-4864,
-2173,
2387,
-2544,
-1856,
2470,
-775,
-2184,
572,
-252,
-1000,
152,
13,
137,
-95,
-400,
1419,
1131,
-594,
1462,
2117,
-419,
93,
442,
-1408,
146,
1253,
-1366,
-905,
1382,
-563,
-7838,
3467,
1223,
-4756,
2559,
823,
-7393,
-330,
3595,
-3982,
-1826,
2519,
-2515,
-1877,
2552,
-674,
-2228,
366,
-573,
-1288,
60,
40,
103,
-187,
-467,
1339,
969,
-774,
1399,
2156,
-438,
-2,
450,
-1268,
280,
1505,
-797,
-305,
1620,
-582,
-7748,
3618,
1298,
-5036,
1990,
478,
-7487,
-796,
2731,
-4634,
-2354,
1669,
-3329,
-2323,
1990,
-1467,
-2634,
431,
-559,
-1438,
-22,
28,
127,
-10,
-263,
1299,
913,
-448,
1794,
2145,
-490,
474,
1229,
-817,
155,
1088,
-1100,
-443,
1558,
-577,
-7840,
3577,
1243,
-4951,
2421,
828,
-7600,
-727,
3493,
-4164,
-3173,
401,
-3701,
-1971,
2194,
-1464,
-2546,
534,
-502,
-1388,
-28,
6,
128,
-71,
-365,
1133,
564,
-802,
1540,
1673,
-1036,
411,
1309,
-1331,
-629,
745,
-1139,
-657,
1153,
-563,
-7879,
3433,
1048,
-5141,
2129,
408,
-7773,
-256,
4194,
-4038,
-3417,
690,
-2962,
-1640,
1940,
-1892,
-2956,
180,
-757,
-1547,
-72,
32,
96,
-193,
-532,
1080,
824,
-488,
1418,
1327,
-988,
861,
1805,
-841,
-79,
1278,
-733,
-459,
1145,
-535,
-7864,
3217,
537,
-5147,
3173,
1357,
-8043,
-972,
4280,
-3142,
-2520,
949,
-3133,
-1452,
2614,
-1332,
-2658,
462,
-522,
-1430,
-18,
28,
122,
-107,
-576,
891,
711,
-402,
1727,
1702,
-861,
802,
1894,
-612,
129,
1432,
-724,
-545,
1184,
-550,
-8051,
3203,
842,
-4636,
3647,
1588,
-8160,
-1312,
4093,
-2901,
-2058,
1046,
-3762,
-2392,
2204,
-1070,
-2421,
402,
-405,
-1017,
274,
78,
129,
2,
-311,
1158,
844,
-91,
2395,
2243,
-787,
628,
1599,
-1004,
-73,
1557,
-548,
-537,
1092,
-552,
-8196,
3130,
829,
-4892,
3440,
2131,
-7501,
-1641,
3490,
-2795,
-2077,
306,
-4239,
-2163,
2400,
-1235,
-2663,
271,
-320,
-757,
448,
86,
156,
87,
-333,
968,
538,
-576,
1663,
1493,
-1225,
497,
1496,
-1268,
-432,
1281,
-695,
-616,
1115,
-568,
-8159,
3104,
537,
-5441,
2987,
2040,
-7302,
-1458,
3275,
-3320,
-2191,
819,
-3761,
-1954,
2650,
-1104,
-2854,
6,
-645,
-1221,
132,
23,
168,
103,
-383,
921,
565,
-946,
742,
839,
-1241,
631,
1604,
-1154,
-380,
1595,
-39,
-214,
1131,
-601,
-8429,
2968,
563,
-5268,
3188,
2269,
-6665,
-898,
2641,
-4323,
-1852,
1852,
-3459,
-2021,
2718,
-1260,
-3109,
24,
-537,
-1207,
111,
14,
160,
-3,
-522,
932,
584,
-1028,
777,
905,
-1321,
667,
1775,
-1194,
-547,
1504,
-265,
-655,
743,
-561,
-7985,
2496,
-285,
-5711,
2891,
2322,
-5744,
199,
3101,
-4178,
-1563,
2307,
-2874,
-1542,
2926,
-876,
-2249,
739,
-540,
-1544,
-19,
24,
156,
15,
-625,
688,
593,
-551,
1499,
1563,
-1090,
339,
1404,
-1094,
-198,
1675,
-230,
-494,
1030,
-365,
-6688,
1351,
-1501,
-4709,
3414,
1206,
-6196,
346,
2439,
-4710,
-1479,
1798,
-3852,
-2034,
2631,
-1270,
-2323,
876,
-637,
-1738,
-44,
67,
124,
-91,
-791,
455,
290,
-881,
1300,
1619,
-918,
414,
1358,
-1280,
-581,
1284,
-402,
-564,
882,
-340,
-6202,
1516,
-1449,
-4691,
2874,
272,
-6774,
11,
1641,
-6002,
-2657,
1019,
-4560,
-2878,
1957,
-1667,
-2744,
441,
-821,
-1728,
-22,
80,
110,
-132,
-801,
467,
219,
-1177,
837,
1290,
-1125,
-17,
832,
-1481,
-550,
1290,
-345,
-482,
804,
-408,
-6467,
2233,
-623,
-4669,
2919,
813,
-6240,
630,
2328,
-5859,
-2643,
1670,
-3921,
-2846,
1999,
-1423,
-2732,
428,
-577,
-1538,
-15,
67,
119,
-37,
-638,
543,
316,
-996,
745,
829,
-1574,
-330,
563,
-1557,
-408,
1358,
-426,
-519,
821,
-447,
-6914,
2383,
25,
-4145,
3218,
963,
-6472,
68,
2104,
-5301,
-1863,
1812,
-4323,
-3132,
1822,
-1812,
-3068,
460,
-359,
-1335,
133,
111,
117,
20,
-475,
803,
426,
-1179,
642,
957,
-1470,
47,
1369,
-1285,
-1103,
681,
-593,
-620,
735,
-480,
-7183,
2434,
-56,
-4684,
2877,
1191,
-6232,
-110,
1686,
-5756,
-2362,
1427,
-4319,
-2892,
1883,
-1977,
-3313,
188,
-527,
-1384,
29,
23,
160,
96,
-345,
989,
598,
-746,
1380,
1422,
-1413,
72,
1365,
-1311,
-929,
903,
-420,
-266,
1128,
-509,
-7112,
2976,
545,
-4476,
3061,
1632,
-6003,
-434,
1190,
-5827,
-1818,
2235,
-3764,
-2723,
2019,
-1506,
-2616,
677,
-378,
-1315,
151,
88,
130,
11,
-470,
894,
563,
-861,
1068,
1053,
-1587,
133,
1552,
-904,
-241,
1381,
-680,
-965,
672,
-537,
-7225,
3298,
794,
-4824,
2712,
1949,
-5187,
523,
1978,
-5588,
-2033,
2075,
-3729,
-2714,
1818,
-2005,
-3210,
354,
-446,
-1346,
150,
113,
112,
-43,
-588,
745,
526,
-829,
1135,
1294,
-1350,
72,
1412,
-892,
-257,
1332,
-568,
-787,
745,
-584,
-7767,
3284,
1027,
-4916,
2721,
2378,
-4967,
515,
2667,
-4292,
-1225,
2237,
-3668,
-2831,
1354,
-2430,
-3277,
612,
-59,
-1143,
122,
84,
119,
57,
-274,
999,
609,
-569,
1385,
1184,
-1335,
444,
1590,
-901,
-51,
1601,
-330,
-473,
928,
-605,
-7991,
3365,
1078,
-4806,
3204,
2505,
-5437,
423,
2914,
-4495,
-1390,
2728,
-3070,
-2551,
1523,
-2332,
-3363,
375,
-319,
-1267,
143,
117,
94,
-82,
-547,
651,
190,
-967,
1246,
1299,
-1141,
695,
1822,
-840,
-125,
1472,
-468,
-505,
955,
-624,
-8212,
3298,
827,
-5371,
2902,
2610,
-5343,
562,
3062,
-4990,
-2390,
2177,
-3146,
-2656,
1636,
-1863,
-3045,
407,
-315,
-1277,
104,
114,
90,
-36,
-355,
885,
257,
-1236,
669,
789,
-1200,
986,
1971,
-1096,
-469,
1378,
-485,
-587,
986,
-641,
-8542,
3051,
677,
-5660,
2574,
2547,
-5435,
4,
2460,
-5010,
-2012,
2420,
-3206,
-2897,
1368,
-2066,
-3150,
392,
-356,
-1438,
-74,
43,
122,
45,
-268,
1057,
561,
-1065,
610,
837,
-1120,
659,
1502,
-1259,
-617,
1059,
-613,
-517,
965,
-659,
-8634,
3155,
750,
-5813,
2572,
3063,
-4592,
817,
3108,
-4639,
-2059,
2140,
-3279,
-2597,
1949,
-1306,
-2481,
720,
-171,
-1190,
68,
40,
138,
29,
-395,
930,
588,
-795,
965,
998,
-1063,
834,
1691,
-1066,
-310,
1247,
-669,
-554,
952,
-660,
-8805,
3065,
929,
-5490,
2758,
3258,
-4150,
1097,
2900,
-4848,
-2048,
1947,
-3562,
-2526,
2129,
-1318,
-2498,
734,
-229,
-1220,
84,
38,
142,
56,
-201,
1345,
860,
-666,
1497,
1787,
-680,
889,
1842,
-772,
189,
1934,
-165,
-369,
1016,
-664,
-8536,
3439,
1092,
-5572,
2858,
3479,
-4371,
713,
3136,
-4268,
-1776,
2150,
-3254,
-2565,
1788,
-1448,
-2444,
655,
-416,
-1342,
53,
35,
145,
51,
-298,
1166,
725,
-800,
1220,
1329,
-1301,
375,
1819,
-611,
-123,
1273,
-652,
-610,
962,
-670,
-8762,
3298,
1236,
-5243,
2999,
3262,
-4584,
994,
3743,
-3982,
-1893,
2050,
-3371,
-2835,
1784,
-1084,
-2268,
572,
-322,
-1124,
121,
26,
148,
44,
-328,
1010,
467,
-958,
1149,
1308,
-1136,
532,
1667,
-757,
110,
1661,
-335,
-324,
1124,
-669,
-8761,
3290,
1181,
-5538,
2337,
2686,
-4669,
766,
2980,
-4277,
-1310,
2463,
-3484,
-3030,
1351,
-1672,
-2422,
594,
-617,
-1406,
93,
37,
154,
47,
-380,
983,
511,
-852,
1269,
1323,
-1115,
719,
1828,
-758,
-22,
1293,
-792,
-540,
1035,
-660,
-9046,
2947,
1008,
-5861,
1731,
2441,
-4751,
-16,
2158,
-4131,
-997,
2134,
-3683,
-2609,
1664,
-1869,
-2637,
662,
-577,
-1558,
-7,
45,
139,
19,
-514,
714,
437,
-724,
1191,
1129,
-1132,
712,
1785,
-609,
215,
1418,
-755,
-593,
941,
-668,
-9001,
3139,
1321,
-5568,
2025,
2760,
-4540,
269,
2779,
-3539,
-684,
2612,
-2957,
-1999,
2286,
-1106,
-2093,
908,
-398,
-1474,
-52,
12,
149,
41,
-424,
856,
402,
-1058,
976,
1320,
-1151,
50,
1128,
-809,
55,
1007,
-1317,
-1143,
652,
-685,
-9129,
3137,
1186,
-5870,
1937,
2888,
-4467,
136,
2081,
-4956,
-2076,
2002,
-3056,
-2234,
1859,
-1428,
-2286,
733,
-434,
-1314,
60,
-1,
177,
92,
-424,
870,
355,
-1234,
888,
1446,
-933,
289,
1316,
-770,
110,
1324,
-833,
-808,
708,
-694,
-9108,
3248,
1146,
-5864,
2379,
3415,
-4229,
434,
2822,
-3814,
-969,
2548,
-2913,
-1992,
2017,
-1620,
-2435,
889,
-211,
-1166,
168,
54,
146,
42,
-334,
1055,
439,
-1241,
720,
940,
-1434,
136,
1168,
-1086,
-119,
1085,
-1189,
-1012,
693,
-690,
-9256,
3006,
1068,
-5819,
2135,
2848,
-4714,
259,
2815,
-3875,
-1128,
2209,
-3662,
-2922,
1523,
-1726,
-2689,
524,
-343,
-1122,
201,
56,
145,
-13,
-564,
735,
290,
-1298,
547,
854,
-1238,
485,
1532,
-905,
-258,
978,
-929,
-612,
940,
-694,
-9344,
3096,
1131,
-5931,
2000,
2666,
-5050,
-169,
2328,
-4295,
-1232,
2467,
-2989,
-1808,
2457,
-1558,
-2817,
647,
-241,
-1212,
177,
92,
131,
14,
-522,
797,
589,
-728,
1212,
1460,
-924,
395,
1281,
-1180,
-660,
625,
-927,
-376,
1131,
-702,
-9337,
3105,
968,
-6007,
2147,
2459,
-5645,
-501,
2255,
-4289,
-855,
3034,
-2671,
-1571,
2723,
-1503,
-2866,
750,
-35,
-1030,
286,
132,
105,
-51,
-456,
934,
393,
-1190,
921,
1257,
-1154,
420,
1432,
-1221,
-683,
689,
-1054,
-552,
1182,
-707,
-9384,
3152,
1192,
-6120,
1623,
2561,
-4679,
354,
2578,
-4444,
-1490,
2411,
-3103,
-2327,
1905,
-1747,
-2919,
513,
-131,
-993,
211,
66,
132,
-12,
-484,
767,
260,
-1155,
804,
933,
-1219,
614,
1453,
-1291,
-481,
1015,
-1034,
-836,
957,
