-608,
-8489,
2885,
1800,
-4855,
1595,
2998,
-3638,
-277,
2287,
-2888,
-594,
3055,
-1361,
-1667,
1491,
-1081,
-2159,
337,
-333,
-1236,
-144,
8,
116,
120,
-160,
1008,
1082,
-191,
540,
542,
-973,
-71,
409,
-1147,
-281,
820,
-648,
-598,
521,
-609,
-8653,
2878,
2020,
-4873,
1284,
3033,
-3346,
-253,
2306,
-2751,
-568,
3478,
-501,
-1450,
1120,
-960,
-1769,
226,
-638,
-1305,
-130,
6,
109,
53,
-255,
947,
1086,
-131,
507,
360,
-1042,
245,
1037,
-564,
27,
1021,
-315,
-198,
815,
-604,
-8580,
2688,
1691,
-5072,
1180,
2895,
-3381,
101,
2936,
-2449,
-808,
3215,
-481,
-1368,
1221,
-682,
-1334,
736,
-196,
-1151,
-215,
-56,
133,
101,
-234,
825,
846,
-219,
596,
254,
-1354,
296,
1535,
-283,
-29,
1214,
96,
-84,
726,
-615,
-8605,
2951,
1995,
-5013,
957,
2387,
-3927,
-280,
2656,
-2223,
181,
3913,
-890,
-2102,
850,
-990,
-1699,
525,
-248,
-1085,
-108,
-29,
137,
96,
-339,
720,
788,
-418,
280,
119,
-1225,
380,
1254,
-742,
-200,
1308,
97,
-152,
757,
-606,
-8542,
3066,
2270,
-4823,
1023,
2871,
-3191,
-68,
2488,
-2387,
-293,
3328,
-908,
-1817,
853,
-1147,
-1844,
364,
-231,
-827,
127,
36,
132,
202,
-70,
918,
760,
-386,
649,
571,
-1114,
239,
1338,
-391,
-67,
1008,
-383,
-597,
439,
-596,
-7996,
3558,
2435,
-5123,
440,
2385,
-3598,
-616,
1899,
-2877,
-589,
3394,
-674,
-1780,
808,
-1082,
-1710,
691,
267,
-505,
244,
108,
73,
66,
-108,
925,
856,
-98,
928,
767,
-839,
414,
1141,
-782,
-365,
839,
-467,
-632,
418,
-338,
-6346,
4639,
1690,
-7481,
-2344,
175,
-4417,
260,
3461,
-1953,
-581,
2725,
-1759,
-2629,
743,
-534,
-1027,
1128,
356,
-487,
367,
190,
14,
-260,
-647,
888,
1681,
738,
1174,
790,
-1014,
-300,
227,
-1334,
-461,
1104,
-69,
-423,
445,
-178,
-5317,
4582,
204,
-8940,
-3290,
-1383,
-6127,
54,
4048,
-2459,
-1883,
2253,
-913,
-1518,
885,
-1158,
-1349,
1170,
247,
-635,
345,
182,
21,
-335,
-903,
617,
1420,
433,
1004,
870,
-690,
225,
726,
-921,
33,
1515,
15,
-513,
375,
-154,
-5020,
4299,
-146,
-8790,
-3102,
-1355,
-5693,
1044,
4787,
-2990,
-3453,
1194,
-887,
-1524,
327,
-1613,
-1567,
778,
-255,
-967,
229,
174,
25,
-236,
-714,
639,
1386,
662,
1170,
633,
-913,
222,
596,
-1044,
277,
1756,
-180,
-780,
478,
-258,
-5855,
4023,
668,
-7642,
-2038,
333,
-3846,
1639,
4796,
-1931,
-1861,
1906,
-931,
-1383,
938,
-967,
-1317,
729,
-333,
-1019,
245,
233,
-20,
-290,
-647,
720,
1560,
1041,
1335,
183,
-1633,
-122,
729,
-966,
-32,
1466,
-40,
-456,
605,
-239,
-5230,
4271,
320,
-8087,
-2508,
-661,
-5138,
672,
4034,
-2698,
-2501,
1200,
-1796,
-2016,
576,
-1280,
-1347,
1200,
316,
-659,
220,
137,
35,
-153,
-402,
882,
1029,
-12,
802,
367,
-1472,
-224,
679,
-835,
134,
1488,
-152,
-558,
558,
-82,
-4088,
4057,
-926,
-8567,
-2178,
-947,
-6037,
641,
5038,
-2329,
-3372,
704,
-906,
-979,
568,
-1758,
-1465,
1202,
51,
-936,
178,
166,
21,
-226,
-653,
591,
1010,
39,
547,
14,
-1603,
-288,
503,
-978,
197,
1654,
-154,
-749,
442,
-52,
-3782,
3366,
-1604,
-8186,
-1648,
-920,
-6040,
720,
5254,
-1780,
-3059,
529,
-850,
-772,
280,
-2082,
-1377,
1162,
-262,
-1149,
29,
58,
71,
-239,
-876,
239,
432,
-766,
-213,
-470,
-1715,
-223,
499,
-771,
822,
2254,
244,
-274,
819,
-42,
-3980,
2577,
-1943,
-7696,
-1334,
-852,
-5666,
1182,
5643,
-1457,
-2932,
851,
-255,
-733,
-231,
-2289,
-1313,
1102,
-245,
-960,
170,
94,
62,
-255,
-956,
19,
159,
-1123,
-734,
-869,
-1878,
-441,
355,
-530,
1193,
2575,
782,
482,
1465,
-31,
-3944,
2887,
-1581,
-7586,
-1180,
-167,
-4680,
1673,
5341,
-1960,
-3014,
1099,
-68,
-665,
-169,
-2273,
-1411,
957,
-313,
-901,
270,
128,
60,
-209,
-874,
130,
339,
-936,
-664,
-907,
-2007,
-721,
38,
-667,
1219,
2639,
896,
622,
1548,
-21,
-4129,
2724,
-1735,
-8021,
-1605,
172,
-4068,
1536,
5088,
-1464,
-2736,
301,
-1014,
-899,
-206,
-2853,
-2442,
102,
-685,
-1052,
133,
80,
63,
-239,
-856,
191,
337,
-961,
-657,
-922,
-1963,
-474,
261,
-807,
1007,
2938,
1524,
906,
1438,
-18,
-4075,
2933,
-1548,
-8059,
-1763,
40,
-4270,
1175,
4728,
-1748,
-3202,
-385,
-1400,
-673,
283,
-2457,
-2124,
419,
-404,
-886,
169,
77,
62,
-204,
-626,
566,
585,
-827,
-513,
-902,
-2100,
-683,
-114,
-1293,
641,
2646,
1252,
824,
1487,
-13,
-4048,
2844,
-1526,
-7837,
-1674,
47,
-3819,
1943,
5153,
-1637,
-2939,
32,
-1011,
-389,
314,
-2508,
-1865,
783,
-324,
-882,
276,
112,
74,
-182,
-801,
388,
636,
-968,
-1051,
-1370,
-2359,
-964,
-300,
-1302,
541,
2424,
1132,
835,
1541,
-12,
-3834,
2776,
-1590,
-7458,
-1237,
-16,
-4034,
2065,
5294,
-1652,
-2585,
659,
-923,
-760,
278,
-2161,
-1607,
817,
-413,
-934,
347,
159,
72,
-125,
-784,
374,
753,
-869,
-1018,
-1157,
-2133,
-940,
-149,
-1000,
524,
2051,
679,
416,
1326,
-13,
-3821,
2513,
-1945,
-7690,
-1521,
-363,
-4195,
1949,
4932,
-2055,
-2670,
892,
-703,
-921,
-139,
-2348,
-1606,
678,
-523,
-890,
316,
100,
92,
-127,
-702,
513,
636,
-1080,
-1071,
-1284,
-2249,
-801,
-150,
-1296,
347,
1902,
303,
131,
1330,
-9,
-3703,
2765,
-1825,
-7836,
-1563,
-103,
-3920,
2164,
5145,
-2122,
-2980,
794,
-656,
-994,
-123,
-2252,
-1698,
612,
-386,
-829,
252,
81,
91,
-118,
-720,
391,
688,
-644,
-594,
-982,
-1953,
-546,
-99,
-1366,
290,
1864,
214,
-51,
1143,
-2,
-3733,
2764,
-1886,
-8160,
-2077,
-361,
-3900,
1823,
4417,
-2427,
-2922,
341,
-1361,
-1075,
74,
-2444,
-1949,
603,
-447,
-993,
163,
53,
109,
-96,
-757,
449,
900,
-412,
-239,
-544,
-1886,
-831,
-224,
-1369,
103,
1683,
189,
-141,
986,
7,
-3813,
2688,
-2053,
-8440,
-2232,
-280,
-3877,
1594,
4221,
-2367,
-2882,
150,
-1464,
-807,
456,
-2296,
-1979,
616,
-378,
-977,
132,
47,
97,
-174,
-849,
360,
787,
-360,
97,
-334,
-2161,
-1251,
-439,
-1583,
-210,
1538,
230,
-151,
911,
0,
-3635,
2877,
-1659,
-7956,
-1798,
404,
-3251,
1510,
4149,
-1421,
-1562,
892,
-1072,
-302,
1080,
-1684,
-1540,
865,
-203,
-910,
102,
46,
78,
-237,
-891,
274,
767,
-147,
271,
-308,
-1996,
-1191,
-823,
-1912,
-223,
1313,
-199,
-284,
961,
-23,
-3839,
2178,
-2054,
-7903,
-2151,
-194,
-3701,
644,
3035,
-1885,
-1618,
583,
-1543,
-808,
557,
-2013,
-1738,
605,
-418,
-1030,
-11,
-10,
98,
-198,
-842,
316,
834,
-13,
331,
-351,
-1879,
-931,
-872,
-2429,
-769,
1119,
-201,
-330,
974,
-38,
-3826,
2085,
-1971,
-7383,
-1633,
-24,
-3370,
1153,
2839,
-2661,
-1880,
966,
-1082,
-402,
878,
-1849,
-1594,
730,
-405,
-1021,
44,
12,
95,
-198,
-855,
234,
699,
-21,
416,
-421,
-1927,
-720,
-811,
-2881,
-1490,
463,
-569,
-341,
1083,
-46,
-3747,
2123,
-1828,
-7098,
-1313,
410,
-2879,
1283,
2504,
-2962,
-1683,
1641,
-300,
67,
876,
-2070,
-1669,
833,
-345,
-1039,
47,
14,
108,
-137,
-868,
165,
739,
-16,
255,
-491,
-1807,
-554,
-609,
-2837,
-1888,
-26,
-646,
-190,
1128,
-49,
-3727,
2151,
-1764,
-7154,
-1364,
677,
-2761,
819,
2174,
-2691,
-1328,
1908,
42,
239,
781,
-2230,
-1819,
796,
-247,
-1007,
10,
10,
109,
-79,
-784,
140,
751,
70,
158,
-622,
-1670,
-389,
-655,
-2940,
-1899,
98,
-457,
-156,
972,
-54,
-4031,
1664,
-2211,
-7587,
-1963,
28,
-3587,
-568,
742,
-3191,
-1113,
1881,
-413,
-268,
294,
-2821,
-2423,
470,
-196,
-853,
46,
-4,
122,
5,
-631,
114,
462,
-119,
142,
-811,
-2007,
-629,
-919,
-3315,
-2159,
71,
-368,
-126,
842,
-61,
-3903,
1880,
-1878,
-7239,
-1613,
463,
-3286,
-594,
575,
-3290,
-940,
2301,
-348,
-634,
360,
-2275,
-2223,
373,
-64,
-627,
134,
18,
110,
2,
-579,
207,
523,
-222,
128,
-308,
-1433,
-622,
-1036,
-3126,
-2086,
-87,
-455,
-203,
689,
-76,
-3820,
2145,
-1534,
-6679,
-879,
674,
-3574,
-462,
961,
-3293,
-518,
3657,
575,
-739,
497,
-1438,
-1613,
393,
-266,
-846,
-6,
-4,
103,
-58,
-702,
154,
769,
93,
107,
-385,
-1201,
-421,
-1023,
-2903,
-1734,
-102,
-787,
-474,
580,
-85,
-4022,
2048,
-1696,
-7067,
-1353,
73,
-4463,
-1398,
257,
-3884,
-1019,
3393,
287,
-1365,
-106,
-1549,
-1448,
423,
-351,
-909,
-77,
-54,
124,
-55,
-713,
236,
879,
187,
321,
-164,
-1233,
-496,
-778,
-2486,
-1481,
-129,
-1114,
-939,
290,
-113,
-4180,
2419,
-1651,
-7528,
-1240,
475,
-4798,
-2141,
-456,
-4762,
-1776,
2976,
-134,
-1690,
-84,
-1604,
-1865,
28,
-444,
-872,
-110,
-106,
156,
8,
-643,
356,
964,
317,
808,
582,
-696,
-197,
-329,
-1775,
-883,
18,
-1188,
-854,
388,
-211,
-4481,
3101,
-741,
-6677,
318,
2016,
-4184,
-1786,
0,
-4482,
-1689,
2493,
-1047,
-1780,
746,
-1041,
-1784,
175,
-93,
-451,
161,
-54,
146,
-61,
-758,
186,
485,
-161,
898,
734,
-998,
-426,
-385,
-2151,
-1401,
-336,
-1449,
-915,
469,
-274,
-5172,
3068,
-565,
-6922,
76,
1740,
-5093,
-2823,
-261,
-4346,
-2111,
1399,
-2197,
-2532,
329,
-1324,
-1958,
82,
-201,
-604,
-11,
-162,
220,
195,
-342,
744,
981,
97,
937,
482,
-1489,
-738,
-488,
-2483,
-1811,
-306,
-1142,
-731,
620,
-291,
-5270,
3485,
175,
-6397,
560,
2632,
-4092,
-2252,
-19,
-4116,
-2000,
1154,
-2615,
-2607,
803,
-582,
-1185,
788,
212,
-515,
7,
-142,
222,
264,
-313,
558,
640,
-320,
489,
62,
-1889,
-969,
-384,
-2277,
-1642,
16,
-901,
-931,
272,
-310,
-5489,
3687,
478,
-6340,
530,
2431,
-4532,
-2531,
-10,
-4126,
-2276,
492,
-3375,
-2897,
869,
-691,
-1399,
695,
73,
-685,
-5,
-101,
208,
313,
-164,
755,
835,
-280,
346,
87,
-1496,
-647,
-516,
-2539,
-1655,
137,
-734,
-644,
520,
-323,
-5777,
3341,
625,
-6078,
-91,
1368,
-4955,
-2616,
-489,
-4754,
-2626,
269,
-3715,
-3206,
893,
-475,
-1417,
472,
-55,
-733,
-44,
-95,
189,
281,
-154,
617,
486,
-594,
96,
-257,
-1875,
-946,
-709,
-2589,
-1647,
27,
-986,
-955,
224,
-336,
-5798,
3646,
1295,
-5402,
406,
1634,
-5133,
-2780,
210,
-3662,
-2057,
717,
-3121,
-3221,
423,
-447,
-965,
811,
197,
-523,
46,
-63,
159,
158,
-349,
353,
335,
-497,
164,
-440,
-2168,
-1185,
-734,
-2379,
-1549,
-66,
-791,
-374,
692,
-351,
-6058,
3665,
1276,
-5883,
-167,
1455,
-5162,
-3094,
-296,
-4026,
-2302,
372,
-3451,
-3363,
118,
-1208,
-1724,
486,
36,
-760,
-101,
-82,
165,
235,
-184,
546,
546,
-321,
264,
-323,
-2008,
-1031,
-532,
-2082,
-1165,
407,
-380,
-179,
875,
-376,
-6149,
3959,
1887,
-5241,
116,
1270,
-4976,
-2187,
162,
-4491,
-2768,
162,
-3570,
-3018,
627,
-1264,
-2042,
382,
-36,
-839,
-65,
-37,
133,
91,
-302,
714,
734,
-465,
128,
-235,
-1925,
-828,
-142,
-1832,
-962,
762,
-175,
-139,
1056,
-400,
-6388,
3967,
1968,
-5187,
504,
1813,
-4906,
-2397,
169,
-4501,
-2768,
787,
-2695,
-2991,
-111,
-1869,
-2288,
258,
-79,
-798,
-14,
-18,
122,
7,
-551,
406,
595,
-608,
-283,
-600,
-1913,
-628,
130,
-1485,
-763,
874,
170,
234,
1093,
-406,
-6754,
3746,
2253,
-4535,
983,
1877,
-5108,
-2652,
155,
-4179,
-2677,
156,
-3467,
-3064,
220,
-1935,
-2662,
162,
58,
-783,
-58,
-1,
100,
-11,
-573,
88,
33,
-943,
-249,
-320,
-1460,
-345,
17,
-1508,
-404,
1072,
-92,
-45,
1104,
-396,
-6768,
3776,
2325,
-4440,
1018,
1935,
-4738,
-2188,
270,
-3996,
-1987,
735,
-3475,
-3366,
-266,
-2554,
-3035,
67,
3,
-749,
70,
58,
83,
-7,
-479,
168,
-85,
-1039,
-75,
-319,
-1965,
-856,
-76,
-1369,
-305,
1052,
-106,
82,
1224,
-420,
-6776,
3766,
2491,
-4082,
1486,
2442,
-4433,
-2015,
624,
-3800,
-2155,
909,
-2959,
-3361,
-467,
-2164,
-2515,
148,
9,
-605,
129,
40,
92,
-7,
-423,
414,
197,
-1032,
-262,
-340,
-1769,
-527,
346,
-1193,
-492,
1017,
82,
-38,
863,
-481,
-6950,
3838,
2536,
-4465,
1027,
2651,
-3457,
-930,
1289,
-3459,
-1892,
1114,
-2826,
-3288,
-400,
-1870,
-1962,
502,
-151,
-1009,
-138,
-17,
96,
-26,
-408,
388,
54,
-974,
234,
296,
-1141,
254,
1091,
-740,
-243,
1041,
-146,
-210,
821,
-526,
-7243,
3616,
2389,
-4574,
878,
2235,
-3950,
-977,
1525,
-3387,
-1626,
1843,
-2341,
-3432,
-615,
-1896,
-2054,
395,
-72,
-808,
53,
73,
52,
-133,
-560,
250,
166,
-596,
566,
444,
-1103,
184,
940,
-846,
-208,
1205,
-50,
-339,
657,
-547,
-7443,
3159,
1793,
-4761,
972,
1824,
-4554,
-1086,
1377,
-3745,
-1410,
2379,
-2184,
-3279,
-278,
-1732,
-1800,
932,
283,
-767,
13,
29,
96,
24,
-292,
743,
573,
-642,
600,
1046,
-456,
491,
1191,
-632,
-257,
1019,
-149,
-320,
775,
-546,
-7701,
2748,
1605,
-4751,
1018,
2159,
-4212,
-1270,
1084,
-3800,
-1514,
2476,
-1663,
-2912,
-204,
-1655,
-1995,
411,
-29,
-773,
36,
27,
99,
32,
-371,
483,
396,
-587,
501,
666,
-795,
235,
947,
-746,
-277,
1057,
67,
-76,
779,
-545,
-7726,
2960,
2070,
-4316,
1382,
2754,
-3564,
-1145,
860,
-3717,
-1266,
2406,
-1825,
-2788,
119,
-1234,
-1530,
680,
-40,
-878,
-45,
-11,
119,
87,
-260,
724,
774,
-234,
525,
287,
-1278,
-234,
396,
-1150,
-377,
902,
-272,
-303,
669,
-557,
-7808,
2927,
1864,
-4778,
839,
2292,
-3563,
-473,
1565,
-3567,
-1398,
2280,
-1952,
-2744,
327,
-1144,
-1516,
742,
-47,
-912,
9,
32,
104,
61,
-285,
783,
822,
-446,
170,
-16,
-1608,
-342,
837,
-620,
-296,
744,
-414,
-476,
539,
-547,
-7791,
2962,
2157,
-4326,
1104,
2455,
-3419,
-664,
1072,
-3977,
-1749,
1836,
-2299,
-2866,
274,
-1349,
-1964,
315,
-146,
-864,
-39,
0,
95,
-22,
-287,
879,
822,
-475,
273,
300,
-877,
668,
1549,
-283,
54,
1058,
-322,
-390,
707,
-560,
-7741,
3110,
1967,
-4765,
1060,
2612,
-3655,
-1011,
1035,
-3940,
-1726,
2183,
-1685,
-2507,
217,
-1390,
-1696,
625,
-58,
-885,
-60,
-34,
134,
96,
-300,
664,
659,
-355,
574,
539,
-851,
380,
999,
-777,
-186,
943,
-402,
-416,
700,
-556,
-7705,
3145,
2134,
-4450,
1222,
2465,
-3851,
-1073,
1021,
-3946,
-1813,
1894,
-1910,
-2408,
333,
-1532,
-1884,
519,
-201,
-1021,
-72,
2,
109,
82,
-168,
878,
818,
-165,
823,
632,
-787,
848,
1753,
-242,
111,
1293,
-23,
-221,
679,
-546,
-7839,
3087,
2438,
-3931,
1642,
2948,
-3318,
-973,
813,
-3777,
-1154,
2754,
-964,
-1679,
413,
-1963,
-2301,
318,
-269,
-988,
6,
33,
99,
29,
-282,
812,
761,
-420,
587,
773,
-528,
973,
2042,
133,
42,
889,
-261,
-302,
538,
-561,
-7996,
2807,
1883,
-4601,
1279,
2969,
-2933,
-25,
1864,
-3597,
-1647,
2610,
-776,
-1692,
482,
-1517,
-1824,
610,
-128,
-1037,
-110,
4,
102,
94,
-81,
1021,
906,
-264,
778,
974,
-466,
675,
1516,
-179,
156,
1234,
-28,
-277,
598,
-557,
-8016,
2721,
1929,
-4375,
1380,
2744,
-3429,
-667,
1349,
-3709,
-1482,
2727,
-766,
-1647,
621,
-1378,
-1870,
353,
-344,
-1035,
-13,
44,
89,
50,
-187,
848,
758,
-289,
770,
813,
-687,
503,
1223,
-568,
50,
1497,
295,
-64,
709,
-552,
-8048,
2834,
2110,
-4489,
994,
2641,
-3156,
-474,
1469,
-3432,
-1359,
2464,
-1158,
-2109,
54,
-1727,
-1904,
291,
-542,
-1240,
-210,
-69,
147,
177,
-12,
1107,
882,
-475,
444,
529,
-876,
506,
1421,
-425,
-75,
1241,
268,
249,
1105,
-571,
-8035,
2949,
2031,
-4587,
1255,
2800,
-3311,
-116,
2505,
-2756,
-1750,
1255,
-2292,
-2256,
667,
-1411,
-2069,
269,
-266,
-925,
1,
-5,
133,
158,
-84,
1067,
1014,
-260,
659,
727,
-866,
311,
1278,
-462,
-206,
862,
-378,
-370,
901,
-556,
-8057,
2765,
2018,
-4406,
1262,
2785,
-3318,
-863,
1114,
-3402,
-1218,
1919,
-2061,
-2064,
1002,
-1184,
-2040,
283,
-129,
-739,
120,
34,
121,
180,
-13,
994,
789,
-342,
678,
543,
-1108,
313,
1445,
-266,
63,
1279,
194,
90,
926,
-572,
-8274,
2843,
2232,
-4322,
1418,
3067,
-3111,
-441,
1882,
-2980,
-1196,
2435,
-1232,
-2043,
240,
-1837,
-2267,
320,
-39,
-780,
8,
-12,
142,
240,
-49,
787,
638,
-415,
504,
608,
-511,
885,
1474,
-518,
-109,
1183,
21,
-251,
528,
-574,
-8240,
2695,
1842,
-4708,
1229,
2937,
-3246,
-542,
1571,
-3482,
-1245,
2901,
-1039,
-2207,
363,
-1482,
-2103,
435,
139,
-770,
-94,
-27,
115,
75,
-331,
443,
344,
-553,
518,
672,
-610,
560,
1246,
-467,
-113,
888,
-293,
-294,
669,
-557,
-8233,
2378,
1284,
-5216,
652,
2188,
-3912,
-1230,
866,
-3498,
-884,
2374,
-2045,
-2504,
356,
-1769,
-2292,
290,
-157,
-865,
1,
-4,
119,
78,
-210,
802,
679,
-172,
1162,
1045,
-713,
515,
1182,
-694,
45,
1355,
-106,
-291,
652,
-571,
-8061,
2903,
1978,
-4517,
1274,
2488,
-3712,
-655,
1381,
-3649,
-1165,
2649,
-1489,
-2110,
666,
-1333,
-1742,
752,
66,
-813,
1,
-15,
128,
86,
-266,
670,
424,
-624,
606,
579,
-995,
389,
1092,
-903,
-318,
996,
-266,
-264,
703,
-575,
-8102,
2888,
1733,
-5122,
953,
2947,
-3217,
-756,
1354,
-3133,
-587,
3096,
-990,
-1658,
1008,
-1137,
-1906,
386,
-81,
-754,
40,
-17,
140,
186,
-78,
821,
545,
-473,
679,
537,
-1066,
339,
1144,
-788,
-340,
902,
-241,
-228,
656,
-586,
-8309,
2718,
1774,
-4737,
1481,
3032,
-3641,
-873,
1807,
-2925,
-860,
2971,
-972,
-1906,
742,
-1128,
-1813,
404,
-160,
-918,
-69,
-31,
138,
162,
-176,
716,
554,
-539,
541,
760,
-605,
502,
1134,
-713,
-431,
601,
-486,
-372,
572,
-586,
-8288,
2773,
1754,
-4827,
1420,
3189,
-3015,
-156,
1910,
-3123,
-771,
2887,
-1461,
-2092,
970,
-974,
-1658,
735,
136,
-729,
77,
33,
106,
95,
-103,
1005,
790,
-436,
751,
935,
-713,
259,
726,
-1386,
-897,
638,
-364,
-403,
572,
-580,
-8135,
2953,
1854,
-4915,
1078,
2604,
-3798,
-1109,
954,
-3739,
-948,
2890,
-1451,
-2108,
846,
-1093,
-1556,
874,
68,
-823,
84,
19,
147,
221,
-180,
763,
721,
-553,
138,
50,
-1353,
41,
905,
-1034,
-813,
323,
-803,
-766,
374,
-577,
-8205,
2982,
2173,
-4401,
1368,
2516,
-3902,
-846,
1613,
-3006,
-577,
2969,
-1100,
-1507,
983,
-1531,
-1932,
829,
81,
-904,
13,
15,
129,
120,
-368,
488,
507,
-513,
254,
41,
-1261,
278,
1093,
-579,
95,
1068,
-469,
-400,
759,
-578,
-8450,
2616,
1966,
-4269,
1734,
2892,
-3717,
-771,
1741,
-3083,
-929,
2911,
-796,
-1477,
737,
-1575,
-1869,
745,
-16,
-915,
22,
27,
116,
118,
-200,
808,
755,
-323,
603,
395,
-1240,
174,
1092,
-894,
-540,
932,
-28,
-180,
583,
-590,
-8569,
2552,
1605,
-5013,
1206,
2826,
-3767,
-1041,
1360,
-3460,
-1037,
3048,
-1049,
-2233,
238,
-1638,
-2106,
238,
-377,
-1060,
-63,
-14,
138,
175,
-145,
881,
925,
-87,
805,
581,
-1015,
432,
1379,
-658,
-470,
883,
-67,
-160,
653,
-578,
-8333,
2704,
1789,
-4928,
1053,
2947,
-3128,
-341,
1953,
-3096,
-1383,
2264,
-1428,
-2253,
145,
-1594,
-1732,
670,
-96,
-950,
-79,
-41,
152,
226,
-54,
895,
738,
-408,
467,
268,
-1372,
-68,
980,
-519,
51,
1182,
-103,
-219,
658,
-572,
-8354,
2727,
1991,
-4508,
1321,
2665,
-3788,
-1075,
1148,
-3822,
-1770,
2177,
-1314,
-1970,
478,
-1271,
-1524,
598,
-279,
-1005,
-89,
-50,
132,
49,
-218,
1026,
1030,
-160,
544,
73,
-1474,
195,
1118,
-672,
126,
1451,
-57,
-296,
629,
-572,
-8625,
2346,
1803,
-4505,
1307,
2862,
-3190,
-486,
1314,
-3927,
-1720,
2446,
-1174,
-2023,
433,
-1527,
-2125,
166,
-273,
-881,
-15,
-17,
129,
152,
-29,
1109,
1075,
51,
1018,
750,
-936,
459,
1380,
-549,
-216,
1080,
0,
-93,
741,
-582,
-8569,
2449,
1617,
-4788,
1414,
3087,
-3192,
-435,
1729,
-2940,
-286,
3479,
-981,
-2158,
153,
-2037,
-2341,
505,
109,
-724,
61,
16,
116,
97,
-183,
839,
739,
-126,
1284,
1246,
-745,
251,
1077,
-779,
-440,
703,
-505,
-452,
661,
-581,
-8311,
2739,
1760,
-4782,
1464,
3197,
-3133,
-384,
1707,
-3488,
-1507,
2393,
-1120,
-1697,
456,
-1890,
-2097,
580,
-223,
-1164,
-135,
11,
100,
90,
-101,
853,
561,
-376,
970,
823,
-1030,
250,
1157,
-634,
-77,
1121,
-269,
-378,
670,
-580,
-8311,
2640,
1595,
-5068,
972,
2585,
-3740,
-762,
1827,
-3111,
-1319,
2568,
-611,
-956,
1256,
-1224,
-1886,
486,
-117,
-895,
-55,
-26,
120,
59,
-185,
904,
622,
-637,
530,
624,
-1056,
127,
1084,
-551,
-61,
1130,
-38,
-160,
588,
-586,
-8314,
2795,
1945,
-4741,
993,
2372,
-3824,
-682,
1818,
-3025,
-874,
2848,
-951,
-1247,
1661,
-547,
-1441,
769,
76,
-781,
77,
52,
93,
52,
-246,
708,
544,
-528,
546,
563,
-932,
333,
1032,
-835,
-220,
1172,
-99,
-361,
533,
-580,
-8432,
2610,
1862,
-4681,
1209,
2902,
-3089,
17,
2559,
-2235,
-255,
3193,
-1090,
-2050,
665,
-1198,
-1876,
343,
-230,
-936,
-14,
9,
117,
69,
-423,
425,
601,
-160,
639,
270,
-1234,
118,
878,
-853,
-220,
1019,
-345,
-572,
428,
-583,
-8274,
2826,
1774,
-5023,
1236,
3395,
-2811,
-365,
1730,
-3069,
-713,
3264,
-805,
-2050,
404,
-1277,
-1750,
345,
-322,
-934,
2,
-10,
131,
103,
-283,
701,
719,
-250,
773,
775,
-698,
442,
1014,
-794,
-165,
1075,
-228,
-365,
526,
-587,
-8429,
2743,
1909,
-4599,
1588,
3228,
-3129,
-349,
1642,
-3737,
-1726,
2323,
-1259,
-1863,
713,
-1236,
-1670,
620,
-133,
-931,
-43,
-16,
117,
22,
-374,
567,
412,
-593,
517,
495,
-853,
497,
876,
-1119,
-242,
1050,
-487,
-506,
641,
-586,
-8252,
2890,
1990,
-4679,
1233,
2751,
-3445,
-377,
1970,
-3047,
-1018,
2531,
-1492,
-1858,
1211,
-781,
-1613,
510,
-218,
-987,
-42,
-4,
127,
131,
-235,
663,
611,
-356,
524,
339,
-917,
657,
1296,
-655,
-32,
1095,
-415,
-446,
758,
-595,
-8196,
3027,
1945,
-4917,
1134,
2814,
-3381,
-292,
1931,
-3326,
-1082,
3032,
-920,
-1762,
980,
-1044,
-1934,
172,
-337,
-884,
69,
34,
105,
80,
-161,
806,
478,
-622,
739,
939,
-658,
517,
1299,
-444,
47,
1041,
-357,
-278,
833,
-586,
-8228,
2970,
1951,
-4788,
1551,
3592,
-2694,
22,
2286,
-2893,
-1066,
2790,
-1007,
-2024,
314,
-1567,
-1992,
181,
-569,
-1147,
-30,
3,
149,
303,
73,
995,
878,
-187,
675,
452,
-1087,
234,
1024,
-654,
83,
1315,
-158,
-312,
806,
-587,
-8315,
2737,
1638,
-4956,
1479,
3258,
-3266,
-256,
2585,
-2210,
-235,
3595,
-408,
-1639,
640,
-1290,
-1897,
121,
-618,
-1157,
-51,
1,
129,
168,
-103,
882,
805,
-178,
865,
820,
-537,
909,
1515,
-601,
-158,
1110,
-174,
-227,
896,
-582,
-8451,
2641,
1749,
-5063,
658,
2297,
-3607,
-362,
2164,
-2618,
-281,
3743,
-187,
-1392,
685,
-1462,
-1944,
384,
-216,
-845,
87,
24,
124,
126,
-198,
819,
766,
-327,
657,
755,
-430,
1078,
1696,
-391,
110,
1355,
-158,
-486,
554,
-593,
-8341,
2844,
1908,
-4912,
950,
2561,
-3418,
100,
2611,
-3095,
-1548,
2740,
-587,
-1416,
1046,
-953,
-1722,
418,
-154,
-870,
6,
30,
82,
-51,
-326,
829,
779,
-368,
731,
1002,
-298,
958,
1565,
-516,
-164,
1188,
14,
-249,
639,
-600,
-8419,
2930,
2053,
-4799,
1092,
2646,
-3484,
-41,
2480,
-3088,
-1416,
2635,
-1066,
-1904,
749,
-1118,
-1668,
623,
-110,
-998,
-80,
2,
115,
138,
-66,
1027,
936,
-340,
459,
591,
-572,
768,
1414,
-465,
-53,
1101,
-42,
-80,
736,
-582,
-8348,
2976,
2422,
-4258,
1463,
3215,
-2865,
-292,
1718,
-3135,
-806,
3167,
-694,
-1653,
737,
-1336,
-1952,
412,
-117,
-893,
-16,
20,
107,
120,
-175,
642,
463,
-476,
513,
361,
-1086,
228,
940,
-798,
-204,
993,
-209,
-226,
671,
-588,
-8289,
2833,
1818,
-4940,
1045,
2645,
-3561,
-497,
1835,
-3144,
-702,
3544,
-178,
-958,
1428,
-937,
-1714,
576,
-149,
-1012,
-93,
-18,
122,
74,
-319,
574,
374,
-702,
410,
310,
-1400,
-20,
1056,
-718,
-297,
1034,
-112,
-274,
616,
-573,
-7651,
3151,
1360,
-5684,
910,
3249,
-2672,
471,
2800,
-2513,
-714,
2960,
-960,
-1554,
1266,
-653,
-1350,
610,
-307,
-993,
41,
24,
116,
44,
-381,
609,
459,
-768,
339,
550,
-951,
272,
1099,
-760,
-345,
947,
-216,
-356,
542,
-349,
-5247,
3182,
592,
-5653,
99,
2174,
-2757,
-359,
1213,
-2902,
-895,
1921,
-1207,
-719,
1748,
-674,
-1627,
23,
-641,
-833,
235,
78,
101,
108,
-202,
541,
389,
-153,
1031,
493,
-1076,
555,
1223,
-727,
-8,
1217,
-229,
-365,
561,
-342,
-4988,
3809,
1173,
-5177,
719,
2565,
-2712,
-200,
1331,
-3072,
-880,
2217,
-1053,
-668,
1853,
-648,
-1689,
-69,
-770,
-906,
238,
79,
104,
99,
-200,
618,
430,
-218,
964,
394,
-1230,
494,
1252,
-657,
159,
1353,
-232,
-339,
638,
-442,
-6378,
4855,
3275,
-3996,
1940,
3730,
-2596,
26,
2013,
-3360,
-1547,
2453,
-907,
-1393,
1134,
-890,
-1521,
505,
-329,
-1026,
-46,
-14,
135,
196,
-21,
874,
544,
-494,
631,
442,
-1068,
453,
1164,
-730,
106,
1447,
-134,
-373,
679,
-536,
-7315,
3967,
3057,
-3903,
1610,
3222,
-2756,
205,
2581,
-2422,
-777,
2703,
-994,
-1602,
864,
-1267,
-1966,
284,
-200,
-812,
74,
27,
118,
161,
-121,
705,
549,
-250,
886,
661,
-889,
458,
1095,
-744,
-8,
1220,
-308,
-552,
425,
-558,
-7555,
3679,
2768,
-3761,
2106,
3178,
-3140,
422,
3010,
-2177,
32,
3844,
-572,
-1611,
976,
-1416,
-2328,
184,
-222,
-949,
22,
42,
115,
173,
-168,
658,
591,
-310,
799,
853,
-695,
316,
1044,
-396,
313,
1303,
-196,
-380,
516,
-561,
-7810,
3376,
2508,
-4032,
1853,
3105,
-3266,
-158,
2361,
-2167,
613,
4545,
111,
-1280,
742,
-1512,
-1738,
869,
-26,
-1038,
-73,
-4,
136,
191,
-165,
729,
684,
-215,
950,
1001,
-442,
928,
1715,
-227,
113,
1238,
-81,
-295,
594,
-547,
-7823,
3322,
2847,
-3674,
1569,
2900,
-2853,
-125,
1660,
-2728,
184,
3490,
-1362,
-2218,
717,
-1225,
-1848,
486,
-187,
-985,
-32,
6,
130,
186,
-129,
807,
848,
-105,
665,
407,
-949,
473,
1197,
-461,
349,
1567,
39,
-302,
500,
