-624,
-7784,
3781,
1706,
-5355,
1810,
2690,
-4752,
-398,
2777,
-3204,
-991,
2979,
-1925,
-2404,
1207,
-1135,
-2080,
493,
-260,
-1082,
41,
37,
126,
103,
-254,
809,
471,
-735,
968,
1192,
-1097,
-167,
846,
-884,
-160,
1195,
-328,
-387,
859,
-620,
-7648,
3896,
1542,
-5777,
1364,
2334,
-4817,
-152,
2830,
-3447,
-987,
3135,
-2234,
-2967,
1102,
-690,
-1457,
1051,
178,
-758,
228,
86,
112,
41,
-383,
745,
579,
-650,
750,
787,
-1199,
209,
1265,
-769,
-205,
1121,
-477,
-526,
815,
-626,
-7759,
3857,
1639,
-5713,
1314,
2355,
-4683,
106,
3458,
-2734,
-954,
2747,
-2068,
-2401,
1231,
-951,
-1635,
963,
72,
-874,
99,
17,
139,
70,
-379,
729,
576,
-534,
875,
758,
-1150,
440,
1365,
-766,
-60,
1182,
-566,
-403,
1069,
-635,
-7853,
3922,
1789,
-5611,
1334,
2152,
-5149,
-342,
3214,
-2839,
-875,
3110,
-1571,
-2024,
1397,
-931,
-1670,
911,
9,
-912,
108,
35,
127,
39,
-426,
577,
246,
-914,
536,
257,
-1861,
-96,
1142,
-1013,
-344,
1216,
-332,
-435,
742,
-629,
-7754,
3980,
1577,
-6008,
1209,
2423,
-4852,
-321,
2885,
-3409,
-1332,
2946,
-1629,
-1966,
1653,
-829,
-1866,
841,
190,
-780,
135,
48,
116,
-12,
-587,
317,
25,
-1126,
391,
467,
-1458,
124,
1429,
-355,
441,
1924,
236,
-150,
884,
-634,
-7827,
3952,
1730,
-5627,
1710,
2892,
-4543,
-259,
2710,
-3715,
-1595,
2884,
-1543,
-1962,
1505,
-970,
-1875,
975,
367,
-737,
46,
10,
108,
-92,
-575,
519,
192,
-1061,
586,
822,
-1210,
103,
1263,
-461,
463,
2025,
364,
-61,
923,
-630,
-7765,
3918,
1747,
-5429,
1822,
2763,
-4546,
-4,
2790,
-3845,
-1493,
3165,
-1390,
-1785,
1792,
-873,
-1978,
893,
251,
-904,
9,
50,
85,
-71,
-458,
563,
114,
-1099,
686,
876,
-1497,
-437,
889,
-622,
160,
1557,
7,
-340,
564,
-608,
-7806,
3529,
1499,
-5250,
1756,
2262,
-4632,
547,
3214,
-3803,
-1401,
3477,
-904,
-1103,
2419,
-667,
-2073,
938,
539,
-657,
56,
33,
90,
-92,
-438,
710,
244,
-1162,
536,
929,
-1141,
-56,
969,
-797,
-29,
1452,
13,
-230,
630,
-597,
-7945,
3198,
1237,
-5000,
2299,
2366,
-4978,
415,
3469,
-3549,
-1422,
3141,
-1495,
-1831,
1715,
-1202,
-2506,
491,
275,
-641,
79,
-4,
105,
-168,
-593,
680,
226,
-1218,
648,
1047,
-1244,
-152,
945,
-1026,
-432,
1122,
-139,
-157,
860,
-621,
-7744,
3747,
1470,
-5526,
2165,
3502,
-4019,
-160,
2500,
-3615,
-1144,
3028,
-1900,
-2326,
1497,
-774,
-1885,
633,
89,
-668,
225,
62,
104,
-53,
-492,
542,
100,
-1102,
675,
891,
-1174,
92,
962,
-1026,
-77,
1538,
-87,
-348,
729,
-628,
-7808,
3850,
1858,
-5218,
2085,
3342,
-4043,
-181,
2606,
-3288,
-889,
3105,
-1789,
-2091,
1793,
-496,
-1602,
969,
248,
-856,
-11,
0,
129,
91,
-341,
408,
-171,
-1252,
520,
742,
-1156,
157,
1037,
-892,
-171,
1112,
-468,
-522,
596,
-633,
-7841,
3966,
1641,
-5826,
1509,
2722,
-4634,
-492,
1975,
-4469,
-1743,
2591,
-2642,
-2786,
1763,
-485,
-1769,
1034,
418,
-802,
52,
42,
125,
130,
-365,
349,
-28,
-1068,
386,
351,
-1438,
279,
1506,
-448,
154,
1562,
46,
-229,
711,
-638,
-7682,
4242,
1945,
-5469,
1997,
3107,
-4466,
-48,
2776,
-4112,
-1915,
2833,
-1828,
-2131,
2052,
-363,
-1791,
974,
418,
-832,
30,
81,
76,
-10,
-386,
513,
98,
-1211,
162,
395,
-1328,
89,
1247,
-507,
63,
1263,
-338,
-505,
722,
-644,
-7784,
4227,
2218,
-5323,
1748,
3011,
-4285,
182,
3428,
-3220,
-1506,
3187,
-1097,
-1876,
1584,
-747,
-1967,
726,
300,
-771,
35,
37,
112,
74,
-368,
598,
594,
-430,
799,
947,
-852,
21,
668,
-1048,
-281,
1086,
-348,
-600,
465,
-638,
-7881,
3944,
1925,
-5420,
1629,
2755,
-4382,
36,
2781,
-3831,
-1586,
2901,
-2006,
-2611,
1615,
-194,
-1474,
698,
-25,
-868,
87,
21,
137,
92,
-389,
632,
448,
-724,
922,
1455,
-472,
285,
954,
-820,
-70,
1151,
-598,
-810,
513,
-632,
-7837,
3774,
1432,
-5802,
1704,
2911,
-4445,
-56,
2779,
-3720,
-1408,
2955,
-1847,
-2027,
2059,
-412,
-1759,
875,
270,
-727,
198,
97,
96,
17,
-466,
335,
-163,
-1243,
851,
1568,
-418,
482,
1276,
-672,
-37,
1334,
-281,
-535,
671,
-633,
-7714,
4026,
1701,
-5583,
2078,
3489,
-4009,
146,
2961,
-3749,
-1841,
2602,
-1816,
-2022,
1872,
-496,
-1766,
713,
52,
-808,
212,
101,
106,
78,
-371,
498,
138,
-934,
936,
1469,
-467,
532,
1231,
-992,
-553,
894,
-488,
-572,
681,
-627,
-7683,
3992,
1619,
-5733,
1656,
2896,
-4298,
127,
2979,
-3217,
-637,
3665,
-1235,
-1634,
1955,
-725,
-1889,
731,
-10,
-966,
6,
-7,
138,
56,
-336,
790,
365,
-1095,
374,
624,
-1148,
246,
979,
-1132,
-251,
1177,
-512,
-455,
924,
-629,
-7930,
3649,
1433,
-5818,
1200,
1843,
-5643,
-1039,
2107,
-4117,
-1710,
2647,
-2215,
-2707,
1062,
-1263,
-2269,
494,
-54,
-997,
-46,
-1,
120,
56,
-192,
1020,
783,
-273,
1345,
1208,
-1100,
153,
1306,
-291,
708,
2086,
396,
183,
1102,
-625,
-7778,
3837,
1946,
-5119,
1795,
2632,
-4668,
-240,
3050,
-2884,
-731,
3535,
-897,
-1471,
1690,
-809,
-1743,
750,
-78,
-942,
138,
86,
96,
21,
-351,
654,
304,
-815,
898,
1051,
-1169,
-21,
1117,
-714,
-112,
1323,
-128,
-379,
659,
-597,
-7606,
3647,
1694,
-5273,
1479,
2371,
-4595,
-53,
3193,
-2857,
-797,
3858,
-99,
-963,
1616,
-954,
-1726,
768,
-86,
-928,
159,
92,
93,
-49,
-632,
297,
225,
-741,
720,
749,
-1197,
247,
1400,
-636,
-117,
1430,
-149,
-687,
459,
-616,
-7836,
3587,
1656,
-5421,
1541,
2542,
-5182,
-1603,
1676,
-3771,
-1752,
2266,
-2056,
-2623,
689,
-1331,
-2096,
332,
-321,
-1036,
45,
51,
105,
68,
-254,
768,
646,
-262,
1130,
1060,
-728,
640,
1548,
-157,
615,
1621,
-232,
-430,
644,
-588,
-7810,
3320,
1868,
-5007,
1527,
3275,
-3541,
-824,
1706,
-3192,
-992,
2892,
-1053,
-1553,
1482,
-568,
-1522,
662,
85,
-713,
117,
78,
65,
-45,
-318,
658,
475,
-549,
561,
603,
-891,
68,
565,
-780,
198,
1071,
-403,
-138,
842,
-604,
-7510,
3996,
1939,
-5605,
903,
2114,
-4940,
-995,
2408,
-2795,
-784,
2864,
-1585,
-2068,
1014,
-1285,
-1930,
732,
101,
-738,
170,
69,
91,
-54,
-492,
433,
6,
-1156,
505,
807,
-1057,
124,
1005,
-816,
-117,
1130,
-401,
-377,
883,
-425,
-6179,
4936,
2030,
-5811,
124,
-128,
-7262,
-989,
4212,
-1416,
-327,
3031,
-1488,
-2042,
908,
-1470,
-1960,
757,
-13,
-827,
154,
33,
128,
17,
-463,
580,
252,
-961,
607,
731,
-1019,
780,
1800,
-628,
-106,
1429,
-280,
-562,
829,
-286,
-5303,
5032,
1918,
-5696,
-299,
-977,
-8127,
-2271,
3200,
-953,
578,
2731,
-2342,
-1959,
1792,
-992,
-2317,
254,
-71,
-644,
229,
11,
163,
149,
-389,
536,
348,
-664,
772,
600,
-1295,
545,
1628,
-1026,
-860,
791,
-497,
-679,
620,
-222,
-4961,
4537,
1058,
-6090,
-180,
-780,
-8754,
-3649,
2939,
278,
1147,
1954,
-2985,
-2004,
1640,
-1484,
-2893,
-21,
56,
-533,
149,
-29,
162,
154,
-239,
715,
383,
-592,
1087,
918,
-1383,
329,
1996,
-264,
-497,
813,
-354,
-539,
590,
-245,
-5130,
4369,
1262,
-5977,
-574,
-844,
-8271,
-3562,
2506,
-265,
547,
1709,
-2696,
-1794,
1633,
-1453,
-3010,
-237,
2,
-596,
29,
-46,
142,
110,
-193,
841,
604,
-431,
1029,
964,
-1179,
220,
1712,
-268,
-369,
955,
-68,
-283,
693,
-231,
-5171,
4799,
1803,
-6007,
-1392,
-1825,
-8319,
-2799,
2892,
-414,
313,
1447,
-2547,
-1351,
1299,
-2153,
-2892,
154,
29,
-504,
111,
-116,
190,
62,
-279,
1003,
409,
-1036,
863,
1182,
-774,
991,
2053,
-684,
-419,
1380,
83,
-150,
950,
-217,
-5078,
5012,
2110,
-5711,
-1303,
-1879,
-7908,
-1804,
3484,
-453,
929,
2933,
-1674,
-1447,
1333,
-1705,
-2492,
463,
261,
-408,
218,
-37,
168,
105,
-309,
711,
150,
-1253,
373,
706,
-898,
979,
2107,
-493,
-552,
749,
-444,
-207,
1122,
-217,
-5194,
4823,
1903,
-5877,
-1523,
-2271,
-8377,
-2179,
3285,
-593,
427,
1965,
-2477,
-1798,
908,
-2335,
-2921,
182,
-74,
-623,
163,
-68,
197,
173,
-264,
905,
578,
-848,
542,
821,
-576,
1309,
2164,
-364,
7,
1333,
-259,
-235,
1123,
-190,
-4832,
4931,
1631,
-5921,
-1100,
-2058,
-8372,
-1536,
4378,
-97,
181,
1699,
-2278,
-1265,
1382,
-2025,
-2657,
340,
-43,
-574,
227,
-43,
173,
37,
-408,
809,
253,
-1304,
435,
837,
-961,
776,
1847,
-657,
-342,
1161,
-262,
-351,
788,
-198,
-4805,
4963,
1862,
-5731,
-997,
-1562,
-7871,
-1673,
4046,
-415,
-212,
2085,
-1126,
-749,
1278,
-1762,
-2363,
227,
-115,
-508,
226,
-50,
169,
37,
-467,
546,
77,
-1195,
389,
563,
-1043,
888,
2049,
-383,
-318,
916,
-352,
-278,
826,
-201,
-4981,
4862,
2025,
-5391,
-1059,
-2247,
-8429,
-1796,
3647,
-1040,
-292,
2196,
-1520,
-1185,
1236,
-1876,
-2737,
34,
-16,
-474,
93,
-115,
169,
-40,
-430,
695,
-23,
-1270,
868,
1098,
-1075,
718,
2157,
-271,
-290,
1070,
-125,
-188,
753,
-197,
-5019,
4501,
1829,
-5250,
-1157,
-2525,
-8530,
-2234,
2881,
-1059,
317,
2188,
-2224,
-1876,
839,
-1768,
-2329,
13,
-350,
-491,
215,
-125,
195,
-34,
-461,
813,
148,
-1089,
1035,
973,
-1135,
1248,
2542,
-556,
-363,
1410,
-174,
-437,
879,
-179,
-4760,
4294,
1397,
-5552,
-1271,
-2289,
-8069,
-1828,
3236,
-994,
-27,
1990,
-2134,
-1835,
933,
-1664,
-2433,
31,
-183,
-593,
48,
-116,
165,
-24,
-339,
851,
149,
-1211,
746,
1015,
-868,
1113,
2352,
-431,
-413,
1239,
-73,
-371,
816,
-166,
-4657,
4201,
984,
-5987,
-1336,
-2174,
-8201,
-1987,
3463,
-692,
-56,
1898,
-1988,
-1598,
1050,
-1768,
-2638,
49,
6,
-592,
-72,
-133,
147,
-55,
-324,
763,
47,
-1126,
778,
878,
-952,
985,
2121,
-427,
-252,
1234,
-38,
-206,
782,
-170,
-4585,
4148,
1052,
-5638,
-906,
-1757,
-7890,
-1982,
3461,
-310,
259,
1766,
-1930,
-993,
1596,
-1514,
-2356,
210,
-153,
-694,
46,
-75,
151,
-30,
-518,
448,
26,
-1065,
479,
571,
-797,
1176,
1884,
-715,
-270,
1121,
-385,
-354,
951,
-159,
-4524,
4190,
1000,
-5636,
-844,
-1910,
-8089,
-1819,
3871,
155,
699,
1806,
-2238,
-998,
1795,
-1695,
-2596,
413,
133,
-677,
0,
-69,
147,
7,
-495,
294,
-224,
-1218,
359,
360,
-1040,
961,
1706,
-806,
-337,
1023,
-351,
-226,
891,
-153,
-4678,
3863,
534,
-6238,
-1486,
-2557,
-9056,
-3025,
2960,
-695,
-519,
775,
-2807,
-1687,
1035,
-2108,
-2975,
-116,
-198,
-808,
-125,
-130,
176,
132,
-241,
540,
-25,
-916,
718,
625,
-777,
1369,
2121,
-653,
-339,
1213,
-76,
-165,
919,
-141,
-4440,
4285,
541,
-6257,
-789,
-1891,
-8693,
-1900,
4457,
-30,
-63,
1808,
-1816,
-1029,
1732,
-1400,
-2349,
418,
59,
-758,
-56,
-82,
149,
0,
-526,
339,
10,
-934,
534,
462,
-1024,
805,
1346,
-1343,
-751,
1028,
-254,
-413,
712,
-133,
-4568,
4045,
366,
-6629,
-1377,
-1909,
-8128,
-1534,
4659,
157,
-282,
1455,
-1844,
-1100,
1420,
-1698,
-2682,
73,
-119,
-893,
-178,
-96,
141,
58,
-318,
507,
248,
-407,
1021,
651,
-943,
837,
1290,
-1419,
-816,
1123,
90,
-112,
794,
-126,
-4589,
3902,
371,
-6387,
-1262,
-2025,
-8167,
-1467,
4544,
-85,
-362,
1325,
-2371,
-1651,
1190,
-2029,
-3172,
-7,
135,
-765,
-109,
-27,
113,
103,
-211,
567,
467,
-211,
830,
479,
-919,
448,
670,
-1465,
-488,
1252,
99,
-177,
500,
-116,
-4511,
3947,
209,
-6728,
-1535,
-2164,
-8305,
-1608,
4552,
102,
-229,
1173,
-2696,
-1849,
1214,
-1926,
-3126,
-6,
155,
-753,
-140,
-47,
119,
122,
-127,
675,
511,
-176,
838,
349,
-1040,
563,
922,
-1336,
-604,
1017,
18,
-90,
528,
-150,
-4580,
4060,
587,
-6480,
-1480,
-1724,
-7556,
-1212,
4610,
231,
219,
2039,
-1862,
-1471,
1618,
-1176,
-2502,
350,
452,
-584,
-92,
-20,
108,
158,
-96,
574,
489,
-133,
669,
265,
-757,
799,
900,
-1444,
-857,
642,
-294,
-354,
346,
-199,
-4809,
4255,
1036,
-6344,
-1542,
-1515,
-7266,
-1258,
4253,
-381,
-627,
1233,
-2501,
-2012,
1298,
-1288,
-2654,
187,
394,
-639,
-140,
-13,
101,
206,
-18,
441,
273,
-162,
629,
94,
-804,
904,
1047,
-1207,
-674,
608,
-330,
-220,
552,
-259,
-5303,
4379,
1772,
-6049,
-1910,
-1555,
-6836,
-1115,
4100,
-462,
-544,
1684,
-1878,
-1819,
1278,
-1011,
-2447,
-36,
80,
-811,
-250,
-57,
106,
147,
-98,
478,
331,
-175,
857,
571,
-794,
317,
602,
-1369,
-823,
711,
-49,
-250,
344,
-341,
-5961,
3971,
1726,
-5830,
-1579,
-1244,
-6254,
-456,
3974,
-939,
-241,
2224,
-1826,
-1490,
2050,
-684,
-2586,
-240,
-276,
-1143,
-319,
-54,
119,
151,
-255,
430,
581,
-87,
657,
539,
-628,
337,
404,
-1709,
-1203,
489,
-76,
-266,
250,
-384,
-6149,
3724,
1557,
-5662,
-1023,
-485,
-5414,
138,
3993,
-920,
444,
2971,
-1752,
-1749,
1849,
-873,
-2607,
-1,
-3,
-919,
-138,
2,
112,
144,
-327,
342,
582,
61,
973,
801,
-629,
335,
635,
-1405,
-853,
950,
290,
-30,
551,
-400,
-6313,
3292,
1259,
-5565,
-845,
-214,
-4823,
525,
3766,
-1189,
463,
2977,
-1806,
-2031,
1044,
-1618,
-2722,
21,
-140,
-884,
-2,
28,
112,
134,
-256,
493,
394,
-497,
451,
351,
-834,
720,
1140,
-1245,
-628,
1318,
387,
-64,
619,
-433,
-6533,
2737,
809,
-5570,
-400,
655,
-4125,
523,
3664,
-1079,
172,
2607,
-1444,
-1491,
1126,
-1461,
-2278,
301,
15,
-652,
127,
26,
121,
124,
-207,
742,
585,
-660,
166,
201,
-1084,
301,
1033,
-885,
-343,
1146,
-30,
-416,
394,
-434,
-6655,
2051,
398,
-5243,
87,
1117,
-3981,
-396,
2004,
-2498,
-666,
2357,
-1459,
-1810,
806,
-1435,
-2421,
-118,
-244,
-851,
-116,
-41,
112,
80,
-141,
783,
593,
-426,
458,
280,
-1021,
540,
1370,
-524,
0,
1409,
57,
-518,
353,
-416,
-6592,
2064,
925,
-4537,
32,
727,
-4002,
-361,
2145,
-1902,
-81,
2749,
-746,
-861,
1530,
-1007,
-2290,
-132,
-51,
-533,
38,
-7,
81,
-78,
-362,
604,
516,
-419,
454,
316,
-1021,
61,
450,
-1147,
-69,
1478,
141,
-284,
564,
-427,
-6951,
1788,
814,
-4961,
-653,
724,
-3232,
321,
2435,
-1987,
-493,
2574,
-641,
-1187,
1043,
-838,
-1810,
-14,
-144,
-534,
101,
17,
89,
31,
-287,
411,
195,
-772,
45,
296,
-482,
451,
338,
-1459,
-548,
956,
-16,
-216,
512,
-426,
-7034,
1882,
1229,
-4593,
-525,
881,
-3460,
-776,
1428,
-2104,
-603,
1798,
-1448,
-1433,
1446,
107,
-804,
610,
166,
-376,
139,
16,
82,
-29,
-376,
366,
205,
-794,
-47,
276,
-301,
846,
901,
-970,
-326,
1195,
446,
98,
497,
-413,
-6967,
1727,
1160,
-4395,
-361,
943,
-3347,
-629,
1664,
-1728,
-259,
2083,
-1180,
-1469,
904,
-615,
-1251,
558,
300,
-291,
154,
22,
81,
17,
-235,
578,
546,
-331,
238,
125,
-688,
679,
1157,
-539,
-77,
1169,
241,
-150,
355,
-410,
-6963,
1725,
1275,
-4027,
129,
1468,
-2581,
157,
1777,
-2204,
-443,
2575,
-408,
-1005,
829,
-812,
-1197,
541,
-26,
-581,
95,
37,
66,
-34,
-249,
561,
338,
-513,
435,
361,
-851,
285,
738,
-825,
-8,
1247,
-93,
-453,
432,
-410,
-7188,
1747,
1294,
-4331,
-109,
1619,
-2632,
-614,
905,
-2478,
-498,
2336,
-336,
-367,
1472,
-505,
-1057,
625,
25,
-529,
123,
43,
64,
-27,
-260,
342,
-63,
-750,
351,
369,
-333,
1060,
820,
-1190,
102,
1576,
-68,
-440,
581,
-432,
-7365,
1780,
1563,
-3912,
325,
1770,
-2574,
60,
1944,
-2191,
-972,
1914,
-741,
-935,
1202,
-535,
-1358,
243,
-72,
-527,
56,
-1,
84,
24,
-159,
648,
480,
-310,
427,
48,
-1099,
326,
834,
-877,
-100,
1294,
80,
-345,
402,
-437,
-7516,
1662,
1443,
-3992,
590,
2420,
-2016,
322,
2241,
-1739,
-574,
2185,
-587,
-910,
1048,
-1044,
-2139,
-276,
-105,
-419,
80,
-4,
85,
33,
-155,
564,
252,
-611,
261,
91,
-1103,
159,
722,
-980,
-418,
971,
76,
-57,
818,
-442,
-7484,
1881,
1585,
-4340,
7,
2075,
-2412,
-398,
1692,
-1967,
-955,
1638,
-978,
-1065,
1310,
-270,
-1291,
201,
-2,
-498,
9,
-5,
71,
-7,
-147,
676,
382,
-677,
132,
296,
-780,
139,
652,
-778,
-282,
933,
113,
-31,
755,
-429,
-7462,
1999,
1904,
-4069,
31,
1987,
-2637,
-593,
1935,
-1850,
-1723,
630,
-1601,
-1715,
796,
-97,
-924,
243,
3,
-419,
11,
-11,
54,
-111,
-297,
510,
303,
-613,
206,
466,
-441,
245,
445,
-779,
-66,
950,
64,
101,
832,
-434,
-7646,
1700,
1732,
-3863,
285,
2003,
-2334,
119,
2389,
-1495,
-949,
1344,
-1122,
-922,
1571,
95,
-877,
431,
77,
-355,
161,
33,
68,
-45,
-362,
281,
37,
-898,
-243,
-253,
-1014,
324,
785,
-761,
-120,
1068,
23,
-181,
605,
-420,
-7570,
1519,
1567,
-3866,
161,
1863,
-2309,
-205,
1472,
-2163,
-706,
1984,
-748,
-733,
1644,
-310,
-1640,
-27,
5,
-470,
-10,
-12,
74,
-4,
-268,
282,
-13,
-753,
105,
128,
-613,
895,
1602,
75,
445,
1380,
172,
-239,
474,
-430,
-7406,
1492,
959,
-4499,
-52,
1569,
-2298,
645,
1904,
-2667,
-803,
2307,
-1066,
-1373,
1218,
-719,
-1929,
-158,
-231,
-627,
68,
55,
41,
-138,
-463,
247,
118,
-566,
308,
26,
-1115,
453,
1251,
-507,
-161,
1013,
-40,
-296,
522,
-419,
-7341,
1395,
856,
-4346,
170,
1689,
-2010,
1009,
1980,
-2657,
-882,
1608,
-1968,
-1734,
1028,
-963,
-1735,
250,
-114,
-578,
169,
60,
62,
-118,
-445,
550,
529,
-478,
222,
-14,
-1156,
542,
1513,
-275,
-24,
1031,
-117,
-252,
662,
-419,
-7222,
1493,
1070,
-3935,
673,
2087,
-1970,
800,
1969,
-2435,
-593,
2104,
-1429,
-1556,
1078,
-711,
-1542,
235,
-143,
-591,
131,
41,
75,
-42,
-316,
668,
634,
-449,
238,
318,
-670,
532,
1045,
-687,
-382,
696,
-139,
-108,
562,
-425,
-7300,
1351,
843,
-4112,
512,
1524,
-2856,
391,
2118,
-2527,
-942,
2073,
-1444,
-1958,
858,
-402,
-1173,
460,
80,
-467,
139,
59,
54,
-19,
-131,
679,
234,
-889,
15,
155,
-764,
608,
1137,
-596,
-53,
1156,
49,
-173,
578,
-438,
-7033,
1938,
1176,
-4102,
612,
1548,
-2841,
620,
1885,
-3367,
-1436,
2007,
-1548,
-1763,
1395,
-89,
-1122,
475,
80,
-409,
203,
46,
72,
-70,
-358,
425,
-77,
-1217,
-45,
208,
-811,
727,
1317,
-699,
-149,
1208,
-155,
-551,
444,
-480,
-7173,
2362,
1328,
-4463,
624,
1560,
-3567,
-65,
1889,
-3010,
-899,
2473,
-1491,
-1801,
1326,
-641,
-1781,
378,
224,
-464,
129,
49,
78,
65,
-85,
683,
272,
-651,
394,
150,
-1092,
708,
1613,
-253,
305,
1519,
28,
-439,
348,
-500,
-7124,
2613,
1213,
-4735,
852,
1762,
-3645,
270,
2201,
-3510,
-1448,
2519,
-1462,
-2071,
1147,
-588,
-1672,
316,
-4,
-601,
118,
43,
78,
-7,
-194,
707,
226,
-847,
526,
608,
-919,
567,
1576,
-145,
428,
1603,
-1,
-514,
387,
-516,
-7336,
2709,
1097,
-5129,
752,
1912,
-3298,
879,
2693,
-2862,
-334,
2926,
-2135,
-2326,
1576,
-530,
-1852,
431,
157,
-509,
221,
66,
95,
68,
-188,
633,
182,
-749,
646,
439,
-1223,
399,
1168,
-872,
-5,
1483,
-230,
-739,
327,
-555,
-7422,
3071,
1065,
-5463,
1184,
2287,
-4051,
204,
2909,
-2803,
-723,
2974,
-1482,
-1704,
1768,
-521,
-1600,
802,
346,
-367,
383,
101,
109,
110,
-275,
450,
-65,
-1094,
428,
490,
-1021,
719,
1492,
-733,
124,
1748,
-73,
-746,
336,
-575,
-7353,
3622,
1496,
-5475,
1127,
2126,
-4301,
224,
2620,
-4000,
-2022,
2280,
-1903,
-2048,
1567,
-664,
-1605,
921,
303,
-530,
325,
97,
124,
182,
-233,
497,
144,
-763,
664,
432,
-1334,
450,
1353,
-957,
-166,
1682,
189,
-371,
516,
-597,
-7526,
3732,
1502,
-5748,
1031,
2195,
-4500,
-282,
2169,
-3945,
-1534,
2490,
-2035,
-1818,
2087,
-520,
-1816,
648,
-61,
-904,
139,
77,
105,
74,
-278,
677,
348,
-723,
662,
413,
-1376,
611,
1785,
-445,
289,
1956,
286,
-223,
759,
-614,
-7681,
3702,
1361,
-5702,
1683,
2927,
-3837,
900,
3431,
-3447,
-1407,
2881,
-1578,
-1704,
1880,
-536,
-1331,
1179,
161,
-764,
243,
69,
121,
-31,
-670,
240,
-74,
-1255,
240,
301,
-1286,
722,
1693,
-808,
-188,
1409,
-281,
-597,
580,
-619,
-7688,
3840,
1489,
-5631,
1863,
3034,
-4199,
146,
2846,
-3364,
-764,
3338,
-1702,
-1788,
2304,
-260,
-1790,
498,
-129,
-802,
198,
45,
130,
52,
-391,
633,
315,
-723,
1001,
1104,
-644,
1110,
1948,
-375,
414,
1798,
-181,
-546,
584,
-624,
-7743,
3864,
1729,
-5178,
2136,
2760,
-4578,
298,
3037,
-3905,
-1438,
3573,
-772,
-1080,
2364,
-680,
-2186,
463,
-28,
-795,
231,
103,
93,
-4,
-371,
699,
307,
-872,
915,
1076,
-1174,
26,
1104,
-683,
229,
1598,
-292,
-572,
645,
-627,
-7805,
3707,
1504,
-5549,
1827,
2965,
-4106,
498,
3144,
-3770,
-1726,
2761,
-1789,
-2069,
1739,
-676,
-1737,
977,
242,
-834,
136,
97,
81,
-30,
-378,
714,
285,
-1149,
461,
828,
-1329,
-217,
1174,
-336,
303,
1562,
-123,
-514,
569,
-627,
-7813,
3860,
1587,
-6023,
1059,
2711,
-4049,
124,
2759,
-3584,
-1668,
2111,
-2653,
-2708,
1472,
-428,
-1417,
850,
22,
-790,
168,
43,
123,
87,
-106,
1168,
596,
-1047,
604,
951,
-1274,
-14,
1353,
-608,
-264,
1254,
-9,
-293,
631,
-635,
-7744,
4119,
1854,
-5765,
1589,
3276,
-4019,
-167,
2754,
-3388,
-1464,
2750,
-1497,
-1775,
1783,
-350,
-1234,
1124,
329,
-542,
260,
41,
130,
37,
-368,
780,
527,
-579,
1137,
1124,
-1206,
186,
1434,
-789,
-556,
936,
-301,
-509,
410,
-638,
-7895,
3943,
2080,
-5239,
1654,
2823,
-4235,
18,
2800,
-3510,
-1231,
3337,
-1034,
-1428,
2279,
45,
-1226,
933,
136,
-640,
354,
143,
90,
44,
-378,
619,
535,
-457,
883,
874,
-823,
687,
1522,
-551,
138,
1432,
-306,
-481,
771,
-630,
-7852,
3792,
1732,
-5645,
1351,
2679,
-4425,
-325,
2612,
-3390,
-1219,
2758,
-2129,
-2418,
1765,
-434,
-2036,
274,
4,
-602,
313,
130,
74,
-40,
-472,
479,
261,
-861,
483,
668,
-931,
355,
1071,
-689,
364,
1731,
-144,
-503,
690,
-621,
-7614,
3973,
1636,
-5664,
1616,
2751,
-4516,
-172,
2744,
-3435,
-1256,
2486,
-2501,
-2360,
1854,
-665,
-1927,
776,
169,
-750,
260,
143,
67,
-56,
-466,
529,
239,
-838,
816,
935,
-1198,
-93,
800,
-1027,
-135,
1357,
-209,
-387,
711,
-628,
-7712,
4083,
1682,
-5994,
1164,
2465,
-4729,
-321,
2821,
-3147,
-807,
3126,
-1796,
-1735,
2401,
-322,
-1973,
460,
-152,
-981,
124,
104,
79,
-30,
-392,
670,
333,
-876,
829,
1120,
-1130,
-301,
641,
-928,
101,
1700,
189,
-193,
621,
-640,
-7902,
3961,
1712,
-5883,
1234,
2388,
-5002,
-727,
2384,
-3434,
-648,
3618,
-1736,
-2486,
1452,
-885,
-2228,
397,
-8,
-848,
64,
19,
124,
16,
-482,
565,
427,
-620,
962,
1015,
-1175,
78,
1360,
-326,
264,
1413,
-356,
-635,
531,
-642,
-7933,
3881,
1673,
-5694,
1683,
3011,
-4227,
17,
2833,
-3244,
-708,
3138,
-2357,
-2860,
1136,
-1149,
-1970,
1049,
416,
-715,
168,
80,
99,
-18,
-513,
393,
-49,
-1225,
662,
1108,
-963,
143,
1030,
-1054,
-400,
1115,
-481,
-730,
537,
-636,
-7920,
3748,
1650,
-5435,
2016,
3174,
-4340,
-217,
2613,
-3724,
-1284,
3353,
-1415,
-2206,
1477,
-583,
-1570,
805,
-122,
-1113,
-8,
58,
88,
-76,
-582,
398,
152,
-999,
635,
1129,
-555,
564,
1197,
-838,
-63,
1412,
-109,
-213,
1007,
-630,
-7799,
3945,
1947,
-5152,
2210,
3381,
-4216,
-465,
2034,
-4378,
-1922,
2801,
-1748,
-2253,
1709,
-281,
-1496,
755,
-23,
-966,
21,
50,
91,
-33,
-469,
402,
5,
-1089,
432,
505,
-1245,
336,
1328,
-754,
-214,
1139,
-230,
-131,
1070,
-636,
-7833,
3959,
1874,
-5360,
1966,
3243,
-3989,
137,
2654,
-3810,
-1353,
3002,
-1964,
-2343,
1834,
-360,
-1826,
490,
7,
-715,
194,
61,
104,
-33,
-518,
408,
38,
-987,
731,
728,
-1339,
237,
1397,
-694,
-106,
1314,
-286,
-440,
803,
-629,
-7735,
3981,
1521,
-6016,
1431,
2961,
-3979,
713,
3598,
-3338,
-1659,
2635,
-1803,
-2045,
1719,
-640,
-1819,
602,
-71,
-837,
156,
41,
125,
-6,
-603,
242,
-286,
-1661,
0,
397,
-1532,
-321,
679,
-1065,
-130,
1308,
-427,
-659,
602,
-632,
-7728,
4068,
1824,
-5498,
1844,
3036,
-4063,
582,
3359,
-3428,
-1475,
2618,
-2212,
-2485,
1271,
-1120,
-1830,
1108,
238,
-947,
48,
46,
123,
97,
-336,
576,
202,
-936,
608,
511,
-1584,
100,
1491,
-538,
-120,
1150,
-512,
-707,
576,
-628,
-7640,
4209,
2242,
-4876,
2369,
3276,
-4398,
-239,
2726,
-3746,
-1735,
2755,
-1658,
-2088,
1703,
-329,
-1354,
951,
100,
-820,
141,
54,
124,
131,
-205,
736,
235,
-1061,
488,
604,
-1357,
266,
1722,
-193,
58,
1238,
-166,
-257,
778,
-629,
-7816,
3998,
1995,
-5065,
2261,
3097,
-4638,
-502,
2319,
-4235,
-2159,
2415,
-1754,
-1832,
2118,
72,
-1188,
683,
-247,
-854,
224,
73,
108,
7,
-413,
442,
-122,
-1081,
749,
540,
-1467,
519,
1587,
-834,
-23,
1739,
103,
-252,
707,
-629,
-7863,
3801,
1569,
-5772,
1413,
2571,
-4714,
-762,
1688,
-4298,
-1309,
3117,
-1773,
-1998,
2030,
-137,
-1243,
954,
-7,
-781,
280,
107,
93,
-44,
-467,
533,
35,
-1138,
655,
767,
-1092,
741,
1668,
-852,
-64,
1781,
110,
-305,
833,
-635,
-7837,
3867,
1767,
-5412,
1846,
2946,
-4455,
-406,
2426,
-3423,
-858,
3165,
-1654,
-1786,
1943,
-559,
-1582,
988,
226,
-676,
228,
67,
106,
-26,
-428,
617,
101,
-1197,
498,
650,
-1276,
270,
1157,
-1025,
-109,
1538,
-133,
-325,
901,
-638,
-7904,
4043,
2198,
-5097,
1821,
2993,
-3846,
474,
2914,
-3364,
-778,
3436,
-1447,
-1988,
1347,
-1051,
-1658,
986,
-33,
-992,
89,
42,
124,
79,
-282,
671,
78,
-1224,
353,
385,
-1347,
400,
1115,
-1189,
-92,
1582,
-261,
-497,
708,
-636,
-7869,
4104,
2292,
-4755,
2346,
3151,
-4070,
421,
3005,
-3456,
-836,
3610,
-1266,
-1925,
1339,
-1049,
-1503,
1252,
150,
-883,
189,
75,
123,
110,
-210,
820,
255,
-1011,
846,
1058,
-1037,
317,
1093,
-1138,
-180,
1505,
-237,
-568,
492,
