-537,
-8298,
1669,
249,
-5551,
984,
1909,
-5120,
-2345,
49,
-4750,
-2381,
1601,
-1551,
-757,
2519,
-590,
-2350,
7,
-190,
-892,
-55,
-28,
147,
225,
-122,
533,
-44,
-1187,
466,
1048,
-704,
109,
1109,
-323,
-3,
906,
-390,
-542,
342,
-566,
-8657,
1718,
268,
-5875,
624,
1485,
-5486,
-2252,
258,
-4843,
-2440,
1871,
-963,
-59,
2834,
-623,
-2213,
152,
-328,
-953,
87,
44,
123,
173,
-100,
733,
138,
-1085,
644,
1132,
-684,
463,
1589,
-126,
138,
1138,
-213,
-350,
476,
-625,
-9179,
2182,
853,
-6119,
379,
1802,
-4913,
-1312,
1415,
-4156,
-2171,
2144,
-871,
-298,
2558,
-714,
-2021,
623,
142,
-756,
87,
42,
103,
47,
-302,
409,
-325,
-1319,
789,
1123,
-976,
388,
1561,
-559,
-233,
1228,
-141,
-472,
506,
-678,
-9485,
2727,
1390,
-6215,
305,
1698,
-5029,
-532,
2529,
-4076,
-2639,
1779,
-1728,
-1291,
2424,
-501,
-2259,
318,
86,
-852,
-84,
-17,
108,
21,
-223,
758,
123,
-961,
1341,
2002,
-393,
267,
1227,
-717,
-465,
808,
-484,
-622,
470,
-731,
-9533,
3356,
1530,
-6526,
1004,
2621,
-5169,
-804,
2604,
-4324,
-2796,
2145,
-1414,
-1104,
2773,
-233,
-2182,
393,
166,
-815,
-86,
-27,
103,
-57,
-254,
996,
488,
-707,
1390,
1761,
-670,
315,
1388,
-707,
-503,
780,
-357,
-247,
687,
-778,
-9733,
3861,
1769,
-6696,
1454,
3071,
-5414,
-807,
3016,
-4009,
-2248,
2641,
-1687,
-1582,
2556,
-686,
-2795,
76,
37,
-907,
-128,
-52,
120,
-51,
-282,
1069,
542,
-954,
856,
1252,
-737,
576,
1271,
-1136,
-502,
982,
-522,
-408,
833,
-817,
-9945,
4161,
1738,
-7334,
1062,
2757,
-6035,
-1073,
3172,
-3915,
-2039,
2684,
-2428,
-2386,
2579,
-295,
-2637,
37,
-74,
-960,
-82,
-37,
135,
14,
-273,
1078,
680,
-759,
949,
1052,
-1226,
210,
1283,
-982,
-432,
910,
-797,
-773,
584,
-842,
-10006,
4318,
1212,
-8391,
711,
2822,
-6281,
-1205,
3025,
-4586,
-2571,
2715,
-2484,
-2821,
1997,
-741,
-2644,
202,
-191,
-1063,
71,
46,
133,
107,
-157,
1211,
758,
-749,
1307,
1627,
-1254,
-287,
1167,
-767,
-370,
877,
-726,
-587,
759,
-831,
-10070,
3999,
1084,
-8251,
769,
3035,
-5868,
-1179,
2757,
-4761,
-2983,
2216,
-2363,
-2511,
1773,
-888,
-2206,
508,
-405,
-1268,
89,
59,
150,
155,
-234,
1080,
651,
-1170,
483,
1071,
-1053,
223,
1331,
-938,
-396,
1142,
-560,
-698,
748,
-815,
-10019,
3907,
1175,
-8232,
228,
2491,
-6061,
-1590,
2285,
-4662,
-2671,
2301,
-2145,
-1948,
2386,
-451,
-1909,
762,
-271,
-1330,
26,
89,
108,
42,
-319,
1016,
643,
-1170,
397,
1051,
-951,
200,
1066,
-1408,
-937,
866,
-516,
-600,
954,
-756,
-9277,
3987,
1002,
-8018,
216,
1940,
-6390,
-1478,
2315,
-4854,
-2984,
1955,
-2232,
-1790,
2379,
-620,
-2002,
625,
-491,
-1423,
36,
82,
118,
29,
-398,
1007,
818,
-816,
895,
1552,
-669,
216,
1061,
-1220,
-651,
1188,
-34,
-155,
1003,
-660,
-8182,
4188,
789,
-7782,
662,
2065,
-7288,
-3183,
1539,
-4367,
-2669,
1874,
-2283,
-2038,
2258,
-509,
-2376,
192,
-206,
-1064,
33,
82,
88,
14,
-384,
563,
250,
-830,
866,
1152,
-786,
393,
1148,
-1054,
-524,
972,
-317,
-306,
818,
-518,
-7467,
2731,
-587,
-7223,
1239,
1903,
-7732,
-4471,
303,
-4385,
-2683,
1419,
-2218,
-2090,
1523,
-977,
-2470,
0,
-187,
-882,
18,
38,
92,
16,
-313,
554,
164,
-846,
763,
1123,
-470,
617,
1145,
-824,
-324,
755,
-447,
-117,
871,
-398,
-7049,
1368,
-1454,
-6798,
797,
1605,
-6674,
-4400,
-669,
-4194,
-2386,
544,
-2845,
-2082,
1315,
-1205,
-2583,
-182,
-149,
-709,
2,
-6,
92,
-66,
-458,
425,
299,
-402,
1114,
1297,
-320,
560,
875,
-1132,
-703,
521,
-360,
-103,
676,
-367,
-6971,
312,
-1762,
-6431,
-424,
567,
-5069,
-2317,
256,
-3036,
-1001,
1291,
-2235,
-1718,
924,
-1427,
-1994,
355,
-259,
-1020,
-79,
25,
80,
-42,
-534,
137,
186,
-250,
1087,
1104,
-403,
509,
854,
-1010,
-412,
1035,
21,
-290,
369,
-382,
-7234,
152,
-1948,
-6967,
-925,
706,
-4703,
-2216,
368,
-3062,
-1412,
1286,
-1478,
-932,
1700,
-310,
-1151,
518,
-208,
-784,
97,
58,
87,
69,
-300,
307,
84,
-641,
673,
995,
-270,
682,
1123,
-805,
-608,
637,
-188,
-287,
554,
-407,
-7543,
253,
-1702,
-6924,
-713,
1186,
-4394,
-1893,
1238,
-1957,
-693,
1606,
-1355,
-841,
2046,
202,
-964,
383,
-217,
-603,
228,
93,
69,
21,
-266,
505,
356,
-426,
851,
1231,
-97,
539,
736,
-1174,
-1020,
75,
-628,
-416,
514,
-441,
-7719,
490,
-1220,
-6515,
-552,
839,
-4914,
-1939,
1273,
-2359,
-862,
2016,
-1188,
-1229,
1585,
-221,
-1352,
248,
-282,
-891,
-49,
32,
76,
61,
-209,
451,
372,
-219,
731,
546,
-658,
558,
1060,
-595,
-81,
890,
-405,
-534,
461,
-476,
-7873,
939,
-894,
-6466,
-14,
1574,
-4390,
-1455,
1165,
-3024,
-769,
2851,
-737,
-1139,
1650,
-267,
-1220,
600,
-109,
-820,
50,
38,
101,
103,
-181,
735,
706,
-235,
718,
682,
-818,
310,
1206,
-288,
99,
930,
-594,
-834,
295,
-505,
-8117,
1130,
-719,
-6320,
739,
2475,
-4001,
-1084,
1681,
-2917,
-935,
2833,
-728,
-1133,
1823,
-96,
-1259,
540,
79,
-520,
147,
2,
120,
50,
-295,
719,
493,
-834,
254,
698,
-652,
345,
1192,
-227,
212,
1029,
-448,
-653,
298,
-544,
-8806,
859,
-1021,
-6655,
1006,
2658,
-4496,
-1326,
1929,
-3071,
-1554,
2298,
-1009,
-1258,
1509,
-770,
-1922,
55,
-409,
-901,
23,
2,
105,
-37,
-421,
590,
321,
-821,
683,
1209,
-280,
754,
1349,
-621,
-223,
926,
-438,
-573,
473,
-571,
-9113,
1022,
-641,
-6393,
1121,
2477,
-4694,
-1193,
2062,
-2897,
-1139,
2069,
-2123,
-1936,
1600,
-751,
-1941,
200,
-562,
-1281,
-114,
14,
112,
106,
-152,
773,
263,
-999,
643,
1197,
-565,
235,
786,
-1101,
-454,
970,
-255,
-343,
633,
-626,
-9561,
1429,
-218,
-6508,
1292,
2772,
-4888,
-1415,
1842,
-3455,
-1363,
2339,
-2279,
-2423,
1614,
-353,
-1610,
480,
-263,
-972,
152,
118,
70,
0,
-267,
753,
275,
-1038,
748,
1302,
-999,
-523,
416,
-1215,
-855,
447,
-520,
-441,
539,
-706,
-10155,
1939,
202,
-6814,
1410,
2955,
-5315,
-1469,
2051,
-4101,
-2278,
1999,
-2447,
-2682,
1304,
-709,
-1656,
728,
-256,
-1188,
39,
97,
80,
6,
-258,
870,
401,
-1022,
726,
1219,
-1042,
-292,
773,
-798,
-148,
1109,
-330,
-388,
697,
-775,
-10169,
2973,
811,
-7332,
1136,
2930,
-5784,
-1751,
1948,
-4624,
-2654,
2026,
-2473,
-2432,
1847,
-688,
-1988,
751,
-101,
-1250,
-66,
68,
88,
0,
-300,
828,
305,
-1206,
595,
1239,
-804,
160,
1120,
-782,
-354,
699,
-872,
-762,
494,
-792,
-9951,
3553,
790,
-7730,
1590,
3475,
-6136,
-1923,
2383,
-4394,
-2160,
3214,
-1723,
-2386,
2177,
-96,
-1677,
1049,
346,
-1040,
-147,
3,
100,
-74,
-459,
783,
401,
-1138,
626,
1313,
-712,
330,
1495,
-256,
196,
1214,
-398,
-292,
900,
-799,
-9938,
3927,
598,
-8131,
2154,
4038,
-6354,
-1742,
2915,
-4424,
-1988,
3910,
-1641,
-2898,
1965,
-117,
-1848,
892,
307,
-1037,
-183,
-42,
121,
-100,
-542,
784,
303,
-1394,
608,
1592,
-397,
657,
1684,
-351,
77,
1122,
-615,
-366,
1113,
-877,
-10378,
4379,
769,
-9012,
1370,
3777,
-6330,
-1139,
3613,
-4418,
-2374,
3423,
-2187,
-3088,
1898,
-658,
-2511,
496,
12,
-1095,
33,
63,
110,
-33,
-491,
766,
271,
-1367,
703,
1484,
-678,
658,
1764,
-687,
-295,
1087,
-700,
-620,
979,
-907,
-10592,
4613,
954,
-9175,
1382,
3943,
-6349,
-1014,
4073,
-4089,
-2438,
3312,
-1893,
-2568,
1994,
-969,
-2677,
440,
-122,
-1071,
154,
56,
151,
10,
-641,
767,
549,
-1341,
332,
1056,
-1141,
66,
1224,
-990,
-311,
1293,
-504,
-597,
977,
-931,
-10669,
5022,
1326,
-9209,
1295,
3843,
-6503,
-1003,
4253,
-3631,
-1773,
3379,
-2460,
-2646,
2571,
-495,
-2423,
556,
-263,
-1201,
232,
116,
139,
24,
-630,
760,
593,
-1028,
1018,
1739,
-723,
385,
1385,
-1041,
-219,
1505,
-556,
-789,
907,
-929,
-10615,
4970,
1443,
-8727,
1618,
3576,
-6816,
-936,
4135,
-4096,
-1846,
3673,
-2524,
-2884,
2641,
-426,
-2450,
804,
29,
-1223,
161,
144,
115,
44,
-543,
734,
497,
-1090,
1016,
1885,
-560,
326,
1179,
-1377,
-791,
1042,
-578,
-687,
795,
-797,
-10728,
3060,
878,
-7048,
1947,
2413,
-7185,
-809,
4540,
-3571,
-3075,
1229,
-3419,
-2305,
3074,
-354,
-2593,
654,
123,
-1293,
-138,
52,
105,
-20,
-522,
789,
689,
-832,
981,
1712,
-777,
-25,
1331,
-746,
-733,
930,
166,
105,
773,
-799,
-10702,
3123,
799,
-7347,
1762,
2591,
-6854,
-451,
5000,
-3192,
-2884,
1435,
-3209,
-2138,
3425,
60,
-2452,
759,
428,
-1099,
-161,
34,
99,
-23,
-449,
848,
719,
-731,
967,
1349,
-1274,
-208,
1550,
-496,
-683,
1012,
376,
182,
693,
-850,
-10614,
3991,
935,
-8165,
1851,
3358,
-6711,
-319,
5470,
-2918,
-2218,
2612,
-2715,
-2277,
3513,
1,
-2965,
489,
624,
-904,
-134,
25,
99,
-51,
-457,
1041,
1118,
-393,
1160,
1655,
-779,
94,
1385,
-842,
-982,
486,
-409,
-332,
680,
-900,
-10705,
4412,
1441,
-8264,
1517,
3444,
-6584,
-814,
4626,
-3434,
-2193,
3024,
-2419,
-2703,
2701,
-225,
-2698,
410,
293,
-941,
-35,
19,
125,
-36,
-582,
828,
766,
-934,
673,
1520,
-494,
475,
1340,
-1259,
-1136,
717,
-264,
-374,
743,
-922,
-10870,
4478,
1241,
-8740,
1398,
3538,
-6630,
-799,
4606,
-3736,
-2611,
2643,
-2575,
-2479,
2936,
-89,
-2256,
907,
371,
-949,
119,
85,
123,
-11,
-664,
668,
660,
-984,
499,
951,
-1214,
159,
1232,
-1563,
-1272,
959,
-81,
-337,
847,
-947,
-10851,
4871,
1258,
-9019,
1571,
3663,
-6821,
-895,
3818,
-5436,
-3601,
2642,
-2901,
-3181,
2479,
-391,
-2456,
823,
221,
-1083,
101,
81,
133,
26,
-518,
1000,
929,
-771,
1017,
1452,
-1288,
-173,
1218,
-1090,
-473,
1554,
77,
-165,
1178,
-955,
-10760,
5188,
1571,
-8914,
1473,
3420,
-6937,
-702,
4263,
-4577,
-2483,
3232,
-2926,
-3128,
2781,
10,
-1970,
1077,
102,
-1179,
158,
106,
135,
41,
-507,
975,
793,
-805,
1311,
1860,
-823,
460,
1637,
-1115,
-644,
1198,
-585,
-737,
881,
-951,
-10779,
5165,
1657,
-8797,
1622,
3770,
-6694,
-819,
4351,
-4132,
-2353,
3225,
-2228,
-2051,
3168,
-469,
-2611,
803,
12,
-1453,
-163,
3,
164,
129,
-427,
786,
407,
-1074,
1122,
1824,
-444,
850,
1506,
-1380,
-569,
1363,
-553,
-704,
936,
-941,
-10841,
4967,
1194,
-9320,
1376,
3807,
-6429,
-342,
4651,
-4293,
-2478,
3572,
-1890,
-2257,
2737,
-561,
-2417,
944,
126,
-1256,
-43,
3,
167,
30,
-644,
701,
311,
-1509,
609,
1555,
-643,
609,
1326,
-1421,
-243,
2079,
37,
-495,
1028,
-936,
-10806,
4989,
987,
-9855,
804,
3504,
-6540,
-473,
4491,
-4334,
-2406,
3404,
-2561,
-2972,
2679,
-78,
-2109,
837,
-3,
-1128,
151,
50,
173,
66,
-629,
893,
772,
-1167,
619,
1344,
-1133,
101,
1320,
-1340,
-779,
1378,
-199,
-509,
1047,
-953,
-10930,
4916,
1251,
-9200,
1191,
3029,
-7276,
-654,
4482,
-4673,
-2629,
3475,
-2681,
-3199,
2706,
-92,
-2323,
799,
94,
-1208,
42,
51,
163,
117,
-559,
668,
424,
-1228,
665,
1276,
-1083,
220,
1217,
-1494,
-786,
1324,
-317,
-513,
1052,
-957,
-10871,
5139,
1442,
-9390,
733,
2894,
-6971,
-596,
4043,
-4865,
-2163,
4096,
-2285,
-3018,
2642,
-208,
-2191,
1016,
133,
-1251,
38,
65,
142,
3,
-682,
635,
372,
-1281,
761,
1349,
-1159,
305,
1628,
-951,
-228,
1820,
-31,
-429,
1054,
-971,
-10996,
5109,
1514,
-9207,
1034,
2971,
-7388,
-926,
4457,
-4315,
-2456,
3404,
-2316,
-2604,
2660,
-470,
-2190,
1209,
238,
-1214,
77,
86,
128,
-49,
-729,
689,
573,
-1034,
805,
1082,
-1505,
77,
1452,
-1106,
-393,
1474,
-437,
-535,
1195,
-963,
-11031,
4949,
1413,
-9240,
1118,
3589,
-6442,
-490,
4346,
-4462,
-2672,
3060,
-2532,
-2761,
2400,
-644,
-2217,
1105,
40,
-1327,
71,
86,
145,
78,
-494,
965,
878,
-671,
1249,
1479,
-1414,
-73,
1337,
-1358,
-969,
1041,
-455,
-555,
1024,
-951,
-10753,
5351,
1708,
-9218,
1044,
3673,
-6182,
-140,
4688,
-4253,
-2551,
3195,
-2503,
-2819,
2551,
-314,
-1992,
1289,
298,
-1182,
48,
58,
156,
139,
-345,
1073,
760,
-1000,
960,
1526,
-1073,
182,
1351,
-1395,
-919,
1243,
-60,
-186,
1090,
-954,
-10774,
5353,
1687,
-9347,
883,
3585,
-6342,
-466,
4306,
-4760,
-3110,
3202,
-1741,
-2133,
2574,
-565,
-2088,
1284,
262,
-1227,
24,
55,
154,
122,
-359,
1102,
798,
-1145,
592,
1323,
-882,
370,
1256,
-1419,
-623,
1544,
-88,
-503,
730,
-969,
-11030,
5090,
1532,
-9411,
700,
3114,
-6881,
-727,
4360,
-4398,
-2405,
3831,
-1714,
-2425,
2599,
-243,
-1790,
1615,
755,
-726,
331,
144,
119,
-8,
-620,
804,
618,
-1137,
863,
1742,
-791,
19,
1052,
-1205,
-448,
1429,
-242,
-532,
792,
-978,
-11177,
5050,
1639,
-9303,
551,
2551,
-7758,
-1730,
3526,
-4677,
-2431,
3111,
-3099,
-3367,
2384,
-445,
-2242,
1121,
247,
-1129,
223,
173,
103,
4,
-655,
580,
399,
-1243,
589,
1342,
-809,
360,
1136,
-1526,
-809,
1172,
-416,
-546,
886,
-942,
-10922,
4789,
1432,
-9189,
523,
2835,
-6791,
-1131,
3129,
-5452,
-2971,
3264,
-2234,
-2742,
2304,
-532,
-2119,
1003,
-45,
-1329,
86,
117,
114,
-7,
-641,
515,
163,
-1320,
686,
1089,
-1245,
385,
1285,
-1912,
-1274,
1253,
-185,
-627,
726,
-926,
-10856,
4664,
1626,
-8510,
979,
2963,
-6259,
-166,
3800,
-5170,
-2475,
4093,
-1605,
-2514,
2432,
-523,
-2506,
405,
-476,
-1571,
-49,
90,
107,
-54,
-648,
624,
421,
-873,
1304,
1666,
-1084,
107,
1127,
-1618,
-923,
1342,
-115,
-420,
866,
-931,
-10853,
4777,
1617,
-8462,
1110,
2542,
-6762,
489,
5190,
-4133,
-1862,
4019,
-2486,
-2907,
3126,
96,
-2362,
798,
92,
-1348,
-68,
66,
130,
105,
-290,
1146,
903,
-707,
1287,
1833,
-846,
67,
936,
-1638,
-844,
1285,
-287,
-581,
738,
-955,
-11074,
4833,
1644,
-8656,
1203,
2964,
-6750,
-39,
4872,
-3982,
-1848,
3606,
-2886,
-3024,
3121,
169,
-2167,
999,
278,
-1179,
-45,
20,
153,
93,
-298,
1261,
868,
-1052,
985,
1753,
-950,
-207,
664,
-1567,
-351,
1739,
-215,
-571,
1003,
-944,
-10778,
5185,
1933,
-8530,
1252,
3137,
-6543,
36,
4911,
-4200,
-2773,
2526,
-3149,
-2875,
2730,
-531,
-2645,
524,
-270,
-1445,
-26,
57,
139,
45,
-477,
853,
499,
-971,
1134,
1293,
-1511,
-52,
1024,
-1685,
-542,
1826,
-92,
-441,
1186,
-520,
-7431,
6575,
779,
-10435,
-124,
2796,
-6264,
481,
6189,
-2205,
-1400,
3031,
-3330,
-4083,
1541,
-139,
-1220,
1636,
357,
-976,
368,
237,
77,
88,
-263,
952,
537,
-996,
936,
1257,
-1468,
-345,
1029,
-947,
-72,
1570,
-417,
-700,
830,
-238,
-5327,
5759,
-396,
-10200,
-802,
1826,
-6389,
-193,
5715,
-1897,
-2009,
2672,
-2300,
-4265,
334,
371,
-197,
1274,
-397,
-1428,
102,
230,
31,
75,
-154,
839,
727,
-404,
974,
1193,
-1178,
-893,
-117,
-1477,
-540,
995,
-311,
-537,
440,
-147,
-4615,
4950,
-1216,
-10106,
-769,
1901,
-6680,
-1157,
5777,
-1718,
-3919,
1405,
-1209,
-4497,
-1644,
-97,
138,
686,
-721,
-1169,
90,
157,
37,
103,
47,
900,
716,
-185,
907,
888,
-1123,
-944,
-511,
-1685,
-899,
216,
-757,
-492,
441,
-169,
-4751,
3861,
-1820,
-9613,
-606,
1514,
-7072,
-1912,
5011,
-1955,
-4344,
800,
-1080,
-4077,
-1822,
-723,
-604,
132,
-754,
-1015,
34,
88,
55,
114,
124,
997,
732,
-258,
652,
493,
-1413,
-1051,
-530,
-1817,
-1344,
-358,
-1170,
-829,
151,
-182,
-4622,
3742,
-1667,
-8857,
47,
1646,
-7061,
-1958,
4854,
-1769,
-3983,
652,
-1212,
-3412,
-1162,
-902,
-979,
143,
-662,
-1006,
72,
116,
42,
48,
4,
970,
808,
-228,
682,
570,
-1381,
-965,
-264,
-1481,
-943,
148,
-871,
-953,
-87,
-174,
-4654,
3573,
-1535,
-8449,
1,
1036,
-7700,
-2361,
4888,
-1176,
-3382,
690,
-1478,
-3528,
-1160,
-950,
-1093,
-41,
-904,
-1200,
-5,
105,
44,
56,
15,
1052,
1005,
-58,
780,
801,
-1108,
-1043,
-629,
-1702,
-986,
44,
-1030,
-1078,
-211,
-173,
-4741,
3193,
-1681,
-8455,
-410,
816,
-7444,
-2662,
4160,
-1105,
-2970,
344,
-2013,
-3535,
-1199,
-1409,
-1512,
-129,
-837,
-1165,
-33,
72,
69,
121,
32,
988,
929,
-134,
672,
772,
-994,
-984,
-749,
-1923,
-1341,
-445,
-1387,
-1177,
-246,
-178,
-4543,
3493,
-1241,
-8049,
-172,
1244,
-6614,
-1937,
4493,
-726,
-2462,
551,
-1881,
-2876,
-323,
-974,
-1296,
321,
-395,
-1010,
10,
103,
61,
147,
-38,
661,
631,
-229,
434,
353,
-1141,
-822,
-659,
-1995,
-1415,
-412,
-1202,
-956,
-150,
-169,
-4713,
3483,
-1250,
-8432,
-918,
586,
-6841,
-1969,
4179,
-1269,
-2871,
160,
-2482,
-3467,
-803,
-1469,
-1515,
536,
-302,
-1279,
-182,
91,
70,
288,
79,
504,
616,
194,
809,
463,
-970,
-672,
-809,
-2178,
-1262,
-12,
-878,
-897,
-246,
-171,
-4653,
3756,
-943,
-8248,
-772,
758,
-6502,
-1356,
4728,
-1023,
-2507,
910,
-1802,
-3200,
-693,
-1235,
-1229,
707,
-251,
-1266,
-178,
96,
53,
164,
-70,
523,
668,
25,
616,
531,
-851,
-796,
-1061,
-2348,
-1375,
-195,
-1147,
-1133,
-353,
-185,
-4743,
3679,
-1189,
-8613,
-1034,
459,
-6953,
-1797,
4232,
-1642,
-3007,
483,
-2352,
-3595,
-836,
-1580,
-1803,
353,
-375,
-1408,
-287,
87,
42,
152,
1,
651,
751,
86,
822,
847,
-675,
-659,
-633,
-1835,
-1220,
-275,
-1151,
-1122,
-380,
-197,
-4617,
4070,
-903,
-8543,
-815,
844,
-6483,
-1078,
4919,
-1450,
-3130,
450,
-2104,
-2949,
-6,
-983,
-1471,
520,
-423,
-1483,
-197,
161,
25,
205,
69,
597,
642,
-54,
562,
521,
-837,
-513,
-398,
-1894,
-1562,
-538,
-1206,
-1075,
-268,
-165,
-4516,
4021,
-1378,
-8977,
-766,
876,
-6667,
-1271,
4360,
-2181,
-3320,
88,
-3388,
-4054,
-263,
-1219,
-1767,
724,
-82,
-1467,
-277,
149,
31,
267,
201,
818,
946,
179,
653,
562,
-837,
-586,
-429,
-1710,
-1118,
56,
-612,
-642,
-107,
-134,
-4276,
4214,
-1539,
-9171,
-552,
1172,
-6540,
-1073,
4503,
-2257,
-3279,
362,
-3182,
-4062,
-374,
-1151,
-1389,
1110,
77,
-1427,
-281,
141,
16,
135,
117,
928,
876,
-173,
426,
476,
-901,
-472,
-323,
-1805,
-1044,
383,
-413,
-580,
-48,
-143,
-4370,
4096,
-1550,
-9148,
-574,
1202,
-6756,
-1936,
3476,
-2820,
-3574,
209,
-2977,
-3867,
-524,
-1262,
-1411,
836,
-196,
-1439,
-301,
84,
30,
29,
-67,
833,
767,
-142,
841,
973,
-532,
-25,
85,
-1674,
-1046,
371,
-395,
-356,
273,
-121,
-4211,
4203,
-1525,
-9192,
-463,
1811,
-5915,
-1452,
3776,
-2216,
-2896,
562,
-2855,
-3775,
-315,
-801,
-859,
1211,
20,
-1319,
-276,
91,
12,
-41,
-117,
670,
440,
-116,
1429,
1447,
-469,
159,
499,
-1430,
-925,
534,
-396,
-531,
227,
-106,
-4219,
4302,
-1771,
-9880,
-953,
1808,
-5738,
-1285,
3946,
-2080,
-2872,
473,
-2904,
-3716,
-268,
-748,
-761,
1162,
-191,
-1446,
-286,
94,
11,
-41,
-52,
743,
286,
-402,
1301,
1468,
-261,
636,
927,
-1150,
-469,
964,
-416,
-734,
142,
-117,
-4268,
4472,
-1698,
-10153,
-951,
2462,
-5305,
-1580,
3730,
-2026,
-3292,
-29,
-2582,
-3155,
-289,
-948,
-866,
821,
-575,
-1511,
-225,
102,
10,
-37,
76,
947,
240,
-639,
1134,
1135,
-895,
160,
937,
-780,
18,
1291,
-318,
-620,
294,
-107,
-4317,
4319,
-1821,
-10382,
-1264,
2589,
-4859,
-1494,
3483,
-2301,
-3480,
248,
-1994,
-3126,
-744,
-1071,
-709,
825,
-642,
-1526,
-222,
118,
-6,
-53,
150,
1127,
529,
-430,
1072,
1125,
-755,
-185,
105,
-1189,
198,
1412,
-402,
-594,
540,
-137,
-4274,
4112,
-1817,
-10016,
-797,
3345,
-4054,
-1328,
3382,
-2036,
-3142,
624,
-1249,
-2360,
-249,
-687,
-582,
765,
-359,
-1021,
-1,
126,
-1,
-34,
242,
1162,
382,
-571,
865,
635,
-1115,
-90,
104,
-1561,
30,
1599,
-348,
-628,
813,
-154,
-4623,
2940,
-2112,
-9584,
-1616,
2152,
-4511,
-2411,
1873,
-2637,
-3650,
-176,
-1436,
-2517,
-976,
-1220,
-1010,
-72,
-1048,
-1268,
-137,
73,
6,
6,
407,
1218,
297,
-460,
931,
273,
-1521,
-148,
139,
-1822,
-454,
1402,
-97,
-395,
849,
-175,
-4874,
2531,
-1952,
-9107,
-1793,
1810,
-4301,
-2413,
1232,
-3170,
-3729,
-20,
-1138,
-2156,
-581,
-874,
-1030,
-397,
-1201,
-1195,
-99,
70,
-7,
-112,
222,
1096,
255,
-399,
1209,
695,
-1208,
145,
643,
-1397,
-352,
1570,
260,
-244,
843,
-266,
-5128,
3527,
-1029,
-8730,
-776,
2794,
-3984,
-1743,
1932,
-2927,
-2914,
830,
-1405,
-2267,
140,
-633,
-1233,
-80,
-643,
-851,
71,
86,
14,
-147,
-145,
615,
-36,
-526,
1197,
645,
-1225,
527,
1111,
-1387,
-471,
1592,
69,
-633,
590,
-299,
-5464,
3466,
-1286,
-9116,
-927,
2105,
-5260,
-2371,
1783,
-3566,
-3642,
396,
-1962,
-2847,
-289,
-1238,
-1906,
-455,
-793,
-892,
101,
94,
21,
-131,
-117,
831,
349,
-220,
1383,
781,
-1055,
906,
1591,
-1136,
-398,
1799,
478,
-212,
811,
-339,
-5526,
3857,
-859,
-8720,
-222,
2594,
-5216,
-2022,
2381,
-3256,
-3088,
1571,
-1005,
-2685,
-438,
-1077,
-1407,
43,
-449,
-664,
194,
105,
9,
-210,
-146,
853,
104,
-648,
1144,
632,
-1279,
607,
997,
-1866,
-677,
1838,
311,
-473,
696,
-352,
-5695,
4137,
-1210,
-9337,
303,
3075,
-5826,
-2263,
2483,
-4234,
-4324,
1112,
-1447,
-3203,
-336,
-656,
-1208,
-18,
-711,
-908,
113,
73,
41,
-126,
-54,
1177,
556,
-492,
1242,
1144,
-570,
1142,
1342,
-1694,
-760,
1465,
-115,
-494,
1106,
-363,
-5618,
4170,
-1179,
-8806,
1219,
3363,
-5887,
-1401,
3639,
-4102,
-4378,
1833,
-964,
-3586,
-722,
-664,
-1203,
-23,
-609,
-776,
201,
84,
60,
-62,
-142,
1046,
753,
-173,
1341,
1248,
-511,
725,
829,
-1618,
-466,
1288,
-567,
-750,
1017,
-390,
-5678,
4516,
-492,
-8453,
1092,
3532,
-5505,
-2028,
2399,
-4096,
-3488,
1612,
-2043,
-3890,
-360,
-674,
-1689,
-442,
-551,
-419,
360,
58,
83,
-63,
-187,
905,
541,
94,
1945,
1073,
-1304,
467,
922,
-1743,
-362,
1747,
-242,
-655,
921,
-415,
-5777,
5107,
-175,
-8670,
1199,
3627,
-5837,
-2504,
1374,
-5335,
-3705,
1807,
-2377,
-3869,
143,
-669,
-1844,
-219,
-451,
-568,
256,
7,
121,
-21,
-250,
954,
636,
-48,
1690,
819,
-1464,
672,
1226,
-1765,
-400,
1936,
-109,
-661,
824,
-416,
-5760,
5525,
60,
-8890,
1205,
3960,
-5762,
-2597,
1627,
-4962,
-3930,
1060,
-2678,
-3319,
1003,
187,
-1109,
-78,
-840,
-804,
260,
-23,
171,
88,
-359,
646,
352,
-166,
1718,
901,
-1298,
785,
953,
-2180,
-469,
1975,
-226,
-656,
913,
-445,
-6067,
5685,
-38,
-9639,
608,
3543,
-6629,
-3555,
1117,
-5179,
-4049,
711,
-3644,
-4501,
175,
-479,
-1845,
-738,
-1352,
-1101,
212,
-16,
191,
235,
-138,
937,
651,
-134,
1648,
1147,
-908,
1154,
1609,
-1401,
-59,
2190,
106,
-355,
1140,
-461,
-6153,
6057,
512,
-9096,
1318,
4146,
-6391,
-3460,
1369,
-4315,
-2549,
1771,
-3594,
-4495,
887,
504,
-1190,
-482,
-1215,
-916,
338,
23,
159,
124,
-95,
1114,
535,
-448,
1371,
560,
-1630,
928,
1464,
-2042,
-691,
1992,
80,
-425,
949,
-448,
-6064,
6321,
528,
-9230,
1679,
4831,
-6063,
-3690,
750,
-4790,
-2365,
2146,
-3764,
-4906,
817,
586,
-1278,
-540,
-1016,
-681,
377,
-4,
163,
81,
-133,
1006,
253,
-413,
2059,
1211,
-1602,
688,
1356,
-2112,
-963,
1553,
-80,
-153,
1133,
-471,
-6410,
6068,
389,
-9314,
1801,
5187,
-5865,
-4042,
-22,
-5552,
-2962,
1635,
-4135,
-5063,
753,
486,
-1425,
-710,
-1161,
-779,
299,
-42,
178,
102,
-125,
988,
194,
-398,
2277,
1595,
-1151,
1112,
1717,
-1730,
-595,
1724,
-54,
-77,
1230,
-456,
-6348,
6224,
586,
-9179,
2276,
6289,
-5156,
-4400,
-7,
-4224,
-1852,
1462,
-4530,
-4912,
986,
619,
-1064,
-122,
-682,
-590,
332,
-18,
154,
25,
-236,
811,
125,
-334,
2000,
920,
-1611,
907,
1317,
-2110,
-586,
1811,
-192,
-307,
1005,
-480,
-6589,
6172,
530,
-9339,
2397,
6776,
-4657,
-4000,
318,
-4226,
-2258,
1116,
-4548,
-5116,
230,
-84,
-1197,
-111,
-887,
-759,
281,
-66,
198,
98,
-319,
687,
-13,
-719,
1462,
594,
-1646,
992,
1348,
-2182,
-631,
1812,
-330,
-531,
946,
-510,
-6788,
6191,
984,
-8730,
2727,
6868,
-4525,
-3712,
762,
-3971,
-2652,
626,
-4046,
-3986,
652,
-401,
-1298,
100,
-849,
-876,
236,
-63,
199,
133,
-246,
683,
-232,
-977,
1540,
912,
-1589,
758,
1297,
-1947,
-482,
1764,
-335,
-495,
801,
-510,
-6841,
6078,
989,
-7953,
3696,
6334,
-5740,
-3324,
1813,
-4301,
-3387,
743,
-3894,
-4312,
76,
-1256,
-1900,
223,
-649,
-898,
393,
92,
144,
152,
-151,
817,
88,
-633,
1938,
1510,
-1436,
127,
741,
-2067,
-718,
1497,
-194,
-199,
888,
-556,
-7097,
5930,
600,
-8241,
3922,
6295,
-5951,
-2515,
3075,
-3751,
-2827,
1924,
-2904,
-4040,
-334,
-2049,
-2259,
462,
-574,
-1072,
382,
125,
156,
281,
-43,
884,
197,
-643,
1837,
1449,
-1542,
253,
1441,
-1380,
-720,
1189,
-222,
-56,
969,
-572,
-7286,
5762,
214,
-8300,
4292,
5915,
-6565,
-1967,
3426,
-4642,
-2957,
3037,
-2546,
-4613,
-776,
-2355,
-2281,
850,
-532,
-1464,
193,
119,
171,
344,
-135,
717,
122,
-812,
1852,
1965,
-1064,
587,
2235,
-428,
-272,
1396,
27,
96,
1155,
-590,
-7709,
5249,
248,
-7518,
4992,
5971,
-6538,
-1540,
3579,
-5059,
-2995,
3900,
-1616,
-4296,
-723,
-2204,
-2167,
827,
-620,
-1540,
200,
166,
130,
221,
-255,
667,
226,
-575,
2096,
2197,
-919,
419,
1838,
-620,
-165,
1422,
-242,
-278,
918,
-610,
-7798,
5277,
507,
-6932,
5287,
5261,
-7222,
-1001,
4252,
-5393,
-3549,
3757,
-1525,
-3815,
-137,
-2165,
-2268,
1147,
-270,
-1447,
216,
158,
155,
325,
-84,
1030,
570,
-601,
2133,
2654,
-688,
94,
1477,
-807,
-252,
1491,
-288,
-627,
689,
-617,
-7893,
5265,
613,
-6524,
5956,
5554,
-7528,
-1228,
4416,
-5352,
-3874,
3544,
-1095,
-2786,
922,
-1507,
-1892,
1429,
-190,
-1617,
20,
102,
161,
315,
-30,
1127,
462,
-1029,
1612,
2289,
-888,
-113,
1091,
-1347,
-714,
1314,
-171,
-392,
847,
-619,
-8042,
4983,
134,
-7022,
5752,
5684,
-7246,
-948,
4618,
-5104,
-3386,
4109,
-786,
-2711,
928,
-1582,
-2005,
1420,
-140,
-1628,
-22,
90,
161,
312,
-5,
1225,
595,
-959,
1663,
2477,
-628,
26,
1182,
-1130,
-485,
1383,
-189,
-380,
873,
