-1019,
-11924,
5007,
2780,
-7859,
1347,
2960,
-7165,
-1008,
4164,
-4238,
-2136,
3702,
-2121,
-2653,
2536,
-538,
-2477,
867,
334,
-851,
277,
116,
134,
73,
-356,
1278,
1144,
-817,
722,
1318,
-817,
644,
1842,
-580,
24,
1616,
-329,
-517,
1060,
-1026,
-12226,
4850,
2752,
-7991,
1272,
3357,
-6495,
-804,
3713,
-4782,
-2412,
3530,
-2288,
-2640,
2873,
93,
-1764,
1334,
424,
-945,
204,
96,
140,
64,
-469,
975,
699,
-1131,
719,
1347,
-981,
651,
2198,
-418,
-265,
1389,
-200,
-351,
1000,
-1042,
-12130,
4975,
2502,
-8193,
1679,
3742,
-6304,
-140,
4266,
-5099,
-2717,
3755,
-2254,
-2853,
2846,
72,
-1896,
1217,
227,
-1167,
136,
97,
144,
43,
-676,
667,
592,
-1002,
922,
1452,
-1162,
186,
1759,
-492,
46,
1725,
-165,
-557,
787,
-1054,
-12176,
5065,
2457,
-8454,
1364,
3113,
-7297,
-743,
4432,
-4757,
-2710,
3513,
-2535,
-3148,
2366,
-660,
-2516,
1094,
429,
-1016,
201,
146,
104,
-52,
-697,
678,
612,
-897,
931,
1158,
-1590,
-302,
1073,
-1107,
-202,
1534,
-489,
-698,
857,
-1022,
-12042,
4901,
2308,
-8613,
842,
2817,
-7171,
-1421,
3041,
-5170,
-2319,
3378,
-2814,
-3164,
1864,
-1369,
-2627,
1145,
313,
-935,
345,
154,
108,
-119,
-725,
834,
636,
-981,
1051,
1368,
-1100,
637,
1574,
-1466,
-543,
1544,
-477,
-545,
1198,
-1014,
-12037,
4840,
2580,
-8132,
1073,
2972,
-6882,
-1038,
3480,
-5199,
-2909,
3266,
-2330,
-2953,
2170,
-524,
-2193,
861,
87,
-994,
224,
99,
127,
18,
-429,
995,
631,
-874,
1208,
1460,
-1014,
675,
1573,
-1508,
-696,
1528,
-221,
-401,
1128,
-1004,
-12033,
4761,
2763,
-7512,
1616,
2947,
-7217,
-1099,
3721,
-4982,
-2463,
4337,
-1199,
-2478,
2267,
-393,
-2196,
698,
27,
-932,
269,
96,
144,
76,
-439,
941,
650,
-1025,
776,
1230,
-969,
526,
1481,
-1012,
-77,
1620,
-482,
-676,
874,
-1030,
-12195,
4834,
2559,
-8096,
1383,
3162,
-7081,
-1208,
3486,
-5145,
-2564,
3924,
-1734,
-2486,
2498,
-538,
-2414,
684,
-92,
-1168,
133,
56,
155,
7,
-621,
920,
786,
-901,
1103,
1619,
-1059,
282,
1666,
-836,
-277,
1532,
-356,
-773,
618,
-1019,
-12011,
4848,
2443,
-8288,
1028,
2799,
-7246,
-1319,
3296,
-5259,
-2532,
3941,
-1854,
-2661,
2469,
-350,
-2168,
803,
-143,
-1276,
137,
124,
104,
-66,
-632,
654,
242,
-1200,
1121,
1552,
-1092,
597,
2006,
-862,
-454,
1591,
28,
-265,
954,
-1019,
-11977,
4884,
2422,
-8361,
858,
2446,
-7629,
-1613,
2862,
-5875,
-2997,
3726,
-1935,
-2593,
2600,
-279,
-1986,
1172,
125,
-1244,
100,
113,
110,
-45,
-638,
669,
438,
-907,
1178,
1329,
-1339,
294,
1444,
-1472,
-860,
1165,
-518,
-572,
955,
-1027,
-12011,
4907,
2398,
-8318,
1152,
2708,
-7596,
-1441,
3285,
-5630,
-3063,
3609,
-2030,
-2756,
2344,
-646,
-2425,
850,
75,
-1129,
149,
83,
140,
5,
-633,
749,
547,
-1041,
785,
948,
-1517,
367,
1710,
-1073,
-276,
1769,
-326,
-762,
900,
-1028,
-12096,
4802,
2255,
-8470,
1046,
2680,
-7473,
-1171,
3668,
-4992,
-2271,
4037,
-1980,
-2504,
2768,
-606,
-2739,
583,
-90,
-1251,
105,
77,
149,
33,
-683,
581,
286,
-1466,
333,
823,
-1441,
88,
1062,
-1630,
-690,
1351,
-527,
-675,
933,
-1033,
-12121,
4841,
2165,
-8783,
821,
2755,
-7332,
-1146,
3614,
-5352,
-3213,
2872,
-2846,
-3163,
2204,
-685,
-2286,
1011,
78,
-1147,
169,
77,
147,
-74,
-923,
456,
365,
-1350,
349,
681,
-1568,
335,
1609,
-1182,
-293,
1860,
-275,
-899,
680,
-1039,
-12284,
4711,
2207,
-8529,
1197,
2966,
-7543,
-1460,
3721,
-4979,
-2937,
3267,
-2111,
-2426,
2516,
-871,
-2641,
873,
124,
-1137,
176,
106,
132,
-33,
-764,
581,
347,
-1329,
795,
1480,
-1108,
368,
1935,
-632,
-260,
1548,
-269,
-610,
894,
-1033,
-12425,
4444,
2007,
-8693,
947,
2831,
-7600,
-1885,
2850,
-5813,
-3074,
4091,
-998,
-1801,
2830,
-549,
-2520,
790,
29,
-1264,
109,
140,
105,
28,
-509,
772,
640,
-712,
1274,
1756,
-560,
850,
1866,
-773,
-128,
1679,
-112,
-282,
1189,
-1035,
-12309,
4522,
1862,
-8890,
1066,
3160,
-7380,
-1539,
3861,
-4308,
-2105,
3957,
-1546,
-2055,
2681,
-724,
-2462,
944,
16,
-1283,
178,
170,
97,
-18,
-607,
751,
681,
-770,
1153,
1686,
-553,
961,
2016,
-659,
26,
1811,
-255,
-683,
808,
-1040,
-12273,
4636,
1986,
-8760,
1120,
3061,
-7216,
-913,
4258,
-4421,
-2114,
3993,
-2111,
-2861,
2509,
-315,
-2067,
1177,
266,
-1040,
247,
135,
126,
-3,
-688,
659,
490,
-1181,
721,
1334,
-1069,
264,
1556,
-617,
343,
2067,
-121,
-614,
805,
-1033,
-12364,
4644,
2277,
-8558,
747,
2406,
-7804,
-1717,
3172,
-5398,
-2925,
3159,
-2899,
-3391,
2346,
-285,
-2269,
643,
-238,
-1328,
72,
59,
157,
68,
-559,
802,
493,
-1229,
843,
1604,
-645,
982,
2219,
-625,
-176,
1743,
-36,
-388,
929,
-1028,
-12421,
4434,
1996,
-8890,
424,
2406,
-7451,
-1348,
3523,
-5038,
-2854,
2970,
-2968,
-3414,
2136,
-462,
-2213,
789,
-97,
-1183,
163,
75,
161,
87,
-616,
601,
361,
-1112,
856,
1147,
-1264,
584,
1885,
-1087,
-626,
1443,
-198,
-437,
1002,
-1024,
-12333,
4438,
1980,
-8727,
831,
2925,
-7096,
-1401,
3282,
-4910,
-2339,
3389,
-2667,
-2956,
2566,
-238,
-1880,
1361,
401,
-914,
297,
119,
147,
67,
-639,
577,
301,
-1283,
638,
1030,
-1318,
496,
1976,
-515,
258,
2138,
100,
-376,
979,
-1029,
-12284,
4451,
1771,
-8829,
1133,
3106,
-7299,
-1705,
2538,
-6277,
-3394,
3062,
-2967,
-3427,
2260,
-511,
-2276,
988,
32,
-1321,
17,
36,
178,
156,
-492,
792,
434,
-1417,
453,
1136,
-1055,
606,
1939,
-557,
338,
2444,
500,
-153,
996,
-1040,
-12343,
4542,
1820,
-8939,
1031,
2914,
-7789,
-2185,
2514,
-5820,
-2680,
3663,
-2847,
-3658,
2061,
-694,
-2554,
813,
35,
-1306,
12,
50,
159,
80,
-543,
949,
848,
-1095,
387,
922,
-1159,
514,
1808,
-714,
-15,
1868,
-49,
-506,
877,
-1030,
-12240,
4598,
2057,
-8622,
1114,
2983,
-7443,
-1515,
3654,
-4545,
-1930,
4215,
-1934,
-2929,
2215,
-548,
-2226,
1009,
167,
-1141,
70,
44,
156,
40,
-602,
768,
521,
-1174,
736,
1332,
-968,
408,
1386,
-1127,
-150,
1717,
-335,
-575,
977,
-1032,
-12326,
4609,
2226,
-8466,
1060,
2841,
-7362,
-1246,
3552,
-5371,
-2878,
4015,
-1475,
-2545,
2243,
-691,
-2421,
765,
-87,
-1300,
67,
80,
141,
70,
-481,
892,
616,
-1091,
855,
1514,
-847,
408,
1396,
-1110,
-234,
1621,
-415,
-759,
777,
-1035,
-12329,
4768,
2568,
-8223,
1033,
2662,
-7785,
-1924,
3279,
-4921,
-2587,
3436,
-2364,
-3012,
2050,
-1087,
-2994,
444,
6,
-1067,
205,
122,
122,
24,
-561,
738,
518,
-1031,
823,
1229,
-1093,
470,
1695,
-816,
-145,
1602,
-298,
-629,
708,
-1031,
-12264,
4726,
2267,
-8816,
392,
2373,
-7724,
-2109,
2539,
-5689,
-3008,
2924,
-3197,
-3629,
1963,
-988,
-2988,
393,
-70,
-1158,
148,
103,
135,
62,
-594,
598,
461,
-810,
1208,
1506,
-999,
483,
1710,
-689,
211,
2089,
117,
-290,
1027,
-1018,
-12030,
4804,
2270,
-8764,
450,
2428,
-7756,
-2299,
2316,
-5853,
-2920,
3559,
-2326,
-3047,
2526,
-166,
-2383,
586,
75,
-1013,
164,
100,
113,
-63,
-703,
545,
310,
-1056,
1064,
1481,
-1121,
214,
1432,
-1037,
-279,
1684,
-98,
-482,
888,
-1030,
-11981,
5070,
2430,
-8578,
863,
2657,
-7509,
-1690,
2633,
-5701,
-2094,
4187,
-2946,
-4104,
1745,
-757,
-2505,
813,
52,
-1161,
140,
62,
173,
107,
-630,
640,
442,
-1045,
1157,
1656,
-1153,
203,
1680,
-904,
-489,
1388,
-239,
-440,
944,
-957,
-11860,
4210,
1317,
-8342,
2556,
4076,
-7698,
-2055,
4280,
-3460,
-2338,
2253,
-3501,
-3118,
2343,
-1143,
-3164,
489,
107,
-1081,
79,
25,
165,
-19,
-752,
879,
958,
-968,
689,
1618,
-524,
487,
1360,
-1059,
-341,
1375,
-495,
-733,
766,
-887,
-11731,
3605,
518,
-8422,
3032,
4433,
-7905,
-2891,
3319,
-4087,
-2853,
1753,
-3569,
-2770,
2587,
-1144,
-3154,
622,
267,
-995,
112,
50,
142,
-82,
-779,
867,
936,
-947,
720,
1666,
-290,
906,
1740,
-773,
-48,
1623,
-395,
-729,
803,
-981,
-12043,
3988,
1505,
-8280,
1923,
3849,
-7166,
-2507,
2266,
-5450,
-3121,
2613,
-2762,
-2880,
2223,
-889,
-2729,
571,
-34,
-1205,
37,
67,
112,
-124,
-711,
789,
616,
-1069,
804,
1400,
-872,
563,
1659,
-964,
-315,
1610,
-141,
-499,
869,
-967,
-11863,
4072,
1187,
-8682,
1865,
3741,
-7413,
-1995,
3793,
-3822,
-2125,
2819,
-3163,
-3247,
2333,
-738,
-3036,
92,
-190,
-1099,
78,
26,
147,
-70,
-763,
653,
492,
-1093,
788,
1098,
-1374,
401,
1903,
-807,
-363,
1628,
-26,
-401,
917,
-704,
-10443,
2802,
1098,
-5887,
3075,
3143,
-7132,
-1757,
4157,
-1977,
-851,
2565,
-2909,
-2338,
3105,
303,
-2093,
579,
473,
-411,
334,
74,
130,
-22,
-742,
371,
480,
-733,
511,
536,
-1317,
372,
1583,
-767,
-556,
987,
-121,
-140,
799,
-415,
-9781,
-402,
1285,
-1737,
2915,
1988,
-4387,
-1618,
1313,
-1267,
961,
2182,
-2685,
-2241,
1626,
317,
-591,
700,
-206,
-585,
328,
99,
78,
-73,
-466,
593,
425,
-978,
126,
852,
-394,
314,
855,
-835,
-455,
1007,
169,
-362,
131,
-291,
-10336,
-3192,
-979,
-2057,
2447,
1790,
-3615,
-2485,
-1475,
-3092,
723,
2521,
-2340,
-2794,
307,
-488,
-830,
586,
6,
-294,
368,
94,
69,
-18,
-263,
644,
502,
-405,
803,
1128,
-486,
-118,
400,
-845,
-305,
874,
-53,
-390,
259,
-261,
-9826,
-3135,
-1015,
-1393,
3646,
3055,
-2289,
-1624,
-1898,
-4116,
597,
3380,
-1360,
-1908,
1152,
-2,
-753,
675,
289,
-61,
415,
82,
74,
-12,
-268,
523,
237,
-701,
342,
467,
-735,
294,
729,
-932,
-330,
990,
13,
-176,
591,
-245,
-9199,
-2536,
-590,
-1173,
3410,
2475,
-2307,
-641,
-813,
-3770,
479,
3288,
-1301,
-1613,
1544,
106,
-840,
810,
503,
-164,
165,
11,
71,
-66,
-277,
564,
377,
-455,
302,
72,
-790,
756,
1025,
-1017,
-506,
668,
-424,
-352,
693,
-295,
-9235,
-2000,
-224,
-1770,
2465,
1838,
-2840,
-948,
-622,
-3689,
121,
3362,
-377,
-721,
1720,
-102,
-961,
721,
262,
-409,
98,
10,
88,
50,
-206,
485,
300,
-506,
182,
-195,
-1392,
64,
988,
-431,
-134,
663,
-369,
-242,
667,
-295,
-9820,
-2685,
-1245,
-3038,
1425,
992,
-3748,
-2149,
-2565,
-6020,
-1365,
2886,
-621,
-708,
2166,
180,
-1017,
826,
515,
-342,
75,
30,
71,
75,
-73,
539,
321,
-98,
1040,
601,
-1080,
-56,
782,
-393,
131,
824,
-489,
-538,
373,
-282,
-9236,
-1792,
-395,
-2652,
1374,
1146,
-2757,
-725,
-1901,
-6407,
-1928,
2493,
-1247,
-1353,
2001,
143,
-1355,
549,
624,
-92,
210,
56,
65,
26,
-260,
288,
173,
-322,
594,
418,
-615,
487,
687,
-929,
-210,
803,
-456,
-507,
477,
-338,
-8748,
-596,
315,
-2619,
1839,
1707,
-2713,
-682,
-1996,
-6944,
-2228,
2568,
-1111,
-900,
2539,
346,
-1095,
887,
638,
-127,
303,
66,
84,
-18,
-471,
262,
240,
-474,
578,
564,
-693,
542,
1029,
-945,
-546,
762,
-247,
-339,
575,
-425,
-8763,
377,
28,
-4138,
1469,
1710,
-2939,
237,
-1235,
-7522,
-2480,
2373,
-2258,
-1413,
2861,
173,
-1118,
1173,
150,
-778,
268,
128,
78,
-90,
-621,
402,
311,
-752,
707,
916,
-842,
469,
1378,
-651,
-346,
679,
-743,
-550,
714,
-445,
-6682,
3685,
1649,
-5416,
-619,
-80,
-4007,
894,
173,
-6988,
-2615,
1376,
-4380,
-2953,
2508,
-449,
-1892,
1171,
179,
-1218,
-3,
110,
93,
85,
-322,
753,
643,
-737,
484,
876,
-830,
139,
844,
-964,
-288,
895,
-630,
-569,
675,
-336,
-5547,
5058,
1745,
-6195,
-747,
-348,
-4843,
1343,
1648,
-6940,
-4070,
84,
-4753,
-2216,
3784,
88,
-2111,
1196,
528,
-1042,
-3,
122,
56,
-100,
-421,
956,
660,
-1364,
-168,
960,
-270,
430,
633,
-1106,
212,
1541,
-628,
-847,
829,
-287,
-5326,
4896,
1178,
-6669,
-771,
-496,
-5582,
1135,
2218,
-7629,
-5921,
-403,
-4163,
-2248,
3733,
124,
-2890,
625,
885,
-928,
-299,
57,
29,
-184,
-549,
771,
815,
-1238,
-537,
985,
177,
331,
653,
-464,
457,
1547,
-252,
-827,
515,
-286,
-5457,
4809,
1183,
-6705,
-750,
-480,
-5998,
855,
2683,
-7762,
-7174,
-810,
-3275,
-1601,
4008,
235,
-3509,
9,
1112,
-682,
-444,
5,
10,
-233,
-581,
540,
661,
-1144,
-641,
833,
175,
51,
478,
-87,
522,
1120,
-266,
-626,
355,
-292,
-5436,
5374,
1081,
-7151,
-117,
100,
-6347,
1026,
3318,
-7887,
-7476,
-645,
-2952,
-1043,
4515,
76,
-3957,
-212,
1066,
-591,
-360,
-16,
36,
-240,
-627,
588,
587,
-1199,
-364,
941,
15,
210,
637,
-184,
773,
1402,
-485,
-610,
797,
-298,
-5427,
5499,
777,
-7392,
591,
816,
-6584,
658,
3343,
-7926,
-7513,
-252,
-2135,
-315,
4441,
-658,
-4379,
-62,
1344,
-361,
-250,
-34,
61,
-251,
-756,
478,
459,
-1257,
-277,
652,
-609,
175,
1032,
-309,
315,
1151,
-653,
-653,
963,
-307,
-5441,
5050,
72,
-7344,
1531,
1311,
-7073,
-37,
2693,
-8471,
-7346,
311,
-2235,
-943,
4024,
-931,
-4672,
-134,
1453,
-336,
-311,
-63,
71,
-224,
-704,
492,
380,
-1205,
62,
850,
-823,
89,
1344,
-134,
220,
1243,
-420,
-624,
923,
-301,
-5363,
4571,
-418,
-6849,
2963,
2750,
-6618,
-992,
1428,
-8195,
-5647,
1440,
-2411,
-1422,
3835,
-954,
-4495,
222,
1709,
-299,
-349,
-58,
49,
-263,
-615,
449,
-63,
-1438,
415,
968,
-1225,
-63,
1356,
-561,
-131,
1508,
-58,
-566,
836,
-279,
-5425,
3872,
-1178,
-6917,
3395,
3247,
-6579,
-1986,
275,
-8008,
-4966,
881,
-3556,
-2022,
3203,
-1688,
-4467,
567,
1522,
-583,
-310,
-9,
61,
-138,
-508,
448,
-105,
-1440,
503,
1064,
-1246,
-238,
1021,
-939,
-322,
1614,
234,
-407,
670,
-283,
-5498,
3859,
-1191,
-6558,
4454,
4348,
-6327,
-2570,
-120,
-7255,
-3810,
944,
-4190,
-2201,
3036,
-2225,
-4548,
1017,
1764,
-584,
-268,
29,
47,
-98,
-286,
686,
-89,
-1349,
736,
864,
-1617,
-7,
1430,
-929,
-297,
1846,
439,
-187,
849,
-281,
-5466,
3917,
-1100,
-6346,
4937,
4708,
-6842,
-3481,
-113,
-6565,
-3637,
702,
-4246,
-2250,
3043,
-1779,
-3953,
1293,
1779,
-644,
-325,
18,
41,
-151,
-408,
542,
-113,
-1303,
647,
667,
-1827,
-217,
1371,
-839,
-352,
1621,
266,
-322,
667,
-270,
-5657,
3934,
-1421,
-6796,
5241,
4659,
-8756,
-5566,
-404,
-6595,
-4767,
-49,
-4262,
-3116,
1673,
-2103,
-3720,
946,
1195,
-899,
-431,
-65,
99,
-25,
-363,
692,
416,
-720,
771,
676,
-1324,
554,
2007,
-227,
214,
1909,
408,
-88,
955,
-261,
-5555,
4107,
-894,
-5774,
6241,
5230,
-8277,
-5006,
217,
-5433,
-3301,
594,
-4172,
-2448,
2528,
-1723,
-3260,
1645,
1586,
-734,
-229,
25,
74,
-75,
-499,
496,
224,
-909,
445,
2,
-2038,
352,
2062,
-445,
-130,
1612,
44,
-349,
923,
-248,
-5629,
4111,
-701,
-5372,
6748,
5455,
-8638,
-5325,
772,
-4551,
-3168,
122,
-4510,
-2401,
2996,
-1071,
-3011,
1419,
1420,
-643,
-121,
44,
71,
-121,
-604,
492,
323,
-964,
373,
253,
-1875,
11,
1835,
-131,
107,
1381,
-308,
-548,
887,
-229,
-5875,
3848,
-819,
-5101,
7288,
5343,
-9811,
-6254,
918,
-4651,
-4177,
-493,
-4474,
-2759,
2528,
-932,
-2931,
927,
968,
-685,
-47,
45,
97,
10,
-426,
701,
501,
-1088,
155,
640,
-1064,
396,
1826,
-46,
234,
1513,
-50,
-334,
942,
-236,
-6002,
3970,
-579,
-4821,
7638,
5295,
-10383,
-6465,
1320,
-4446,
-4047,
308,
-3714,
-3020,
1990,
-866,
-2803,
660,
805,
-516,
91,
51,
92,
-130,
-671,
764,
888,
-868,
199,
862,
-952,
2,
1353,
-204,
41,
1074,
-378,
-353,
996,
-262,
-6137,
4082,
-163,
-4471,
7623,
5269,
-9933,
-5852,
1521,
-4487,
-3945,
376,
-3968,
-3479,
1784,
-493,
-2228,
870,
818,
-402,
120,
-1,
112,
-218,
-779,
949,
1134,
-806,
331,
1161,
-694,
58,
1153,
-465,
-80,
938,
-519,
-273,
1093,
-254,
-6282,
3859,
-523,
-4657,
7672,
5003,
-10548,
-6508,
633,
-5348,
-4161,
414,
-4196,
-3638,
1764,
-707,
-2585,
471,
407,
-616,
90,
-17,
132,
-165,
-681,
1193,
1494,
-371,
756,
1393,
-461,
427,
1166,
-746,
101,
1382,
-516,
-432,
1215,
-274,
-6489,
3757,
-108,
-3981,
8079,
5145,
-10654,
-6706,
803,
-5155,
-4374,
526,
-3565,
-3320,
1970,
15,
-1925,
498,
164,
-756,
98,
25,
116,
-114,
-573,
1205,
1445,
-567,
453,
1430,
-269,
241,
1014,
-620,
-98,
1053,
-409,
-424,
772,
-292,
-6531,
3653,
230,
-3541,
7719,
4466,
-10678,
-6302,
1145,
-4818,
-3934,
1183,
-2813,
-2987,
1918,
130,
-1663,
617,
254,
-639,
108,
-7,
133,
-82,
-549,
1132,
1158,
-944,
270,
1534,
-72,
331,
994,
-711,
-251,
961,
-387,
-473,
580,
-295,
-6613,
3711,
306,
-3298,
8212,
4606,
-11093,
-6648,
1113,
-4794,
-3908,
1337,
-2507,
-2837,
1628,
-124,
-1420,
903,
267,
-602,
164,
-37,
161,
-109,
-723,
945,
852,
-1284,
272,
1665,
-128,
405,
1307,
-503,
-177,
1012,
-416,
-563,
485,
-340,
-6895,
3616,
434,
-3268,
7933,
4294,
-11127,
-6706,
790,
-4793,
-3348,
1650,
-2658,
-2842,
1546,
-756,
-1997,
758,
17,
-951,
141,
42,
141,
-37,
-628,
1032,
1123,
-1022,
345,
1804,
83,
561,
1687,
122,
240,
1161,
-262,
-383,
627,
-410,
-7184,
3721,
778,
-3529,
7131,
4092,
-10442,
-5853,
1452,
-4454,
-3347,
1857,
-2114,
-2561,
1608,
-452,
-1672,
853,
74,
-874,
216,
106,
105,
-5,
-448,
987,
924,
-885,
580,
1778,
201,
884,
1628,
-174,
443,
1783,
85,
-435,
577,
-469,
-7578,
3792,
1409,
-3009,
7204,
4075,
-10339,
-5654,
1622,
-4551,
-3229,
2829,
-1290,
-2941,
1131,
-46,
-1227,
889,
185,
-742,
182,
89,
94,
-13,
-379,
964,
868,
-706,
841,
1892,
211,
864,
1710,
-73,
145,
1224,
-56,
-110,
904,
-549,
-8180,
3605,
2275,
-2851,
5740,
3579,
-9292,
-5434,
1285,
-4146,
-3021,
2589,
-1325,
-3177,
878,
163,
-1288,
495,
147,
-725,
6,
14,
130,
190,
-247,
705,
971,
-84,
929,
1818,
793,
1192,
1521,
189,
556,
1149,
-186,
-133,
837,
-570,
-8675,
3187,
2450,
-2691,
5403,
3820,
-8175,
-4510,
2107,
-2837,
-1856,
3123,
-1070,
-2842,
1564,
905,
-1251,
38,
-54,
-733,
-55,
-5,
123,
176,
-252,
674,
1105,
228,
1051,
1605,
243,
464,
1239,
344,
348,
729,
-176,
-104,
508,
-621,
-8918,
3360,
1971,
-3566,
5373,
4035,
-7978,
-3823,
2124,
-3779,
-2356,
2522,
-2489,
-3710,
1288,
167,
-1732,
205,
-112,
-934,
-5,
43,
111,
98,
-286,
948,
1233,
-16,
1029,
1634,
48,
703,
1635,
58,
-34,
780,
-140,
2,
897,
-651,
-8938,
3881,
1703,
-4649,
4728,
3275,
-9150,
-4473,
1581,
-4456,
-2315,
2621,
-2922,
-3631,
1653,
47,
-1429,
1057,
236,
-882,
220,
135,
108,
129,
-297,
915,
1004,
-243,
1153,
1493,
-352,
1139,
2387,
31,
-25,
1283,
-16,
-86,
1112,
-707,
-9277,
3982,
1192,
-6063,
3669,
2827,
-9529,
-4868,
1067,
-4870,
-2286,
2635,
-3040,
-3501,
1530,
-581,
-1857,
813,
-205,
-1205,
112,
81,
125,
22,
-423,
1061,
1017,
-414,
1298,
1560,
-617,
1224,
2712,
162,
403,
1900,
26,
-359,
1051,
-743,
-9466,
4169,
1277,
-6555,
3248,
3186,
-8850,
-4773,
682,
-4734,
-1427,
3255,
-3079,
-3685,
1245,
-1291,
-2614,
586,
1,
-982,
177,
72,
127,
-40,
-552,
962,
790,
-923,
768,
1117,
-1378,
45,
1677,
-348,
158,
1655,
-81,
-282,
1038,
-799,
-9697,
4306,
1484,
-6819,
2743,
3294,
-7650,
-3278,
1061,
-5570,
-2236,
3118,
-2863,
-3348,
1647,
-956,
-2370,
721,
-21,
-1055,
154,
73,
122,
-102,
-703,
803,
649,
-1078,
664,
1058,
-1532,
-213,
1471,
-365,
358,
1934,
53,
-370,
858,
-854,
-10087,
4485,
1734,
-7315,
1945,
3205,
-6773,
-2004,
1964,
-5197,
-1841,
3866,
-2095,
-2914,
1756,
-1003,
-2407,
766,
79,
-909,
296,
111,
137,
63,
-453,
1028,
975,
-705,
717,
885,
-1395,
151,
1509,
-590,
266,
1912,
-17,
-345,
947,
-885,
-10632,
4286,
2057,
-7030,
1979,
3356,
-6463,
-1453,
2923,
-4665,
-2313,
3368,
-2209,
-3367,
1246,
-957,
-2308,
674,
173,
-798,
213,
45,
173,
241,
-237,
868,
569,
-752,
1047,
1266,
-1075,
233,
1210,
-1116,
-203,
1789,
187,
-206,
926,
-908,
-10833,
4411,
2038,
-7316,
1942,
3607,
-6084,
-1246,
2449,
-5241,
-2184,
3430,
-2628,
-3246,
1873,
-766,
-2383,
648,
-120,
-1214,
50,
58,
129,
5,
-468,
902,
592,
-808,
1367,
1769,
-792,
694,
1984,
-449,
376,
2218,
117,
-396,
1107,
-922,
-10824,
4606,
2075,
-7684,
1427,
3082,
-6558,
-1220,
3124,
-4687,
-2500,
2608,
-2944,
-2804,
2268,
-922,
-2577,
814,
43,
-1310,
-86,
17,
149,
95,
-309,
1162,
930,
-673,
1173,
1581,
-779,
722,
2006,
-390,
206,
1782,
-176,
-482,
886,
-921,
-11046,
4405,
2099,
-7660,
1068,
2468,
-7080,
-1469,
3239,
-4310,
-1932,
3459,
-2242,
-2858,
1885,
-923,
-2423,
824,
108,
-1221,
-113,
-6,
149,
96,
-279,
1055,
756,
-597,
1244,
1274,
-1141,
608,
2058,
-103,
652,
1989,
-233,
-576,
748,
-927,
-11042,
4410,
1984,
-7731,
1225,
2667,
-6815,
-889,
3938,
-3720,
-1303,
4101,
-1725,
-2353,
2419,
-413,
-1966,
1013,
53,
-1107,
133,
51,
171,
192,
-260,
1143,
863,
-859,
933,
1497,
-768,
498,
1535,
-744,
72,
1644,
-341,
-524,
927,
-935,
-11204,
4439,
2202,
-7673,
1153,
2896,
-6457,
-1045,
3176,
-4770,
-2407,
3214,
-2276,
-2805,
1855,
-1071,
-2533,
782,
121,
-1014,
158,
58,
167,
181,
-366,
893,
698,
-775,
1036,
1358,
-1049,
398,
1672,
-651,
108,
1878,
-30,
-375,
1028,
-925,
-11060,
4290,
1811,
-7871,
1223,
2745,
-7037,
-1530,
3132,
-4810,
-2765,
2878,
-2392,
-2894,
1840,
-904,
-2447,
613,
-150,
-1296,
-69,
-7,
176,
210,
-198,
1064,
640,
-903,
1071,
1549,
-744,
701,
1772,
-750,
-37,
1796,
25,
-273,
1036,
-887,
-10384,
4663,
2267,
-6795,
2415,
3653,
-5864,
26,
4177,
-4695,
-2878,
3096,
-2185,
-3073,
1592,
-824,
-2177,
804,
-36,
-1203,
-24,
-7,
190,
290,
-121,
1031,
635,
-740,
1192,
1472,
-900,
437,
1382,
-1017,
-192,
1512,
-255,
-394,
888,
-902,
-10296,
5377,
3042,
-6681,
2174,
3617,
-5740,
41,
4206,
-4423,
-2777,
2649,
-2507,
-2778,
1879,
-798,
-1999,
1024,
66,
-969,
222,
35,
195,
244,
-273,
1033,
890,
-333,
1566,
1499,
-1050,
549,
1484,
-1206,
-276,
1571,
-416,
-596,
900,
-932,
-10599,
5338,
2999,
-6956,
1956,
3499,
-6030,
-577,
3326,
-4993,
-2587,
2914,
-2777,
-2925,
2200,
-670,
-2106,
1193,
305,
-986,
170,
68,
150,
48,
-593,
669,
434,
-1019,
965,
1437,
-858,
543,
1496,
-945,
-43,
1557,
-548,
-681,
859,
-937,
-10971,
4869,
2682,
-7127,
1862,
3595,
-5921,
-677,
3324,
-4732,
-2303,
3294,
-2272,
-2749,
2077,
-523,
-1753,
1278,
198,
-957,
312,
141,
118,
-10,
-597,
721,
504,
-897,
1165,
1530,
-1003,
420,
1582,
-878,
5,
1879,
-141,
-559,
840,
-945,
-11088,
4803,
2503,
-7441,
1803,
3903,
-5589,
-302,
4074,
-3721,
-1341,
4096,
-1856,
-2751,
2147,
-242,
-1712,
1047,
48,
-1052,
166,
76,
131,
-3,
-542,
755,
381,
-989,
1363,
1838,
-978,
190,
1460,
-875,
-138,
1697,
-90,
-425,
884,
-952,
-11226,
4654,
2286,
-7606,
1649,
3256,
-6675,
-1089,
3597,
-4332,
-1709,
4290,
-1698,
-2878,
2216,
53,
-1495,
1287,
373,
-882,
161,
66,
127,
-24,
-519,
877,
567,
-957,
1053,
1388,
-1216,
240,
1717,
-537,
19,
1561,
-232,
-348,
977,
-947,
-11183,
4713,
2467,
-7552,
1283,
2857,
-6646,
-793,
3844,
-4397,
-2372,
3315,
-2210,
-2716,
2534,
73,
-1797,
906,
137,
-941,
203,
107,
107,
-9,
-403,
944,
540,
-958,
982,
1155,
-1331,
357,
1700,
-768,
-6,
1798,
-138,
-449,
963,
-982,
-11851,
4561,
2502,
-7689,
1280,
2865,
-6742,
-667,
3801,
-5173,
-3439,
2340,
-3227,
-3425,
2455,
161,
-1960,
580,
-153,
-1031,
285,
156,
101,
30,
-380,
832,
321,
-1030,
1270,
1563,
-1167,
342,
1676,
-853,
-82,
1921,
114,
-250,
1126,
-1186,
-13881,
5461,
2962,
-9142,
1497,
3571,
-7927,
-1417,
3768,
-5823,
-2884,
3947,
-2973,
-3785,
2441,
-277,
-2211,
881,
-250,
-1278,
349,
172,
128,
-20,
-640,
694,
-96,
-1805,
1071,
1552,
-1697,
49,
1552,
-1424,
-350,
1994,
-332,
-714,
1092,
-2307,
-19692,
12044,
5907,
-14451,
5229,
9151,
-11298,
0,
9934,
-7054,
-3511,
8350,
-2874,
-4710,
5367,
0,
-3813,
2343,
967,
-1773,
406,
280,
199,
0,
-1168,
1197,
787,
-2350,
986,
1933,
-2610,
0,
2601,
-1924,
-985,
2375,
-817,
-1313,
1429,
-2307,
-19692,
12044,
5907,
-14451,
5229,
9151,
-11298,
0,
9934,
-7054,
-3511,
8350,
-2874,
-4710,
5367,
0,
-3813,
2343,
967,
-1773,
406,
280,
199,
0,
-1168,
1197,
787,
-2350,
986,
1933,
-2610,
0,
2601,
-1924,
-985,
2375,
-817,
-1313,
1429,
-2307,
-19692,
12044,
5907,
-14451,
5229,
9151,
-11298,
0,
9934,
-7054,
-3511,
8350,
-2874,
-4710,
5367,
0,
-3813,
2343,
967,
-1773,
406,
280,
199,
0,
-1168,
1197,
787,
-2350,
986,
1933,
-2610,
0,
2601,
-1924,
-985,
2375,
-817,
-1313,
1429,
-2307,
-19692,
12044,
5907,
-14451,
5229,
9151,
-11298,
0,
9934,
-7054,
-3511,
8350,
-2874,
-4710,
5367,
0,
-3813,
2343,
967,
-1773,
406,
280,
199,
0,
-1168,
1197,
787,
-2350,
986,
1933,
-2610,
0,
2601,
-1924,
-985,
2375,
-817,
-1313,
1429,
-2307,
-19692,
12044,
5907,
-14451,
5229,
9151,
-11298,
0,
9934,
-7054,
-3511,
8350,
-2874,
-4710,
5367,
0,
-3813,
2343,
967,
-1773,
406,
280,
199,
0,
-1168,
1197,
787,
-2350,
986,
1933,
-2610,
0,
2601,
-1924,
-985,
2375,
-817,
-1313,
1429,
-2307,
-19692,
12044,
5907,
-14451,
5229,
9151,
-11298,
0,
9934,
-7054,
-3511,
8350,
-2874,
-4710,
5367,
0,
-3813,
2343,
967,
-1773,
406,
280,
199,
0,
-1168,
1197,
787,
-2350,
986,
1933,
-2610,
0,
2601,
-1924,
-985,
2375,
-817,
-1313,
1429,
-2307,
-19692,
12044,
5907,
-14451,
5229,
9151,
-11298,
0,
9934,
-7054,
-3511,
8350,
-2874,
-4710,
5367,
0,
-3813,
2343,
967,
-1773,
406,
280,
199,
0,
-1168,
1197,
787,
-2350,
986,
1933,
-2610,
0,
2601,
-1924,
-985,
2375,
-817,
-1313,
1429,
-2307,
-19692,
12044,
5907,
-14451,
5229,
9151,
-11298,
0,
9934,
-7054,
-3511,
8350,
-2874,
-4710,
5367,
0,
-3813,
2343,
967,
-1773,
406,
280,
199,
0,
-1168,
1197,
787,
-2350,
986,
1933,
-2610,
0,
2601,
-1924,
-985,
2375,
-817,
-1313,
1429,
