-737,
-9863,
3056,
1375,
-5515,
2728,
3183,
-4568,
1301,
4088,
-3649,
-903,
3428,
-2536,
-2395,
2188,
-954,
-2166,
1057,
231,
-792,
334,
112,
122,
15,
-386,
963,
537,
-813,
1328,
1454,
-1222,
194,
1249,
-1212,
-362,
1326,
-507,
-488,
980,
-745,
-9479,
3552,
1472,
-5709,
2824,
3362,
-4732,
1109,
4173,
-3482,
-835,
3502,
-2199,
-1825,
2580,
-790,
-1931,
1241,
165,
-891,
310,
91,
135,
-18,
-482,
961,
539,
-900,
1292,
1379,
-1299,
510,
1722,
-1155,
-397,
1615,
-284,
-532,
933,
-743,
-9533,
3453,
1299,
-5940,
2639,
3470,
-4254,
1405,
3840,
-3810,
-442,
4237,
-1722,
-1553,
2858,
-462,
-1610,
1407,
172,
-876,
369,
121,
120,
-56,
-523,
928,
628,
-568,
1632,
1490,
-1210,
643,
1761,
-902,
173,
1936,
-323,
-489,
1069,
-747,
-9594,
3398,
1247,
-6129,
2246,
2934,
-4814,
1138,
3863,
-4148,
-1181,
3828,
-1944,
-2217,
2098,
-884,
-1902,
1241,
164,
-1009,
162,
62,
132,
-10,
-496,
791,
443,
-761,
1336,
1361,
-1064,
743,
1856,
-727,
102,
1738,
-259,
-373,
1097,
-749,
-9578,
3506,
1167,
-6319,
2216,
2894,
-5045,
496,
2681,
-5019,
-1237,
3532,
-2665,
-2073,
3034,
-317,
-1730,
1411,
270,
-887,
330,
115,
125,
-27,
-506,
921,
609,
-646,
1592,
1721,
-754,
995,
1834,
-1041,
-103,
1628,
-432,
-297,
1345,
-741,
-9456,
3567,
1405,
-5903,
2406,
2816,
-5020,
977,
3817,
-3566,
-184,
4169,
-1909,
-1318,
3331,
-227,
-1441,
1632,
111,
-1163,
231,
116,
121,
-38,
-567,
797,
434,
-938,
1208,
1396,
-984,
795,
1658,
-1114,
50,
1906,
-429,
-659,
1030,
-737,
-9677,
3165,
1068,
-6346,
1698,
2368,
-5077,
868,
3671,
-3830,
-895,
3508,
-2112,
-1737,
2472,
-882,
-1758,
1457,
192,
-944,
292,
84,
144,
3,
-518,
895,
529,
-908,
1290,
1619,
-806,
958,
2144,
-521,
253,
1984,
-45,
-231,
1232,
-745,
-9708,
3360,
1497,
-5726,
2531,
3204,
-4480,
1330,
3889,
-4245,
-1586,
3273,
-2071,
-1856,
2435,
-722,
-1685,
1495,
368,
-749,
407,
124,
132,
-14,
-601,
793,
633,
-762,
1108,
1200,
-1290,
292,
1332,
-1264,
-263,
1815,
11,
-198,
1261,
-738,
-9802,
3221,
1555,
-5372,
2896,
3357,
-4433,
1418,
4063,
-4057,
-1576,
3131,
-2071,
-1724,
2460,
-692,
-1481,
1639,
244,
-995,
244,
88,
132,
-24,
-551,
762,
264,
-1270,
766,
788,
-1929,
-79,
1596,
-767,
-174,
1357,
-586,
-558,
1116,
-736,
-9741,
3096,
1225,
-5816,
2398,
2784,
-5224,
566,
3768,
-3689,
-1267,
3094,
-1922,
-1117,
3195,
-222,
-1462,
1396,
172,
-820,
386,
110,
135,
-1,
-531,
701,
85,
-1518,
462,
573,
-1840,
75,
1461,
-923,
-25,
1607,
-405,
-432,
1067,
-737,
-9845,
3017,
1250,
-5598,
2845,
3372,
-4610,
982,
3690,
-3894,
-684,
4314,
-1242,
-1179,
3083,
-372,
-1829,
1180,
149,
-956,
240,
91,
129,
0,
-522,
749,
314,
-1256,
581,
795,
-1441,
359,
1577,
-853,
149,
2080,
104,
-363,
886,
-747,
-9864,
3148,
1268,
-6016,
2180,
2940,
-4622,
1234,
4074,
-3522,
-743,
3664,
-1905,
-1396,
3043,
-453,
-1873,
1027,
-178,
-1180,
191,
69,
155,
77,
-452,
853,
404,
-1255,
546,
628,
-1874,
-98,
1338,
-1055,
-243,
1582,
-227,
-328,
1176,
-741,
-9798,
3141,
1064,
-5966,
2557,
2687,
-5611,
591,
4115,
-3068,
61,
4319,
-1728,
-1131,
3447,
-529,
-2232,
902,
-259,
-1384,
79,
70,
144,
54,
-507,
697,
248,
-1150,
968,
1135,
-1392,
283,
1365,
-1192,
29,
2136,
24,
-358,
1173,
-723,
-9905,
2691,
679,
-6096,
2330,
2465,
-5488,
890,
4345,
-2914,
151,
4405,
-1700,
-1389,
2971,
-897,
-2343,
1011,
-47,
-1201,
206,
129,
115,
-45,
-748,
376,
151,
-1042,
1045,
1329,
-1014,
615,
1746,
-799,
-133,
1449,
-485,
-569,
994,
-731,
-9849,
2858,
902,
-5959,
2546,
3065,
-4705,
1412,
4436,
-3426,
-859,
3677,
-1900,
-1738,
2563,
-610,
-1726,
1187,
-74,
-1109,
225,
104,
105,
-167,
-795,
525,
256,
-934,
1220,
1229,
-1303,
626,
1948,
-662,
154,
1865,
-270,
-535,
1009,
-719,
-9832,
2857,
1054,
-5677,
2535,
2713,
-4857,
1454,
4063,
-4045,
-893,
4341,
-1141,
-1278,
2776,
-441,
-1570,
1241,
-27,
-981,
292,
87,
125,
-114,
-682,
722,
390,
-823,
1491,
1554,
-1065,
762,
1868,
-859,
172,
2034,
-197,
-436,
1235,
-678,
-9844,
2704,
1395,
-5350,
1665,
1425,
-5342,
1170,
3393,
-4523,
-798,
4789,
-897,
-1710,
2194,
-401,
-1279,
1215,
-105,
-868,
415,
126,
106,
-177,
-750,
675,
354,
-905,
1375,
1492,
-1113,
746,
2092,
-577,
56,
1640,
-457,
-542,
1154,
-724,
-9676,
3031,
1002,
-6291,
1546,
1857,
-5702,
462,
3579,
-3655,
-176,
4910,
-908,
-1552,
2211,
-860,
-1728,
1226,
-29,
-1001,
324,
115,
130,
-19,
-641,
575,
227,
-1156,
822,
1112,
-1043,
662,
1563,
-1051,
-113,
1635,
-317,
-432,
974,
-734,
-9985,
2852,
896,
-6285,
1808,
2205,
-5418,
639,
3589,
-3543,
-7,
4398,
-1887,
-1826,
2521,
-941,
-2089,
1055,
-159,
-1125,
334,
140,
131,
15,
-614,
612,
270,
-1169,
802,
1049,
-1186,
615,
1486,
-1534,
-741,
1415,
-267,
-498,
870,
-740,
-9790,
3106,
1101,
-5980,
2467,
2981,
-4899,
1142,
4230,
-3396,
-539,
4051,
-1630,
-1413,
2958,
-386,
-1771,
941,
-377,
-1248,
278,
141,
113,
-26,
-557,
702,
298,
-1038,
1105,
1343,
-1027,
594,
1355,
-1479,
-427,
1640,
-260,
-502,
853,
-742,
-9952,
3020,
1142,
-5799,
2645,
2932,
-4947,
1422,
4575,
-3264,
-475,
4013,
-1892,
-1631,
2913,
-534,
-2043,
838,
-287,
-1195,
225,
106,
115,
-109,
-708,
643,
367,
-991,
889,
799,
-1546,
405,
1291,
-1578,
-328,
1963,
6,
-355,
938,
-746,
-9724,
3283,
1343,
-5813,
2538,
3034,
-4965,
829,
3980,
-3206,
-193,
4085,
-1763,
-1413,
3003,
-376,
-1618,
1346,
109,
-963,
314,
133,
98,
-123,
-617,
717,
257,
-1117,
944,
904,
-1614,
165,
1163,
-1406,
-188,
1755,
-237,
-327,
1064,
-743,
-9754,
3230,
1232,
-5910,
2483,
2989,
-4766,
1382,
4362,
-3405,
-743,
3456,
-2229,
-1384,
3322,
-195,
-1381,
1784,
357,
-969,
311,
130,
121,
-43,
-601,
819,
514,
-984,
1141,
1359,
-1516,
-114,
1368,
-896,
-118,
1646,
-253,
-557,
799,
-738,
-9881,
2981,
1012,
-6161,
2109,
2728,
-4974,
860,
3752,
-3678,
-799,
3476,
-2159,
-1586,
2743,
-781,
-1868,
1227,
-153,
-1220,
285,
161,
97,
-80,
-566,
872,
497,
-1129,
780,
906,
-1713,
-18,
1413,
-1096,
-481,
1247,
-577,
-715,
800,
-749,
-9832,
3192,
1259,
-6101,
2167,
3002,
-4777,
993,
4331,
-2843,
-195,
4168,
-1226,
-933,
3130,
-392,
-1787,
1010,
-137,
-985,
385,
144,
128,
88,
-286,
1104,
673,
-971,
812,
983,
-1402,
125,
1178,
-1223,
-308,
1454,
-331,
-407,
947,
-740,
-9766,
3175,
1363,
-5804,
2410,
3311,
-3929,
2345,
5663,
-1850,
429,
4439,
-1277,
-1217,
2813,
-541,
-1750,
1191,
125,
-877,
283,
86,
125,
-22,
-425,
905,
332,
-1139,
894,
862,
-1767,
-142,
1025,
-1217,
-3,
1810,
-112,
-196,
1062,
-736,
-10002,
2888,
1252,
-5494,
3010,
3664,
-4227,
1421,
4440,
-2952,
-384,
3900,
-1270,
-506,
3628,
-207,
-1653,
1449,
446,
-706,
291,
58,
132,
-122,
-743,
547,
86,
-1307,
825,
910,
-1629,
158,
1370,
-1238,
-461,
1259,
-665,
-833,
557,
-735,
-9810,
3193,
1551,
-5317,
3014,
3612,
-4142,
1414,
4019,
-3387,
-367,
4139,
-990,
-145,
3768,
-388,
-1830,
1230,
46,
-972,
296,
92,
125,
-129,
-796,
372,
-280,
-1670,
828,
1280,
-1065,
899,
2047,
-954,
-449,
1266,
-573,
-569,
946,
-736,
-9606,
3424,
1557,
-5626,
2574,
3231,
-4277,
1619,
4236,
-3478,
-508,
4137,
-1171,
-552,
3455,
-556,
-1902,
1300,
113,
-992,
317,
117,
136,
44,
-512,
635,
73,
-1231,
1183,
1406,
-1413,
157,
1559,
-896,
-165,
1644,
-103,
-268,
978,
-738,
-9556,
3627,
1944,
-5203,
2887,
3499,
-4049,
1511,
3756,
-3852,
-658,
3732,
-1904,
-1157,
3095,
-927,
-2336,
967,
-29,
-1037,
252,
79,
140,
-31,
-582,
782,
336,
-1109,
1110,
1207,
-1700,
-287,
928,
-1425,
-369,
1415,
-612,
-666,
921,
-735,
-8961,
4355,
2393,
-4979,
3244,
3790,
-4090,
1502,
3913,
-3991,
-1184,
3188,
-2361,
-1618,
2580,
-1510,
-2760,
948,
133,
-1007,
224,
97,
110,
-143,
-682,
802,
374,
-1395,
479,
761,
-1626,
63,
1202,
-1376,
-480,
1336,
-635,
-731,
896,
-602,
-8124,
5236,
3276,
-4212,
3352,
3079,
-5115,
546,
2946,
-5133,
-2387,
2239,
-3084,
-2549,
1486,
-2182,
-2948,
819,
15,
-970,
302,
118,
102,
-183,
-795,
488,
-102,
-1712,
255,
245,
-2157,
-41,
1142,
-1696,
-639,
1418,
-686,
-845,
959,
-421,
-7259,
5917,
3378,
-4885,
2027,
1435,
-7139,
-1602,
1725,
-5236,
-2364,
1807,
-4076,
-3981,
493,
-2225,
-2822,
575,
-216,
-991,
340,
136,
107,
-51,
-568,
448,
-470,
-2119,
-93,
-95,
-2616,
-736,
479,
-2035,
-838,
1211,
-821,
-976,
830,
-374,
-6956,
5474,
3015,
-4804,
1768,
1052,
-7425,
-2402,
1053,
-4762,
-1525,
2024,
-4348,
-4268,
740,
-1591,
-2855,
-149,
-653,
-1068,
270,
137,
74,
-56,
-229,
899,
-132,
-1741,
13,
-524,
-3039,
-785,
556,
-2162,
-1416,
436,
-1077,
-625,
1266,
-370,
-6875,
5088,
2508,
-4865,
1921,
1224,
-6955,
-2006,
1077,
-4145,
-124,
2737,
-4710,
-4599,
845,
-1320,
-2623,
-278,
-1018,
-1166,
348,
139,
91,
-10,
-85,
1185,
45,
-1609,
173,
-852,
-3751,
-1059,
568,
-2562,
-2109,
-150,
-1394,
-599,
1469,
-366,
-6677,
4712,
2133,
-4783,
2064,
1324,
-7062,
-2782,
123,
-4509,
-190,
2584,
-4707,
-4264,
1429,
-785,
-2515,
-458,
-1097,
-1168,
325,
152,
55,
-171,
-237,
1191,
163,
-1641,
-84,
-1053,
-3835,
-1195,
437,
-2731,
-2448,
-353,
-1349,
-794,
950,
-366,
-6673,
4420,
1751,
-4960,
2240,
1732,
-7051,
-3222,
96,
-4078,
29,
2740,
-4445,
-4259,
1409,
-543,
-2398,
-463,
-916,
-1031,
294,
144,
47,
-124,
-55,
1317,
252,
-1512,
-150,
-1216,
-3756,
-1088,
295,
-2940,
-2592,
-445,
-1282,
-550,
1207,
-354,
-6588,
4057,
1356,
-4953,
2286,
1602,
-7227,
-3871,
-1281,
-5125,
232,
3252,
-4896,
-5222,
891,
-850,
-2898,
-763,
-846,
-1016,
124,
49,
71,
-179,
-142,
1529,
697,
-1258,
47,
-814,
-3628,
-1251,
825,
-1663,
-1694,
-280,
-1335,
-562,
1290,
-330,
-6295,
3841,
1021,
-4556,
2962,
1931,
-6396,
-2567,
-1138,
-5780,
631,
4303,
-4403,
-4856,
1358,
-877,
-3159,
-612,
-395,
-735,
85,
-28,
82,
-313,
-272,
1513,
257,
-1834,
426,
26,
-3822,
-2336,
195,
-1421,
-1401,
-563,
-1627,
-278,
1590,
-309,
-5857,
3304,
279,
-4325,
3514,
1721,
-6843,
-1978,
-90,
-6461,
-1529,
3716,
-2758,
-3533,
1280,
-1287,
-3401,
-767,
-382,
-698,
9,
-94,
126,
-206,
-381,
1050,
-132,
-1793,
874,
861,
-2971,
-2083,
-90,
-1723,
-1365,
-53,
-1003,
-52,
1522,
-156,
-4341,
1865,
-2083,
-5201,
2966,
858,
-7962,
-2636,
1360,
-5261,
-3699,
2039,
-764,
-2049,
197,
-1882,
-2768,
-200,
-4,
-609,
-117,
-72,
63,
-324,
-462,
784,
-230,
-1906,
181,
625,
-2213,
-1511,
305,
-1042,
-1099,
68,
-540,
-251,
581,
-63,
-3956,
778,
-3714,
-5854,
2389,
-359,
-8506,
-2385,
1246,
-5429,
-3620,
1737,
-1002,
-2044,
-462,
-2495,
-2330,
113,
-383,
-729,
11,
-76,
78,
-358,
-388,
955,
-384,
-1766,
780,
404,
-2645,
-800,
591,
-2095,
-1558,
474,
-629,
-503,
732,
-38,
-3893,
15,
-3974,
-5409,
2173,
-136,
-6393,
-238,
2000,
-4612,
-2180,
2395,
-1489,
-2483,
-266,
-2292,
-2409,
277,
8,
-582,
45,
-21,
69,
-172,
-208,
744,
-262,
-1154,
566,
-532,
-2858,
-735,
-294,
-3185,
-1762,
590,
-899,
-683,
1105,
-12,
-3612,
-165,
-3646,
-4811,
1981,
30,
-5064,
873,
2396,
-4239,
-1585,
3202,
-1021,
-2668,
-112,
-1690,
-2385,
103,
229,
-549,
-123,
-36,
68,
-27,
-152,
389,
-209,
-743,
231,
-839,
-2189,
-296,
-560,
-3145,
-1414,
728,
-916,
-724,
1277,
7,
-3858,
-864,
-4319,
-5407,
928,
-1108,
-5656,
461,
1783,
-4977,
-2529,
2304,
-1429,
-2949,
-621,
-2034,
-2524,
-174,
-22,
-630,
-214,
-95,
80,
-70,
-210,
283,
-420,
-876,
75,
-1189,
-2352,
-228,
-792,
-3497,
-1416,
749,
-1075,
-663,
1591,
15,
-3526,
-533,
-3676,
-4590,
1434,
-613,
-4843,
1209,
2341,
-4419,
-2103,
2598,
-990,
-2325,
52,
-1446,
-2127,
91,
185,
-510,
-157,
-74,
75,
-84,
-323,
139,
-373,
-794,
114,
-801,
-1764,
4,
-665,
-3181,
-1367,
522,
-1057,
-522,
1511,
14,
-3456,
-424,
-3650,
-4547,
1464,
-816,
-4960,
1398,
2367,
-4510,
-1951,
2534,
-1333,
-2183,
513,
-1345,
-2159,
175,
160,
-561,
-112,
-58,
80,
-106,
-428,
108,
-362,
-879,
154,
-565,
-1634,
-20,
-662,
-3135,
-1339,
512,
-1061,
-491,
1467,
17,
-3646,
-741,
-4012,
-4863,
1024,
-1382,
-5176,
1492,
2181,
-4791,
-1921,
2453,
-1635,
-2210,
568,
-1609,
-2469,
-26,
-77,
-714,
-131,
-69,
91,
-123,
-525,
42,
-504,
-1274,
-287,
-844,
-1908,
-442,
-1065,
-3252,
-1232,
594,
-932,
-202,
1701,
22,
-3361,
-389,
-3408,
-4325,
1233,
-965,
-4493,
1939,
2531,
-4441,
-1812,
2628,
-1227,
-1913,
871,
-1201,
-2308,
30,
178,
-503,
-75,
-45,
80,
-84,
-425,
144,
-244,
-929,
-19,
-414,
-1408,
-250,
-952,
-3066,
-1235,
595,
-811,
-358,
1336,
23,
-3518,
-531,
-3775,
-4761,
907,
-1425,
-4779,
2059,
2328,
-4992,
-1990,
2520,
-1655,
-2295,
384,
-1953,
-2723,
28,
189,
-401,
87,
-23,
102,
-26,
-332,
443,
61,
-849,
30,
-415,
-1671,
-731,
-1535,
-3493,
-1281,
636,
-882,
-364,
1274,
19,
-3601,
-605,
-4043,
-5193,
275,
-2478,
-5801,
1457,
1630,
-5703,
-2028,
2749,
-1713,
-2248,
531,
-2151,
-3030,
-68,
160,
-439,
59,
-43,
109,
-48,
-359,
465,
15,
-899,
123,
-334,
-1575,
-415,
-1207,
-3296,
-1060,
723,
-1071,
-636,
942,
13,
-3507,
-326,
-3590,
-4922,
275,
-2403,
-5588,
1751,
2090,
-5294,
-1654,
3496,
-848,
-1632,
1250,
-1449,
-2860,
-83,
307,
-428,
-43,
-65,
116,
16,
-382,
312,
204,
-421,
371,
-56,
-1002,
97,
-720,
-2774,
-968,
411,
-1424,
-1103,
435,
5,
-3439,
14,
-3337,
-4876,
269,
-2645,
-5893,
1791,
2110,
-5613,
-1873,
3632,
-440,
-1030,
1701,
-1366,
-2937,
-209,
208,
-336,
105,
-24,
102,
-48,
-399,
379,
136,
-462,
666,
236,
-891,
427,
-216,
-2393,
-632,
605,
-1557,
-1355,
200,
4,
-3451,
159,
-3372,
-5100,
-99,
-3464,
-6759,
1307,
1375,
-6602,
-2371,
3289,
-990,
-1216,
1774,
-1631,
-3378,
-563,
-46,
-388,
154,
-18,
104,
-25,
-201,
711,
247,
-404,
820,
15,
-1178,
720,
26,
-2499,
-211,
1466,
-1018,
-986,
499,
-8,
-3369,
582,
-2708,
-4558,
315,
-2864,
-5928,
2192,
2314,
-5583,
-1449,
3964,
-387,
-310,
2983,
-701,
-3100,
-617,
-72,
-383,
189,
38,
55,
-173,
-342,
625,
325,
-159,
988,
119,
-745,
1553,
800,
-2098,
-12,
1711,
-699,
-619,
905,
-26,
-3707,
479,
-2906,
-5602,
-1250,
-4021,
-6845,
1076,
1326,
-6601,
-3061,
2134,
-1833,
-1291,
2483,
-1035,
-3699,
-1212,
-402,
-676,
-54,
-29,
82,
-55,
-260,
581,
408,
-50,
830,
13,
-586,
1733,
1000,
-1986,
-223,
1519,
-715,
-838,
659,
-52,
-3728,
1078,
-2128,
-5291,
-1060,
-3473,
-6135,
1828,
2320,
-5517,
-2270,
2623,
-1388,
-734,
3128,
-451,
-3286,
-936,
-239,
-646,
-63,
-8,
57,
-107,
-267,
500,
230,
-145,
694,
-413,
-979,
1796,
1307,
-1759,
-9,
1723,
-652,
-771,
901,
-71,
-3862,
1340,
-1443,
-4697,
-890,
-3404,
-5760,
2381,
2786,
-5124,
-2002,
2637,
-1443,
-606,
3479,
128,
-2657,
-643,
-296,
-700,
-2,
38,
36,
-120,
-196,
497,
-32,
-412,
618,
-622,
-1409,
1476,
1066,
-1979,
140,
2157,
-454,
-779,
978,
-79,
-4118,
1232,
-1273,
-4822,
-1658,
-4151,
-6238,
1530,
1617,
-5936,
-2486,
2105,
-2082,
-1356,
2764,
-236,
-2719,
-731,
-515,
-959,
-199,
-31,
60,
-86,
-168,
544,
55,
-231,
968,
-243,
-1291,
1436,
1260,
-1652,
251,
2138,
-518,
-1046,
692,
-109,
-4213,
1649,
-804,
-4574,
-1356,
-4164,
-6725,
1347,
1841,
-5889,
-2466,
2292,
-2106,
-1527,
2826,
-10,
-2432,
-338,
-192,
-853,
-210,
-49,
69,
-84,
-189,
580,
136,
-166,
1100,
-82,
-1273,
1386,
1205,
-1859,
36,
2195,
-366,
-1060,
613,
-134,
-4322,
2011,
-706,
-4950,
-1650,
-4680,
-7495,
1041,
1782,
-6036,
-2390,
2088,
-2984,
-2152,
2751,
-127,
-2437,
-71,
-69,
-864,
-183,
-64,
101,
-27,
-218,
629,
150,
-324,
1211,
280,
-1262,
1245,
1369,
-1786,
-275,
1941,
-264,
-794,
789,
-150,
-4317,
2424,
-471,
-5022,
-1492,
-4455,
-7334,
1464,
2145,
-5991,
-2211,
2392,
-2850,
-2042,
2782,
-269,
-2419,
168,
197,
-589,
-49,
-99,
148,
30,
-296,
522,
-34,
-484,
1343,
409,
-1424,
1051,
1137,
-2170,
-483,
1965,
-282,
-818,
790,
-163,
-4417,
2790,
9,
-4785,
-1212,
-4239,
-7444,
1614,
2728,
-5806,
-2344,
2668,
-2734,
-2666,
2327,
14,
-1996,
434,
444,
-421,
18,
-80,
150,
91,
-216,
611,
103,
-579,
973,
250,
-1414,
827,
926,
-2232,
-724,
1808,
17,
-468,
900,
-170,
-4623,
2986,
165,
-4848,
-1009,
-4066,
-7752,
1409,
2831,
-6035,
-2688,
2872,
-2445,
-2926,
1904,
-125,
-2015,
451,
663,
-96,
184,
-66,
154,
96,
-113,
968,
438,
-731,
447,
-195,
-1711,
589,
873,
-2132,
-704,
1798,
118,
-437,
745,
-184,
-4802,
3423,
496,
-4912,
-914,
-4197,
-8377,
969,
2556,
-6430,
-2796,
2962,
-2611,
-3246,
1496,
-523,
-2045,
539,
493,
-220,
222,
-71,
179,
133,
-107,
1108,
543,
-840,
389,
-172,
-1783,
547,
954,
-1942,
-452,
1837,
-28,
-419,
791,
-220,
-5084,
3853,
1010,
-4982,
-778,
-3687,
-8646,
116,
2271,
-6628,
-3495,
2801,
-1882,
-2681,
1561,
-596,
-2269,
193,
245,
-306,
259,
-34,
172,
145,
-180,
993,
566,
-829,
506,
336,
-1534,
118,
732,
-1703,
-456,
1733,
123,
-369,
717,
-253,
-5333,
4271,
1445,
-4900,
-445,
-3327,
-8901,
-586,
1634,
-6628,
-2822,
3260,
-1823,
-2391,
1739,
-1010,
-2731,
-83,
-54,
-410,
364,
7,
159,
42,
-305,
1095,
687,
-821,
723,
548,
-1710,
-101,
736,
-1540,
-77,
2061,
121,
-318,
994,
-278,
-5569,
4456,
1699,
-4912,
-371,
-3131,
-9019,
-1061,
1279,
-6387,
-2178,
3504,
-2167,
-2699,
1639,
-1225,
-3027,
-287,
-192,
-466,
382,
15,
160,
10,
-431,
971,
676,
-772,
713,
511,
-1577,
113,
651,
-1794,
-58,
2157,
-37,
-447,
1075,
-319,
-5790,
4797,
1902,
-5240,
-384,
-2631,
-8569,
-804,
1074,
-7297,
-3062,
3257,
-2124,
-2601,
1829,
-1156,
-3060,
-184,
-78,
-478,
367,
30,
145,
-65,
-580,
823,
539,
-900,
907,
1096,
-1173,
103,
554,
-2078,
-718,
1601,
-149,
-422,
1034,
-350,
-5923,
5064,
2276,
-4784,
772,
-1125,
-7966,
-1265,
580,
-7242,
-2714,
3713,
-1424,
-1734,
2602,
-485,
-2545,
-131,
-392,
-673,
389,
60,
129,
-150,
-710,
764,
459,
-1128,
727,
1154,
-948,
445,
959,
-1871,
-868,
1332,
-260,
-474,
875,
-391,
-6132,
5127,
2187,
-5181,
443,
-1311,
-7799,
-594,
1071,
-7359,
-3145,
3018,
-2223,
-2257,
2189,
-814,
-2453,
-11,
-679,
-945,
368,
56,
162,
41,
-405,
985,
382,
-1261,
821,
1244,
-889,
678,
1208,
-1476,
-120,
1801,
-351,
-439,
1151,
-433,
-6332,
5054,
1911,
-5630,
549,
-870,
-8094,
-1257,
1309,
-6514,
-2813,
2715,
-2891,
-3108,
1644,
-905,
-2484,
-70,
-669,
-976,
303,
35,
177,
109,
-423,
811,
375,
-1040,
983,
1476,
-424,
1028,
1267,
-1536,
-208,
1818,
-174,
-336,
1137,
-469,
-6476,
5048,
2023,
-5870,
120,
-421,
-6847,
-598,
1296,
-6163,
-2285,
2841,
-2655,
-2595,
1730,
-1151,
-2301,
496,
-302,
-956,
230,
31,
156,
61,
-330,
957,
366,
-1080,
975,
1315,
-661,
853,
974,
-1939,
-424,
1862,
-18,
-266,
1005,
-521,
-6888,
4712,
1893,
-5740,
627,
467,
-5763,
375,
1786,
-6296,
-2701,
2659,
-2342,
-2009,
2112,
-985,
-1919,
1037,
-48,
-928,
276,
42,
176,
122,
-364,
1040,
649,
-1155,
466,
931,
-995,
285,
579,
-1931,
-350,
1805,
-271,
-676,
753,
-572,
-7192,
4746,
2018,
-5587,
1073,
797,
-5929,
77,
1690,
-6100,
-2317,
2796,
-2419,
-1825,
2274,
-1327,
-2386,
838,
-129,
-983,
289,
70,
147,
-21,
-555,
881,
482,
-1207,
643,
1087,
-935,
550,
1026,
-1691,
-593,
1161,
-774,
-656,
986,
-604,
-7542,
4258,
1671,
-5630,
1146,
765,
-5915,
497,
2476,
-5366,
-1700,
3548,
-1667,
-1390,
2403,
-1426,
-2612,
792,
49,
-883,
259,
64,
129,
-119,
-671,
814,
485,
-1177,
590,
868,
-1245,
392,
1110,
-1576,
-488,
1412,
-563,
-725,
823,
-598,
-7633,
4054,
1297,
-6098,
895,
970,
-5550,
385,
1663,
-6353,
-2153,
3661,
-1521,
-1256,
3057,
-279,
-1734,
1041,
60,
-775,
371,
81,
134,
-122,
-762,
710,
465,
-1196,
451,
503,
-1881,
-240,
847,
-1477,
-178,
1822,
-303,
-682,
900,
-575,
-7516,
3653,
582,
-6515,
839,
1163,
-4893,
1375,
2525,
-5541,
-1311,
3884,
-2144,
-1916,
2859,
-323,
-1767,
1153,
189,
-799,
307,
81,
119,
-132,
-604,
986,
603,
-1258,
361,
449,
-1973,
-315,
909,
-1455,
-445,
1607,
41,
-88,
1182,
-516,
-7152,
3720,
411,
-6742,
394,
881,
-4132,
2797,
3265,
-5529,
-1145,
4158,
-2086,
-1643,
3501,
115,
-1763,
1074,
208,
-851,
145,
7,
126,
-210,
-606,
1223,
923,
-722,
1357,
1458,
-1411,
-15,
990,
-1655,
-477,
1840,
-82,
-650,
709,
-459,
-6951,
3591,
388,
-6478,
233,
155,
-4503,
3359,
4006,
-5743,
-1995,
3922,
-1745,
-1477,
3759,
590,
-1735,
783,
153,
-891,
7,
-4,
97,
-203,
-461,
1005,
426,
-668,
1730,
1328,
-1802,
-128,
1005,
-1739,
-601,
1781,
-75,
-677,
709,
-437,
-7028,
3272,
346,
-6249,
18,
-329,
-4523,
3657,
4003,
-6240,
-2647,
3669,
-1593,
-1449,
3557,
381,
-2021,
435,
-37,
-905,
99,
80,
58,
-144,
-195,
1078,
198,
-1003,
1067,
478,
-1922,
597,
1569,
-1733,
-569,
2161,
360,
-428,
865,
-457,
-7194,
2917,
134,
-5894,
564,
-484,
-5504,
2452,
2917,
-7104,
-3074,
3828,
-872,
-597,
3702,
-304,
-2570,
588,
344,
-751,
55,
15,
102,
-72,
-149,
1397,
750,
-911,
643,
416,
-1440,
786,
1245,
-1873,
-378,
2065,
-87,
-630,
1007,
-467,
-7230,
2784,
-315,
-6356,
633,
-263,
-5750,
2403,
3930,
-5869,
-3080,
2759,
-1606,
-512,
3887,
-372,
-2441,
1017,
600,
-787,
2,
15,
101,
-55,
-111,
1458,
759,
-1033,
664,
853,
-945,
900,
1119,
-1931,
-333,
2111,
-76,
-555,
1167,
-489,
-7358,
2794,
-131,
-6223,
764,
102,
-5518,
2155,
3736,
-5757,
-3186,
2616,
-1190,
-134,
3427,
-1121,
-2728,
951,
410,
-929,
24,
56,
75,
-185,
-462,
859,
87,
-1513,
593,
1121,
-803,
618,
751,
-2040,
-384,
1967,
-56,
-317,
1315,
-464,
-7509,
2652,
-687,
-6869,
1012,
847,
-5421,
1915,
3834,
-5892,
-3726,
2677,
-505,
-98,
2478,
-2121,
-3200,
843,
420,
-927,
-11,
36,
82,
-161,
-461,
692,
-204,
-1493,
1184,
1898,
-378,
675,
793,
-1909,
-309,
2118,
350,
-14,
1153,
-459,
-7682,
2490,
-697,
-6965,
969,
1612,
-4251,
2189,
3347,
-6295,
-4285,
1866,
-897,
-95,
2488,
-1860,
-2698,
1102,
482,
-755,
160,
74,
80,
-164,
-565,
376,
-615,
-1741,
999,
1480,
-896,
388,
776,
-1783,
-178,
2145,
364,
133,
1360,
-492,
-7952,
2643,
-480,
-6691,
1580,
1866,
-4703,
1562,
2518,
-7222,
-4633,
1796,
-1245,
-269,
2619,
-1847,
-2704,
1111,
321,
-834,
236,
75,
119,
-31,
-419,
634,
-489,
-1984,
842,
1563,
-964,
341,
1050,
-1505,
-124,
2027,
42,
-262,
1091,
-571,
-8097,
3125,
192,
-6585,
1638,
2489,
-4257,
1437,
2788,
-6069,
-3202,
2781,
-1169,
-728,
2573,
-1554,
-2674,
1170,
605,
-747,
186,
102,
86,
-97,
-583,
316,
-433,
-1549,
844,
1171,
-1091,
453,
1225,
-1301,
-218,
1596,
-367,
-580,
843,
-565,
-8352,
2989,
-6,
-6707,
1731,
2416,
-4272,
1796,
2621,
-7149,
-4229,
2081,
-1839,
-978,
2751,
-1544,
-2800,
1212,
744,
-590,
291,
105,
102,
-57,
-505,
550,
-218,
-1505,
950,
1397,
-919,
545,
1219,
-1301,
2,
1849,
-322,
-547,
955,
-603,
-8705,
2837,
-116,
-6896,
1592,
2132,
-4707,
1741,
3070,
-6613,
-3826,
2341,
-1662,
-792,
2824,
-1630,
-2813,
1225,
612,
-648,
389,
138,
117,
19,
-444,
765,
130,
-1449,
754,
1277,
-1107,
254,
1085,
-1454,
-310,
1764,
-150,
-495,
967,
-616,
-8847,
2764,
-205,
-7187,
1419,
2479,
-4313,
1741,
3275,
-5849,
-3063,
2845,
-1304,
-730,
2701,
-1634,
-2924,
831,
289,
-732,
387,
147,
105,
2,
-402,
765,
46,
-1505,
565,
777,
-1582,
166,
1267,
-1259,
-224,
1703,
-304,
-660,
821,
-654,
-8939,
2870,
85,
-7138,
967,
1998,
-4252,
2252,
4055,
-4634,
-1704,
3586,
-1342,
-1016,
2748,
-1003,
-2163,
986,
-39,
-903,
410,
143,
121,
9,
-444,
832,
264,
-1176,
1038,
1269,
-1231,
406,
1385,
-1299,
-293,
1721,
-177,
-447,
978,
-657,
-8844,
3089,
440,
-6606,
1767,
2949,
-3660,
2111,
3679,
-4577,
-1544,
3358,
-1570,
-1049,
2507,
-1253,
-2012,
1177,
-78,
-893,
501,
168,
114,
-47,
-558,
669,
125,
-867,
1811,
1612,
-1655,
-128,
1015,
-1498,
-61,
2046,
-288,
-638,
1029,
-669,
-8865,
3182,
471,
-6854,
1397,
2511,
-4447,
1261,
3465,
-4375,
-1703,
2845,
-1886,
-1002,
2539,
-1620,
-2473,
1137,
32,
-1048,
319,
138,
121,
9,
-511,
763,
475,
-649,
1520,
1351,
-1563,
-13,
1218,
-1118,
135,
2084,
-210,
-744,
751,
-686,
-8947,
3236,
422,
-7052,
1256,
2310,
-4737,
1043,
3102,
-4837,
-1696,
3091,
-2171,
-1552,
2384,
-1611,
-2666,
983,
92,
-973,
291,
107,
129,
-16,
-525,
867,
553,
-804,
1279,
1297,
-1370,
329,
1463,
-1268,
-331,
1697,
-391,
-889,
650,
-682,
-9043,
3047,
347,
-6789,
1845,
3025,
-4105,
1638,
3806,
-4152,
-1010,
4115,
-1104,
-1094,
2662,
-731,
-1624,
1495,
345,
-671,
459,
125,
127,
-20,
-474,
852,
217,
-1268,
1009,
1103,
-1529,
445,
1740,
-1074,
-83,
1996,
-353,
-1031,
669,
-685,
-8860,
3400,
795,
-6188,
2501,
3348,
-3962,
1973,
3812,
-4884,
-1718,
3895,
-1357,
-1478,
2558,
-679,
-1712,
1366,
261,
-776,
363,
89,
143,
11,
-457,
945,
474,
-972,
1244,
1336,
-1395,
323,
1537,
-1154,
-209,
1703,
-543,
-970,
699,
-697,
-9175,
3235,
951,
-5859,
2807,
3567,
-4000,
1542,
3368,
-4928,
-1755,
3391,
-1842,
-1405,
2759,
-774,
-1818,
1368,
130,
-942,
336,
78,
183,
189,
-404,
821,
537,
-672,
1540,
1531,
-1532,
-305,
914,
-1367,
-361,
1426,
-614,
-851,
700,
