-721,
-9634,
3025,
1131,
-6167,
1789,
2876,
-4559,
262,
2466,
-4654,
-1879,
2012,
-3423,
-2567,
1996,
-1062,
-1864,
1370,
227,
-950,
217,
80,
130,
43,
-347,
848,
188,
-1261,
752,
718,
-1700,
260,
1500,
-1080,
-202,
1515,
-558,
-772,
734,
-728,
-9663,
3090,
1181,
-6040,
2106,
3141,
-4295,
764,
2707,
-5084,
-2387,
1767,
-3852,
-3158,
1697,
-1166,
-2072,
1145,
124,
-996,
155,
37,
149,
21,
-485,
787,
300,
-1167,
847,
1068,
-1163,
672,
1645,
-1164,
-346,
1524,
-393,
-608,
834,
-724,
-9683,
3130,
1389,
-5780,
2273,
3323,
-4110,
817,
2820,
-4828,
-2324,
1672,
-3754,
-3135,
1261,
-1683,
-2230,
1207,
226,
-869,
213,
27,
159,
11,
-490,
893,
346,
-1438,
372,
633,
-1612,
91,
1136,
-1348,
-356,
1384,
-626,
-716,
873,
-705,
-9613,
2888,
1006,
-5775,
2556,
2973,
-5322,
0,
3327,
-3929,
-2173,
1424,
-3677,
-2790,
1602,
-1520,
-2420,
847,
18,
-986,
93,
-8,
154,
-13,
-406,
1081,
539,
-1235,
664,
1210,
-714,
845,
1447,
-1119,
-34,
1443,
-891,
-954,
824,
-692,
-9733,
2590,
674,
-5925,
2647,
3142,
-5349,
-106,
3559,
-3513,
-1962,
1833,
-2633,
-1607,
2430,
-898,
-1923,
1094,
78,
-1018,
11,
-49,
168,
17,
-372,
1038,
406,
-1331,
585,
1053,
-877,
717,
1292,
-1264,
-72,
1587,
-583,
-739,
715,
-743,
-10022,
2785,
880,
-6366,
1951,
2850,
-5276,
-269,
2686,
-4620,
-2455,
1620,
-3411,
-2648,
1735,
-1403,
-2324,
935,
-53,
-1178,
8,
-17,
177,
103,
-431,
827,
513,
-836,
1090,
1307,
-969,
572,
1519,
-932,
-56,
1557,
-375,
-444,
984,
-734,
-9900,
2889,
1008,
-6211,
2182,
3546,
-4002,
911,
3463,
-3717,
-1488,
2011,
-3380,
-2454,
1936,
-1264,
-2039,
1206,
61,
-1073,
104,
17,
148,
-30,
-527,
802,
238,
-1358,
635,
927,
-1186,
725,
1757,
-921,
-176,
1281,
-845,
-813,
899,
-720,
-9788,
2626,
446,
-6690,
1677,
2722,
-4769,
565,
2958,
-4763,
-2232,
2171,
-3052,
-2551,
1959,
-752,
-1604,
1173,
-125,
-1169,
38,
-13,
151,
-31,
-381,
1150,
588,
-1010,
1117,
1390,
-931,
795,
1623,
-1177,
-223,
1527,
-597,
-738,
832,
-725,
-9759,
2791,
628,
-6619,
1766,
2948,
-4549,
670,
3206,
-4116,
-1602,
2138,
-3479,
-2596,
2171,
-902,
-1944,
1115,
5,
-1038,
180,
57,
125,
-136,
-718,
678,
300,
-1215,
781,
1047,
-1319,
221,
1188,
-1220,
-232,
1285,
-828,
-709,
1054,
-718,
-9925,
2489,
555,
-6526,
1796,
3234,
-4075,
811,
3060,
-4466,
-2079,
2311,
-2610,
-2274,
1731,
-1108,
-1764,
1188,
-38,
-1030,
234,
90,
122,
-15,
-482,
692,
-23,
-1715,
200,
504,
-1769,
-210,
905,
-1186,
40,
1669,
-502,
-596,
1124,
-673,
-9982,
2228,
893,
-6078,
1515,
3292,
-3676,
115,
2390,
-3660,
-1279,
2433,
-2071,
-1897,
1206,
-1521,
-1774,
1041,
-41,
-867,
155,
-4,
142,
-6,
-297,
889,
16,
-1250,
1133,
1171,
-1305,
470,
1432,
-1180,
-237,
1484,
-372,
-311,
1166,
-702,
-9921,
2567,
920,
-6515,
1050,
2751,
-4087,
286,
2532,
-4042,
-1603,
2134,
-2809,
-2449,
1342,
-1282,
-1808,
891,
-218,
-979,
121,
-48,
189,
106,
-244,
1153,
619,
-779,
1235,
1243,
-1012,
911,
1861,
-854,
-22,
1524,
-590,
-672,
899,
-672,
-9867,
2271,
929,
-5972,
1142,
2243,
-4132,
713,
2465,
-4398,
-1393,
2471,
-3125,
-2782,
1697,
-935,
-1976,
854,
115,
-749,
187,
4,
153,
70,
-276,
874,
210,
-1047,
920,
736,
-1460,
610,
1514,
-1274,
-318,
1444,
-606,
-750,
801,
-685,
-9853,
2447,
968,
-6178,
976,
2152,
-4196,
834,
2758,
-4002,
-881,
2877,
-2796,
-2025,
2781,
-237,
-1800,
788,
-95,
-892,
261,
76,
128,
26,
-361,
849,
272,
-1062,
1058,
1198,
-1243,
408,
1579,
-885,
-204,
1339,
-552,
-644,
771,
-699,
-9669,
2542,
881,
-6036,
1740,
2802,
-4452,
676,
3559,
-3643,
-1648,
2650,
-2157,
-2123,
1988,
-408,
-1392,
1053,
-132,
-1149,
12,
15,
134,
27,
-382,
834,
513,
-728,
1055,
1232,
-821,
654,
1561,
-586,
208,
1410,
-581,
-604,
804,
-680,
-9713,
2285,
650,
-6223,
1299,
2387,
-4507,
541,
3304,
-3370,
-1151,
2698,
-2059,
-1787,
1633,
-1380,
-1841,
1306,
267,
-819,
196,
57,
102,
-165,
-586,
825,
428,
-988,
873,
1018,
-1082,
723,
1754,
-744,
-21,
1519,
-239,
-251,
963,
-712,
-10069,
2343,
783,
-6517,
1068,
2527,
-4665,
45,
3123,
-3563,
-1813,
2211,
-2022,
-1618,
1916,
-1035,
-1812,
1205,
400,
-615,
310,
102,
92,
-99,
-540,
573,
32,
-1286,
617,
797,
-1358,
198,
1231,
-953,
-67,
1462,
-345,
-437,
818,
-708,
-9981,
2235,
390,
-6618,
1501,
2690,
-5002,
-30,
3448,
-3201,
-1356,
2680,
-1842,
-1579,
2121,
-608,
-1311,
1452,
284,
-831,
154,
28,
122,
-96,
-525,
852,
468,
-910,
956,
950,
-1433,
320,
1563,
-962,
-507,
973,
-679,
-565,
874,
-695,
-10008,
2041,
467,
-6399,
1330,
2520,
-4899,
-347,
2599,
-3857,
-1580,
2605,
-1995,
-1809,
2020,
-634,
-1530,
1186,
177,
-904,
117,
55,
110,
3,
-326,
848,
492,
-582,
1229,
1195,
-825,
850,
1539,
-1036,
-220,
1347,
-427,
-401,
983,
-643,
-10010,
1496,
256,
-6368,
1089,
2889,
-4278,
-426,
3183,
-2587,
-1874,
1426,
-2179,
-2081,
983,
-1119,
-1304,
1458,
378,
-964,
-75,
45,
72,
-17,
-207,
772,
311,
-864,
474,
632,
-737,
594,
995,
-806,
221,
1200,
-569,
-339,
811,
-531,
-9868,
1198,
660,
-5884,
652,
3428,
-2936,
-995,
2249,
-1568,
-1261,
856,
-1535,
-1076,
668,
-1122,
-506,
1396,
-320,
-1240,
-121,
34,
32,
-235,
-217,
1012,
293,
-932,
720,
874,
-644,
691,
968,
-986,
114,
1193,
-594,
-358,
903,
-473,
-9812,
1265,
1174,
-5639,
21,
3237,
-2367,
-988,
2249,
-537,
-560,
367,
-2029,
-1140,
515,
-1362,
-823,
1027,
-339,
-964,
21,
29,
51,
-168,
-227,
806,
196,
-628,
1027,
861,
-725,
591,
711,
-1185,
195,
1526,
-196,
-216,
785,
-581,
-9662,
1625,
957,
-5480,
1123,
3107,
-3391,
-309,
3196,
-1072,
-360,
1668,
-1689,
-1070,
1261,
-1164,
-1143,
1081,
-374,
-1255,
-83,
7,
100,
21,
-40,
1157,
507,
-835,
838,
1168,
-437,
818,
1223,
-793,
195,
1458,
-239,
-284,
738,
-620,
-9618,
1880,
445,
-6081,
1722,
3710,
-3517,
-261,
2757,
-2413,
-1053,
1501,
-2663,
-2275,
420,
-2025,
-1567,
1313,
-270,
-1401,
-122,
20,
89,
-57,
-89,
1260,
404,
-1066,
1072,
1386,
-782,
705,
1559,
-766,
89,
1693,
68,
8,
1069,
-561,
-9751,
1411,
121,
-5890,
2002,
3612,
-4253,
-1697,
1486,
-2512,
-539,
1592,
-2835,
-2419,
186,
-1890,
-892,
1617,
-634,
-1677,
-76,
63,
80,
-78,
-150,
1101,
-1,
-1673,
405,
609,
-1505,
230,
987,
-1545,
-423,
1428,
-312,
-316,
959,
-611,
-9723,
1705,
57,
-6430,
1557,
3347,
-4040,
-708,
2211,
-2582,
-286,
2202,
-2825,
-2283,
1238,
-1031,
-887,
1581,
-350,
-1414,
47,
85,
89,
-43,
-174,
1200,
351,
-1509,
203,
515,
-1338,
431,
1240,
-1282,
-369,
1360,
-333,
-355,
942,
-604,
-9133,
2233,
205,
-6204,
1889,
2613,
-5750,
-1478,
2747,
-2533,
-1427,
1236,
-2488,
-1372,
1244,
-2046,
-1709,
1604,
39,
-1229,
-16,
32,
92,
-127,
-221,
1256,
254,
-1520,
851,
1576,
-465,
1088,
1751,
-967,
-111,
1551,
-377,
-506,
902,
-423,
-6860,
3496,
143,
-6448,
1296,
629,
-8424,
-2604,
4106,
-70,
467,
2254,
-1993,
-1274,
1175,
-1833,
-1103,
2222,
219,
-1493,
-266,
12,
54,
-256,
-299,
1137,
27,
-1736,
711,
1761,
218,
1581,
1357,
-1748,
-551,
1355,
-557,
-641,
732,
-333,
-6027,
3542,
-68,
-6220,
1118,
-564,
-9739,
-3023,
4295,
-246,
54,
2221,
-2493,
-2811,
289,
-1120,
-356,
2032,
-136,
-1561,
-274,
-7,
71,
-182,
-220,
1126,
-61,
-1819,
813,
2115,
473,
1622,
1485,
-1669,
-579,
1738,
-1,
-628,
576,
-311,
-5441,
3591,
182,
-5543,
1349,
-526,
-9266,
-2507,
4415,
-589,
-335,
2477,
-2085,
-2844,
767,
-162,
-458,
1253,
-140,
-1138,
-125,
38,
19,
-312,
-244,
1175,
190,
-1423,
900,
1875,
-67,
710,
1063,
-1049,
78,
1869,
157,
-429,
534,
-180,
-4481,
3443,
-1027,
-6383,
880,
-1526,
-9837,
-1630,
5333,
-707,
-663,
2106,
-2830,
-3199,
886,
-646,
-1460,
665,
-312,
-1306,
-300,
-43,
58,
-270,
-239,
1382,
496,
-1500,
536,
1667,
-166,
620,
1150,
-934,
-123,
1424,
-232,
-682,
356,
-133,
-4278,
2965,
-1836,
-6835,
472,
-2218,
-10189,
-1497,
4962,
-1790,
-1304,
2247,
-2969,
-3949,
420,
-582,
-1496,
463,
-315,
-1236,
-365,
-97,
77,
-218,
-132,
1388,
312,
-1612,
556,
1645,
-43,
979,
1247,
-1292,
-442,
1387,
-244,
-767,
321,
-97,
-3969,
2757,
-2588,
-6882,
1886,
-852,
-10466,
-2472,
4884,
-1192,
-770,
2862,
-2148,
-3269,
689,
-757,
-1861,
288,
-282,
-1173,
-309,
-82,
91,
-125,
-63,
1499,
619,
-1441,
447,
1693,
52,
717,
1096,
-996,
-252,
1335,
-206,
-840,
26,
-109,
-4116,
2932,
-2218,
-6861,
1375,
-1493,
-10901,
-2894,
4332,
-1487,
-701,
2713,
-2625,
-3441,
913,
-598,
-1712,
628,
-14,
-1081,
-195,
-5,
73,
-55,
-26,
1174,
42,
-1921,
125,
1465,
48,
1031,
1484,
-738,
119,
1925,
140,
-935,
-85,
-146,
-4318,
3209,
-1360,
-6556,
587,
-1785,
-9586,
-1342,
4687,
-1765,
-470,
3254,
-2831,
-4251,
772,
48,
-1266,
728,
120,
-1019,
-245,
-23,
84,
50,
61,
1009,
23,
-1403,
576,
1205,
-580,
752,
1724,
-417,
180,
1865,
121,
-868,
155,
-184,
-4405,
3084,
-1451,
-6613,
857,
-1128,
-9584,
-2378,
3957,
-1805,
-887,
2750,
-2415,
-3492,
1031,
24,
-1374,
492,
-92,
-1166,
-347,
-29,
56,
-84,
-89,
960,
245,
-1064,
573,
1073,
-284,
1136,
1654,
-637,
190,
1998,
284,
-654,
393,
-167,
-4368,
3306,
-1061,
-6374,
775,
-1355,
-9818,
-2370,
4544,
-1092,
-758,
2752,
-1900,
-3026,
1020,
81,
-1132,
499,
-183,
-1084,
-258,
-18,
43,
-219,
-318,
856,
288,
-1150,
173,
656,
-389,
1040,
1277,
-913,
165,
1818,
-32,
-787,
336,
-162,
-4297,
3283,
-900,
-6008,
875,
-1481,
-9620,
-1988,
4495,
-1361,
-570,
3169,
-2014,
-3573,
638,
-171,
-1407,
542,
121,
-1059,
-434,
-44,
17,
-205,
-44,
926,
-133,
-1380,
424,
813,
-497,
952,
1239,
-881,
338,
1932,
-105,
-920,
208,
-167,
-4327,
3234,
-887,
-6121,
792,
-1156,
-9578,
-2807,
3757,
-1535,
-824,
2909,
-1987,
-3722,
267,
-395,
-1546,
476,
189,
-1041,
-463,
-40,
27,
-61,
79,
740,
-329,
-1369,
525,
1195,
-96,
717,
864,
-716,
507,
1887,
131,
-663,
60,
-164,
-4336,
3351,
-908,
-6377,
773,
-909,
-9727,
-3181,
4072,
-810,
-744,
2503,
-2059,
-3496,
396,
-320,
-1422,
570,
228,
-1016,
-455,
-51,
37,
-71,
-13,
724,
-159,
-1275,
410,
1078,
-225,
557,
991,
-395,
484,
1582,
20,
-585,
86,
-180,
-4397,
3416,
-1085,
-6499,
1320,
-236,
-9526,
-3095,
4178,
-957,
-1125,
2149,
-1899,
-2780,
778,
-501,
-1343,
872,
113,
-1298,
-518,
-40,
24,
-215,
-285,
708,
88,
-1164,
472,
1348,
37,
528,
724,
-650,
295,
1249,
-338,
-605,
236,
-194,
-4516,
3118,
-1628,
-7127,
944,
-204,
-9419,
-3430,
3485,
-1389,
-1291,
1537,
-3091,
-3865,
212,
-754,
-1532,
726,
56,
-1298,
-521,
-49,
40,
-83,
-30,
818,
43,
-891,
991,
1468,
-86,
740,
996,
-608,
531,
1684,
-191,
-632,
388,
-195,
-4490,
3252,
-966,
-6278,
1082,
-451,
-8806,
-1806,
4931,
-919,
-1121,
2204,
-2553,
-4127,
-103,
-552,
-1319,
912,
623,
-712,
-355,
-65,
44,
-134,
-86,
881,
171,
-900,
782,
1189,
-427,
346,
742,
-887,
-86,
1142,
-207,
-552,
178,
-175,
-4474,
3081,
-1142,
-6381,
581,
-1474,
-9605,
-2075,
4586,
-1394,
-1111,
2547,
-2487,
-4245,
-161,
-766,
-1738,
511,
282,
-981,
-464,
-76,
47,
-114,
-49,
971,
270,
-977,
680,
1477,
108,
669,
985,
-441,
261,
1140,
-256,
-467,
194,
-203,
-4445,
3289,
-873,
-5962,
1192,
-851,
-8831,
-1484,
4265,
-1711,
-187,
3613,
-2339,
-3976,
703,
-205,
-1663,
513,
298,
-874,
-288,
-7,
26,
-159,
-57,
1013,
136,
-1274,
451,
1151,
-295,
524,
773,
-938,
120,
1350,
-396,
-742,
268,
-183,
-4406,
2940,
-1303,
-5869,
1553,
-926,
-9219,
-1577,
4499,
-1670,
-716,
2927,
-2361,
-3536,
675,
-558,
-1654,
599,
68,
-1105,
-346,
-21,
33,
-170,
-72,
1023,
57,
-1255,
898,
1759,
45,
529,
453,
-1319,
124,
1581,
-337,
-733,
374,
-173,
-4416,
2684,
-1651,
-6301,
849,
-1579,
-9382,
-1534,
4221,
-2189,
-1059,
2710,
-2823,
-4040,
665,
-263,
-1588,
497,
16,
-1174,
-422,
-47,
57,
-19,
104,
1049,
136,
-986,
1095,
1908,
488,
1199,
999,
-932,
556,
2013,
-181,
-798,
440,
-180,
-4394,
3263,
-1076,
-6471,
415,
-1323,
-8427,
-779,
4184,
-2328,
-297,
3812,
-2677,
-4497,
866,
496,
-1114,
651,
177,
-1005,
-311,
-8,
51,
18,
119,
881,
-173,
-1267,
894,
1652,
69,
894,
1090,
-799,
316,
1692,
-218,
-736,
354,
-190,
-4566,
3488,
-736,
-6154,
629,
-1651,
-8749,
-194,
5142,
-1643,
174,
3785,
-2921,
-4064,
1451,
348,
-1429,
680,
264,
-903,
-202,
-3,
63,
-23,
24,
904,
-344,
-1693,
839,
1798,
-249,
522,
1208,
-616,
140,
1301,
-507,
-742,
465,
-229,
-4893,
3193,
-963,
-6473,
107,
-2022,
-8516,
126,
4710,
-2477,
-344,
3571,
-2781,
-3580,
1595,
-33,
-1772,
428,
-72,
-1105,
-246,
-23,
68,
-97,
-85,
1003,
-48,
-1316,
993,
1285,
-948,
435,
1249,
-926,
177,
1732,
-526,
-1090,
437,
-296,
-5373,
2921,
-953,
-6189,
557,
-1732,
-8327,
321,
4546,
-2973,
-783,
3126,
-3158,
-3678,
1384,
-376,
-1607,
893,
47,
-1150,
-171,
28,
47,
-168,
-158,
923,
-370,
-1619,
1310,
1793,
-963,
323,
1432,
-844,
159,
1960,
-135,
-680,
774,
-292,
-5629,
2660,
-1004,
-6389,
216,
-1516,
-8137,
-333,
4487,
-1752,
-394,
2327,
-2999,
-2743,
1430,
-603,
-1102,
1492,
291,
-1025,
-131,
30,
25,
-264,
-160,
893,
-528,
-1397,
1779,
1772,
-1097,
588,
1543,
-908,
384,
1956,
-583,
-774,
1064,
-295,
-6036,
1763,
-1379,
-6680,
-724,
-1713,
-7841,
-1527,
2919,
-2072,
-714,
1667,
-3150,
-3214,
414,
-963,
-1022,
1233,
-23,
-1215,
-277,
10,
12,
-246,
-113,
680,
-813,
-1513,
1701,
2036,
-658,
204,
790,
-793,
819,
1915,
-604,
-672,
913,
-303,
-6215,
1184,
-855,
-5635,
-711,
-1006,
-5733,
-549,
2728,
-1744,
-506,
1777,
-1949,
-2043,
483,
-869,
-639,
1120,
-327,
-1246,
-215,
40,
-3,
-217,
16,
691,
-868,
-1407,
1701,
1709,
-1016,
82,
785,
-1112,
129,
1557,
-409,
-602,
721,
-274,
-6394,
191,
-861,
-5014,
-1223,
-924,
-4320,
-363,
1864,
-1975,
-938,
1271,
-1392,
-1529,
506,
-175,
182,
1303,
9,
-683,
-20,
42,
-20,
-338,
-126,
732,
-404,
-980,
1438,
1476,
-537,
657,
1416,
-221,
324,
1030,
-418,
-239,
608,
-246,
-6538,
-263,
-905,
-5193,
-2373,
-1732,
-4353,
-1279,
281,
-2783,
-1429,
596,
-1735,
-1816,
2,
-414,
-33,
704,
-418,
-625,
92,
29,
13,
-257,
-204,
539,
-295,
-595,
1549,
1267,
-773,
310,
987,
-492,
117,
758,
-703,
-546,
405,
-229,
-6674,
-340,
-835,
-5079,
-2030,
-782,
-3279,
-892,
315,
-2406,
-805,
1479,
-341,
-505,
528,
-385,
-51,
634,
-522,
-717,
-10,
-5,
4,
-338,
-215,
563,
-476,
-805,
1536,
1195,
-1008,
174,
952,
-529,
236,
1055,
-451,
-411,
477,
-243,
-6739,
-398,
-740,
-4712,
-1474,
-138,
-2511,
-252,
279,
-3007,
-1208,
1387,
-621,
-973,
123,
-738,
-210,
738,
-496,
-812,
24,
50,
-6,
-274,
-93,
855,
96,
-300,
1881,
1607,
-843,
-41,
860,
-586,
-136,
809,
-343,
-335,
520,
-249,
-6761,
-421,
-812,
-4811,
-1474,
-74,
-2431,
176,
1063,
-2764,
-1911,
683,
-614,
-612,
448,
-561,
-320,
501,
-561,
-790,
-12,
26,
-1,
-257,
11,
1067,
278,
-409,
1478,
1443,
-446,
440,
970,
-680,
-155,
946,
-115,
-235,
449,
-250,
-6807,
-491,
-1200,
-5445,
-1688,
369,
-2040,
-62,
826,
-2108,
-814,
1260,
-367,
-280,
494,
-772,
-230,
714,
-663,
-997,
-90,
3,
17,
-244,
-123,
781,
-8,
-539,
1461,
1354,
-622,
296,
1001,
-346,
195,
933,
-159,
42,
676,
-263,
-6886,
-661,
-1451,
-5217,
-1044,
322,
-2573,
209,
1475,
-2174,
-1227,
871,
-949,
-511,
990,
-269,
-58,
977,
-240,
-661,
85,
50,
2,
-280,
-123,
884,
54,
-576,
1510,
1240,
-1282,
-414,
849,
-255,
165,
945,
-72,
64,
647,
-253,
-7114,
-833,
-1202,
-5156,
-1738,
-68,
-1991,
698,
1326,
-2263,
-1028,
795,
-1661,
-1406,
714,
7,
86,
967,
-154,
-670,
-53,
-13,
27,
-206,
-140,
582,
-425,
-1070,
1112,
1203,
-1028,
-246,
920,
-258,
-36,
831,
82,
137,
565,
-229,
-7169,
-849,
-951,
-4770,
-1433,
209,
-2078,
87,
1110,
-1875,
-1265,
-10,
-1651,
-930,
315,
-890,
-287,
1024,
-57,
-583,
-29,
-29,
37,
-166,
-15,
698,
-368,
-705,
1785,
1562,
-951,
94,
1297,
-214,
27,
1045,
78,
-46,
509,
-234,
-7139,
-639,
-707,
-4638,
-1563,
-319,
-2648,
-312,
334,
-3043,
-1853,
364,
-866,
-203,
806,
-635,
-116,
1081,
-220,
-825,
-163,
-41,
8,
-375,
-266,
722,
-31,
-215,
2238,
1824,
-706,
516,
1588,
-259,
-39,
1137,
233,
139,
636,
-266,
-7155,
-627,
-1079,
-5159,
-1561,
-107,
-2611,
98,
1160,
-2355,
-1100,
1187,
-845,
-910,
409,
-605,
-148,
991,
-288,
-902,
-169,
-21,
12,
-280,
-148,
816,
122,
-274,
1773,
1432,
-657,
721,
1656,
-287,
-4,
1258,
231,
-19,
590,
-259,
-7150,
-694,
-1243,
-5313,
-1559,
81,
-2347,
265,
1109,
-2730,
-1904,
231,
-1333,
-807,
696,
-270,
196,
981,
-698,
-1261,
-297,
-67,
58,
-93,
21,
801,
39,
-169,
2000,
1534,
-624,
753,
1523,
-438,
124,
1404,
38,
-343,
468,
-279,
-7208,
-399,
-1232,
-5582,
-1337,
610,
-1799,
1082,
1678,
-2817,
-1863,
716,
-937,
-631,
689,
-453,
195,
1277,
-391,
-1037,
-159,
-33,
45,
-142,
103,
1129,
209,
-261,
2153,
1852,
-607,
699,
1724,
-213,
82,
1082,
-254,
-333,
490,
-281,
-7262,
-371,
-935,
-5031,
-885,
658,
-2036,
976,
1939,
-2461,
-1787,
710,
-720,
-589,
227,
-855,
283,
1516,
-187,
-727,
107,
30,
32,
-243,
-193,
803,
20,
-423,
2029,
2031,
-250,
726,
1552,
-36,
328,
914,
-401,
-158,
491,
-289,
-7332,
-474,
-1034,
-5116,
-1042,
409,
-2214,
845,
1640,
-2697,
-1533,
1169,
-570,
-509,
606,
-500,
283,
1390,
-206,
-699,
131,
53,
10,
-335,
-335,
701,
112,
-220,
1929,
1530,
-636,
751,
1611,
-122,
486,
1360,
-150,
-185,
530,
-317,
-7450,
-197,
-1078,
-5592,
-1254,
45,
-2959,
824,
2206,
-2960,
-2509,
368,
-1349,
-1236,
561,
-68,
504,
1370,
-254,
-806,
16,
28,
12,
-249,
-21,
1029,
201,
-107,
2285,
1775,
-747,
538,
1538,
-83,
422,
1007,
-554,
-267,
672,
-333,
-7604,
72,
-477,
-4988,
-751,
373,
-2648,
1452,
2897,
-2678,
-2292,
1083,
-317,
-452,
704,
-422,
385,
1764,
59,
-823,
3,
56,
6,
-252,
-157,
839,
142,
-345,
1822,
1564,
-858,
210,
1388,
-119,
-119,
295,
-717,
-69,
797,
-329,
-7559,
141,
-303,
-4778,
-636,
420,
-2902,
516,
1753,
-3108,
-2131,
1073,
-550,
-561,
700,
-513,
116,
1470,
20,
-703,
6,
25,
8,
-259,
24,
1055,
-103,
-808,
1592,
1261,
-1334,
-31,
1276,
-277,
54,
774,
-488,
-184,
617,
-344,
-7724,
-31,
-707,
-5470,
-1401,
-329,
-3513,
142,
1395,
-3484,
-2372,
598,
-1535,
-1526,
143,
-869,
-117,
1355,
-178,
-991,
-217,
-82,
76,
-102,
28,
899,
-350,
-1175,
1334,
1343,
-1142,
-21,
1054,
-628,
-124,
881,
-469,
-374,
571,
-363,
-7392,
566,
-505,
-5687,
-1187,
228,
-3339,
258,
2035,
-2722,
-1933,
914,
-1230,
-1429,
38,
-921,
-12,
1443,
-218,
-1008,
-128,
-26,
62,
-71,
64,
863,
-339,
-1103,
1246,
1127,
-1209,
4,
981,
-626,
19,
851,
-670,
-386,
746,
-396,
-7781,
802,
-148,
-5565,
-737,
739,
-3481,
-127,
1997,
-2474,
-1372,
1716,
-673,
-1227,
206,
-739,
27,
1347,
-303,
-987,
-65,
-10,
64,
-57,
105,
1019,
-85,
-955,
1192,
1098,
-977,
260,
878,
-955,
-235,
639,
-784,
-243,
924,
-440,
-8124,
812,
-244,
-5518,
0,
1333,
-3278,
454,
2411,
-2787,
-1704,
1392,
-1145,
-1200,
214,
-1699,
-1066,
916,
-540,
-1134,
6,
21,
76,
-74,
-107,
876,
-123,
-1167,
1029,
932,
-1639,
-442,
892,
-509,
184,
1007,
-599,
-237,
1033,
-472,
-8299,
760,
-609,
-5820,
305,
1493,
-3376,
774,
2328,
-3785,
-2341,
1073,
-2424,
-2832,
-600,
-2023,
-1260,
969,
-530,
-1315,
-121,
-6,
89,
-67,
-191,
869,
219,
-566,
1550,
1215,
-1449,
-274,
851,
-635,
438,
1568,
-269,
-276,
864,
-501,
-8474,
1163,
-45,
-5257,
1068,
1861,
-3468,
987,
2623,
-3892,
-2569,
745,
-2519,
-1826,
817,
-1579,
-1405,
1011,
-563,
-1446,
-76,
43,
87,
-29,
-206,
843,
152,
-845,
1279,
1189,
-1402,
-194,
993,
-694,
92,
1139,
-693,
-625,
700,
-530,
-8495,
1492,
-209,
-5781,
1085,
1950,
-3566,
1163,
2463,
-4303,
-1883,
1987,
-2080,
-1672,
1062,
-1835,
-1796,
1026,
-438,
-1305,
124,
123,
50,
-245,
-556,
730,
135,
-1015,
1334,
1278,
-1925,
-854,
934,
-456,
193,
1124,
-711,
-492,
966,
-569,
-8674,
1685,
-104,
-6096,
774,
1594,
-4333,
420,
2150,
-4516,
-2095,
1875,
-2476,
-2352,
777,
-1758,
-2067,
448,
-736,
-1296,
130,
87,
85,
-117,
-430,
836,
416,
-629,
1377,
1135,
-1525,
-40,
1358,
-397,
432,
1446,
-655,
-634,
836,
-604,
-9093,
1768,
178,
-5804,
1329,
1813,
-4933,
-144,
2251,
-4250,
-2129,
1610,
-2687,
-2263,
1054,
-1498,
-1642,
1191,
-13,
-1005,
55,
17,
99,
-157,
-459,
845,
315,
-793,
1228,
1057,
-1246,
364,
1101,
-1045,
364,
1811,
-530,
-696,
774,
-624,
-9170,
1997,
224,
-6078,
1198,
1696,
-5175,
-202,
2006,
-5123,
-3007,
1181,
-3047,
-2782,
380,
-2213,
-1967,
1301,
82,
-945,
231,
107,
77,
-180,
-563,
717,
216,
-985,
1133,
1206,
-1184,
315,
1217,
-1035,
72,
1660,
-339,
-473,
838,
-636,
-9057,
2336,
357,
-6184,
1342,
2021,
-4986,
-142,
1944,
-5055,
-2444,
1898,
-2525,
-2135,
1065,
-1988,
-1980,
1420,
93,
-1157,
71,
84,
73,
-199,
-526,
834,
282,
-1009,
1172,
1312,
-1135,
341,
1250,
-999,
180,
1784,
-293,
-372,
1039,
-642,
-9162,
2349,
519,
-5903,
1638,
2115,
-5096,
-250,
1883,
-4957,
-1882,
2689,
-2235,
-2384,
990,
-1639,
-1710,
1253,
-265,
-1332,
79,
95,
78,
-198,
-633,
646,
100,
-1232,
963,
1200,
-1399,
-270,
592,
-1417,
-88,
1563,
-440,
-445,
1062,
-659,
-9272,
2396,
338,
-6260,
1578,
2109,
-5348,
-471,
1725,
-5207,
-2186,
2233,
-2736,
-2545,
1038,
-1720,
-1823,
1212,
-265,
-1264,
117,
70,
98,
-183,
-603,
790,
206,
-1181,
1083,
1295,
-1088,
559,
1331,
-1231,
86,
1870,
-411,
-504,
1174,
-669,
-9224,
2673,
725,
-6134,
1524,
2217,
-5166,
-164,
2425,
-4557,
-1890,
2787,
-2003,
-2487,
651,
-1794,
-1643,
1457,
116,
-925,
236,
59,
130,
-83,
-687,
501,
114,
-1136,
886,
1021,
-1319,
171,
1006,
-1399,
-308,
1419,
-555,
-641,
924,
-665,
-9342,
2425,
269,
-6606,
1215,
2019,
-5172,
-38,
2350,
-4599,
-1519,
3041,
-2322,
-2886,
474,
-2068,
-2144,
883,
-358,
-1143,
211,
59,
138,
-46,
-601,
664,
220,
-1242,
591,
631,
-1696,
-115,
828,
-1388,
-174,
1382,
-703,
-536,
1210,
-679,
-9468,
2371,
98,
-6907,
1279,
2459,
-4962,
174,
3109,
-4104,
-2049,
2286,
-2742,
-3382,
43,
-2073,
-2052,
906,
-243,
-1081,
159,
46,
128,
-62,
-553,
755,
377,
-1151,
434,
649,
-1071,
667,
1270,
-1129,
104,
1693,
-384,
-368,
1189,
-683,
-9371,
2726,
723,
-6387,
1593,
2970,
-4454,
41,
2888,
-3426,
-1043,
2653,
-2555,
-2805,
515,
-2009,
-2031,
1003,
-173,
-999,
216,
45,
130,
-114,
-634,
774,
355,
-1253,
570,
915,
-1114,
526,
1418,
-951,
106,
1729,
-409,
-726,
705,
-694,
-9503,
2697,
665,
-6300,
2050,
3400,
-4299,
27,
2467,
-4137,
-1333,
2787,
-2381,
-2350,
1240,
-1544,
-1810,
1241,
-66,
-1039,
211,
42,
160,
54,
-488,
787,
383,
-1178,
571,
836,
-1205,
444,
1326,
-1149,
-275,
1403,
-288,
-255,
1012,
-699,
-9544,
2665,
527,
-6523,
1862,
3220,
-4308,
450,
2980,
-4008,
-1253,
3321,
-1536,
-1475,
1972,
-1285,
-2003,
1162,
186,
-808,
249,
28,
169,
99,
-397,
812,
316,
-1082,
966,
1254,
-965,
623,
1396,
-1261,
-191,
1835,
-68,
-459,
871,
-703,
-9620,
2550,
297,
-7003,
1006,
2112,
-5205,
134,
3246,
-3472,
-1142,
2525,
-2599,
-1879,
2094,
-1184,
-1957,
1175,
46,
-981,
208,
57,
138,
9,
-406,
839,
64,
-1570,
643,
1088,
-1156,
565,
1429,
-1469,
-554,
1621,
-112,
-378,
1015,
-693,
-9532,
2662,
450,
-6656,
1551,
2686,
-4618,
574,
3257,
-3557,
-1004,
2323,
-3349,
-2486,
1685,
-1851,
-2498,
1194,
213,
-965,
225,
77,
145,
112,
-228,
1042,
264,
-1400,
911,
1396,
-1212,
216,
1320,
-1389,
-627,
1606,
66,
-322,
981,
-705,
-9450,
2881,
682,
-6330,
2220,
3334,
-4584,
294,
3167,
-3772,
-1378,
2507,
-2731,
-2302,
1585,
-1611,
-2190,
1201,
186,
-890,
236,
44,
168,
139,
-363,
713,
107,
-1136,
1250,
1640,
-819,
538,
1333,
-1161,
-31,
1872,
-106,
-414,
960,
-704,
-9631,
2637,
359,
-6862,
1751,
3564,
-3838,
640,
3054,
-3629,
-1004,
2479,
-3242,
-2809,
1459,
-1409,
-2043,
1075,
-3,
-917,
303,
81,
146,
66,
-398,
806,
263,
-1009,
1378,
1766,
-778,
526,
1365,
-1136,
-164,
1539,
-509,
-705,
797,
-693,
-9719,
2353,
23,
-7243,
1053,
2845,
-3819,
1212,
3267,
-3857,
-1073,
2778,
-2752,
-2460,
1384,
-1691,
-2183,
967,
-209,
-1094,
218,
68,
135,
36,
-274,
980,
161,
-1129,
1483,
1608,
-1217,
419,
1432,
-1322,
-281,
1725,
-193,
-259,
1201,
-699,
-9698,
2622,
544,
-6733,
1313,
2769,
-4287,
393,
2351,
-4586,
-1488,
2706,
-2532,
-2169,
1539,
-1510,
-1632,
1817,
507,
-724,
324,
51,
170,
136,
-269,
961,
225,
-1260,
1012,
1142,
-1426,
458,
1684,
-1082,
-275,
1664,
-155,
-246,
1165,
-714,
-9661,
2815,
587,
-6731,
1816,
3515,
-3908,
661,
2818,
-4419,
-1955,
1995,
-3104,
-2512,
1410,
-1589,
-1822,
1617,
415,
-782,
275,
57,
145,
43,
-306,
967,
170,
-1242,
1198,
1243,
-1563,
310,
1715,
-934,
-91,
1825,
-129,
-353,
1092,
