-1193,
-14588,
4470,
2108,
-9289,
2479,
5238,
-6527,
-140,
5305,
-4918,
-2654,
4814,
-1808,
-3393,
2732,
324,
-1907,
1243,
422,
-1062,
134,
99,
124,
-64,
-721,
658,
200,
-1646,
517,
989,
-1799,
31,
1916,
-677,
-195,
1647,
-388,
-729,
830,
-1180,
-14621,
4387,
2305,
-9195,
1766,
4235,
-7127,
-769,
4470,
-5461,
-3072,
4225,
-2051,
-3156,
2727,
-111,
-2229,
1194,
380,
-1137,
119,
100,
136,
5,
-676,
662,
298,
-1453,
727,
1219,
-1764,
-454,
1094,
-1316,
-477,
1532,
-533,
-919,
736,
-1187,
-14543,
4678,
2675,
-8702,
2477,
4863,
-6702,
-410,
4585,
-5573,
-3057,
4260,
-1997,
-2502,
3778,
314,
-2490,
1032,
532,
-973,
165,
99,
132,
-60,
-756,
788,
632,
-1132,
953,
1315,
-1813,
-429,
1271,
-1194,
-369,
1752,
-418,
-961,
843,
-1180,
-14453,
4404,
2066,
-9204,
2401,
4962,
-6901,
-646,
4860,
-5266,
-3394,
3826,
-1913,
-2277,
3899,
583,
-2191,
1106,
523,
-920,
200,
84,
156,
17,
-700,
898,
874,
-990,
1009,
1785,
-1014,
44,
1546,
-654,
104,
1911,
-193,
-700,
806,
-1201,
-14723,
4614,
2438,
-9375,
1723,
4254,
-7354,
-719,
5050,
-5114,
-3271,
4022,
-1999,
-2931,
3053,
-12,
-2532,
932,
505,
-860,
281,
141,
125,
14,
-581,
899,
650,
-1194,
793,
1327,
-1447,
-65,
1420,
-1066,
-258,
1828,
-200,
-749,
777,
-1176,
-14624,
4099,
1725,
-9669,
1475,
3524,
-8321,
-1452,
4622,
-5417,
-3491,
3882,
-2415,
-3887,
2091,
-346,
-2423,
1042,
537,
-905,
162,
78,
147,
35,
-597,
840,
616,
-1163,
660,
945,
-1691,
58,
1677,
-776,
151,
2190,
-82,
-760,
788,
-1194,
-14383,
4663,
2237,
-9252,
2278,
4826,
-6825,
-242,
5235,
-4969,
-2949,
3998,
-2480,
-3355,
2680,
-345,
-2343,
1456,
672,
-995,
218,
136,
136,
48,
-665,
652,
407,
-1345,
549,
939,
-1604,
78,
1363,
-1402,
-477,
1737,
-237,
-603,
931,
-1170,
-14275,
4436,
2087,
-9062,
2382,
4689,
-7011,
-407,
5201,
-4934,
-3093,
3789,
-2649,
-3693,
2415,
-149,
-2135,
1190,
305,
-1082,
251,
141,
134,
31,
-601,
946,
829,
-973,
982,
1538,
-1139,
165,
1298,
-1353,
-282,
2033,
-13,
-606,
861,
-1186,
-14564,
4405,
2149,
-9161,
2324,
4772,
-7024,
-554,
5131,
-4820,
-2829,
4161,
-2242,
-3433,
2351,
-474,
-2487,
925,
122,
-1167,
250,
162,
111,
-90,
-843,
569,
410,
-1148,
1085,
1494,
-1392,
248,
1813,
-967,
-298,
1747,
-454,
-975,
765,
-1179,
-14740,
4125,
1876,
-9562,
1650,
4039,
-7729,
-1366,
4271,
-5822,
-4101,
3290,
-2024,
-2735,
2544,
-745,
-2682,
882,
11,
-1375,
67,
75,
166,
58,
-798,
566,
579,
-1044,
968,
1664,
-836,
687,
2293,
-221,
22,
1559,
-172,
-181,
1249,
-1211,
-14697,
4626,
2272,
-9358,
2444,
5293,
-6667,
-356,
5347,
-4873,
-3117,
4141,
-1748,
-2597,
3018,
-374,
-2480,
1429,
673,
-1113,
113,
122,
140,
96,
-655,
516,
301,
-1331,
573,
1007,
-1551,
66,
1649,
-807,
-229,
1577,
-196,
-315,
1078,
-1168,
-14310,
4343,
1997,
-9211,
2391,
5202,
-6519,
-497,
5105,
-4755,
-3282,
3461,
-2176,
-2660,
2934,
-431,
-2553,
1212,
572,
-959,
291,
184,
110,
13,
-681,
684,
647,
-979,
927,
1504,
-1106,
118,
1463,
-810,
81,
2017,
52,
-340,
1073,
-1164,
-14336,
4263,
1991,
-9218,
1901,
4250,
-6987,
-78,
5603,
-4622,
-3042,
3863,
-2046,
-2657,
3252,
101,
-2173,
1390,
693,
-875,
312,
193,
93,
-64,
-746,
591,
398,
-1219,
864,
1443,
-1200,
251,
1844,
-447,
208,
1870,
-142,
-332,
1212,
-1170,
-14372,
4293,
1973,
-9284,
1874,
4120,
-7312,
-491,
5142,
-4980,
-3085,
3908,
-2265,
-3109,
2660,
-527,
-2530,
1322,
576,
-1077,
203,
163,
113,
-19,
-760,
546,
360,
-1276,
866,
1378,
-1603,
-209,
1669,
-710,
-348,
1457,
-401,
-801,
737,
-1189,
-14747,
4303,
2146,
-9316,
1998,
4582,
-7066,
-616,
5219,
-4474,
-2531,
4130,
-2472,
-3466,
2626,
-220,
-2283,
1377,
591,
-1072,
174,
144,
121,
-7,
-758,
607,
551,
-1162,
699,
1291,
-1219,
247,
1606,
-1187,
-766,
1277,
-497,
-974,
560,
-1181,
-14638,
4366,
2238,
-9250,
1763,
4187,
-7166,
-642,
4699,
-5176,
-2672,
4573,
-1861,
-2960,
2744,
-565,
-2675,
1315,
751,
-973,
152,
124,
119,
-27,
-673,
762,
415,
-1604,
395,
1245,
-1225,
307,
1888,
-741,
-356,
1509,
-343,
-715,
806,
-1197,
-14807,
4318,
2157,
-9301,
1974,
4344,
-7311,
-698,
4840,
-5250,
-3072,
4049,
-2338,
-3202,
2788,
-425,
-2610,
1249,
609,
-1051,
152,
118,
133,
7,
-713,
648,
306,
-1599,
596,
1461,
-1278,
49,
1668,
-838,
-313,
1616,
-391,
-947,
602,
-1216,
-15058,
4354,
2129,
-9652,
1727,
4222,
-7757,
-1236,
4758,
-5091,
-3153,
3831,
-2444,
-3319,
2586,
-542,
-2692,
974,
252,
-1218,
149,
124,
139,
47,
-662,
726,
562,
-1146,
876,
1371,
-1361,
87,
1427,
-1273,
-469,
1702,
-271,
-770,
681,
-1173,
-14610,
4334,
2242,
-9315,
1660,
4340,
-6964,
-444,
5499,
-4324,
-3147,
3319,
-2393,
-2950,
2690,
-338,
-2228,
1401,
592,
-963,
273,
162,
126,
74,
-585,
695,
456,
-1289,
527,
984,
-1439,
186,
1419,
-1480,
-867,
1402,
-164,
-422,
1004,
-1164,
-14631,
4314,
2364,
-9190,
1748,
4839,
-6155,
-70,
5566,
-3783,
-2224,
4010,
-2028,
-2788,
2581,
-664,
-2528,
1226,
399,
-1256,
32,
90,
148,
119,
-564,
606,
313,
-1243,
850,
1220,
-1764,
-473,
1139,
-1366,
-934,
1123,
-373,
-658,
743,
-1162,
-14394,
4355,
2265,
-9036,
1870,
4336,
-6792,
-326,
5003,
-4873,
-3088,
3415,
-2660,
-3128,
2506,
-1004,
-3078,
887,
373,
-1120,
147,
130,
118,
7,
-584,
748,
363,
-1215,
1161,
1665,
-1349,
-61,
1393,
-1153,
-520,
1309,
-621,
-755,
903,
-1140,
-14244,
4099,
1983,
-8877,
2131,
4115,
-7654,
-1475,
4065,
-5584,
-3693,
3210,
-2520,
-3196,
2359,
-741,
-2736,
875,
325,
-931,
344,
186,
102,
-9,
-512,
882,
313,
-1535,
834,
1534,
-1229,
495,
2269,
-553,
-308,
1612,
-231,
-596,
949,
-1168,
-14422,
4273,
2074,
-9061,
2227,
4536,
-7199,
-842,
4722,
-5217,
-3326,
3465,
-3021,
-3952,
2382,
-194,
-2368,
1052,
343,
-1114,
196,
161,
109,
5,
-613,
744,
428,
-1423,
560,
1222,
-1285,
389,
2026,
-788,
-609,
1361,
-198,
-457,
964,
-1183,
-14633,
4312,
2147,
-9298,
1753,
4066,
-7477,
-877,
4851,
-4905,
-2908,
3723,
-2828,
-3608,
2549,
-429,
-2602,
1042,
386,
-1050,
279,
176,
120,
19,
-753,
502,
333,
-1315,
720,
1329,
-1318,
58,
1576,
-750,
-31,
1726,
-318,
-582,
1021,
-1180,
-14536,
4424,
2284,
-9137,
1860,
3960,
-7824,
-1068,
5179,
-4470,
-2864,
3789,
-2219,
-2801,
3043,
-254,
-2596,
1026,
477,
-934,
315,
184,
112,
18,
-708,
393,
3,
-1482,
834,
1342,
-1481,
7,
1647,
-715,
-59,
1564,
-698,
-1046,
674,
-1191,
-14475,
4532,
2153,
-9296,
2131,
4423,
-7457,
-708,
5317,
-4562,
-2583,
4403,
-2017,
-3117,
2643,
-535,
-2715,
986,
345,
-1106,
231,
161,
127,
59,
-674,
519,
282,
-1249,
880,
1382,
-1324,
-21,
1153,
-1405,
-536,
1380,
-539,
-541,
1148,
-1154,
-14412,
4164,
2116,
-9029,
1965,
4515,
-6737,
-465,
5123,
-4319,
-2401,
4010,
-2526,
-3608,
2174,
-649,
-2566,
1092,
380,
-1184,
86,
117,
123,
1,
-733,
515,
383,
-1181,
731,
1260,
-1197,
186,
1462,
-827,
193,
2121,
-15,
-567,
819,
-1158,
-14319,
4281,
2132,
-8963,
2193,
4618,
-6770,
-431,
4907,
-4907,
-2832,
3796,
-2803,
-3568,
2646,
-506,
-2954,
823,
436,
-1098,
126,
146,
101,
-42,
-697,
679,
566,
-1126,
698,
1124,
-1551,
-74,
1670,
-673,
-372,
1258,
-449,
-636,
772,
-1125,
-14142,
3854,
1694,
-8964,
1926,
3948,
-7192,
-564,
4989,
-4429,
-2406,
3916,
-2297,
-2686,
3092,
-336,
-2528,
1239,
688,
-817,
292,
149,
112,
-57,
-686,
728,
400,
-1301,
821,
1072,
-1985,
-346,
1529,
-1007,
-529,
1413,
-422,
-713,
830,
-1103,
-14096,
3853,
2102,
-8400,
2075,
4131,
-6895,
-967,
4215,
-4660,
-2423,
3708,
-2427,
-2866,
2787,
-323,
-2329,
1146,
495,
-834,
311,
140,
111,
-91,
-685,
786,
350,
-1476,
778,
1352,
-1491,
139,
1936,
-695,
-413,
1319,
-591,
-820,
867,
-1134,
-13995,
4177,
2012,
-8416,
3102,
5177,
-6783,
-880,
4380,
-5189,
-2906,
3968,
-2284,
-3195,
2622,
-244,
-2294,
1155,
502,
-857,
267,
87,
162,
41,
-705,
724,
549,
-1202,
872,
1585,
-894,
690,
2203,
-412,
-68,
1491,
-450,
-590,
924,
-1140,
-14118,
4287,
2325,
-8477,
2582,
4966,
-6450,
-360,
5201,
-4151,
-2398,
3887,
-2247,
-2932,
2624,
-662,
-2785,
925,
430,
-977,
205,
123,
124,
-30,
-716,
706,
570,
-1130,
765,
1185,
-1472,
64,
1626,
-878,
-362,
1373,
-603,
-856,
784,
-834,
-11729,
3061,
302,
-8369,
1926,
3174,
-6619,
60,
4531,
-4504,
-1787,
4546,
-1581,
-1826,
4062,
282,
-2842,
1010,
1301,
-681,
-335,
-71,
74,
-233,
-262,
1366,
420,
-1468,
673,
683,
-1908,
768,
2684,
-1023,
-1369,
991,
-233,
-652,
694,
-555,
-9529,
1643,
649,
-5982,
367,
1904,
-4318,
-597,
2312,
-2606,
-654,
2680,
-783,
279,
3443,
-167,
-1830,
1010,
797,
-589,
-371,
-190,
102,
-252,
-145,
1505,
461,
-1420,
467,
452,
-1796,
821,
2776,
-738,
-1576,
633,
12,
-518,
468,
-536,
-8245,
3840,
3737,
-3199,
1821,
2608,
-4329,
-2260,
-256,
-4715,
-2802,
85,
-2824,
-973,
2373,
-880,
-1932,
1097,
874,
-382,
-161,
-141,
104,
-247,
-278,
1312,
522,
-1179,
523,
424,
-1601,
1109,
3011,
-426,
-1277,
707,
-21,
-483,
531,
-491,
-7389,
4075,
1690,
-4580,
3213,
1926,
-8293,
-4357,
-1071,
-7342,
-3858,
2353,
-1140,
-1062,
1929,
-1958,
-3294,
464,
592,
-563,
-139,
-188,
198,
-99,
-665,
1133,
1525,
167,
1077,
463,
-1282,
1582,
3021,
-335,
-276,
1708,
40,
-541,
899,
-387,
-6541,
4227,
637,
-4957,
4072,
1588,
-9434,
-3793,
-254,
-7879,
-3633,
3720,
-452,
-577,
2758,
-1785,
-3350,
972,
955,
-571,
-87,
-168,
222,
-99,
-958,
855,
1320,
-434,
431,
165,
-1741,
915,
2546,
-803,
-715,
1672,
159,
-634,
719,
-412,
-6363,
4991,
1170,
-5178,
3975,
1882,
-9426,
-3595,
949,
-6602,
-3336,
3707,
-129,
-570,
2047,
-2508,
-3377,
1438,
1228,
-662,
-161,
-138,
206,
-5,
-775,
729,
895,
-739,
433,
462,
-1296,
1218,
2689,
-688,
-781,
1425,
80,
-544,
676,
-392,
-6197,
4965,
882,
-5799,
3000,
755,
-10344,
-3728,
1653,
-6113,
-3660,
3123,
-832,
-1445,
1688,
-2278,
-3284,
1367,
1173,
-876,
-330,
-125,
183,
30,
-786,
390,
729,
-475,
542,
443,
-1141,
1181,
2557,
-463,
-598,
1311,
161,
-227,
868,
-380,
-6011,
4745,
461,
-6595,
1698,
189,
-9508,
-2771,
1795,
-6495,
-4358,
2338,
-1181,
-1304,
1914,
-2299,
-3668,
763,
633,
-1124,
-269,
-47,
173,
153,
-741,
124,
727,
32,
837,
392,
-829,
1886,
2941,
-621,
-730,
1574,
359,
-428,
738,
-376,
-5827,
5226,
502,
-7111,
1470,
576,
-8574,
-1568,
2485,
-6290,
-3833,
2987,
-790,
-701,
2582,
-2138,
-3628,
1003,
740,
-1077,
-88,
45,
153,
138,
-903,
-257,
370,
29,
1071,
206,
-1497,
1526,
2978,
-854,
-1174,
1368,
225,
-707,
529,
-390,
-5787,
5219,
285,
-7545,
1404,
1388,
-7785,
-2047,
1560,
-6012,
-2892,
3098,
-1212,
-770,
2623,
-2205,
-3462,
1318,
870,
-1090,
-112,
37,
148,
96,
-855,
0,
575,
-39,
1033,
492,
-1256,
1198,
2439,
-788,
-702,
1434,
17,
-616,
742,
-398,
-5834,
5007,
140,
-7599,
1413,
1552,
-7932,
-2619,
1595,
-5282,
-2704,
2640,
-1501,
-862,
2560,
-2217,
-3616,
1213,
1127,
-888,
-225,
-30,
138,
-12,
-812,
265,
796,
-1,
946,
488,
-1068,
1274,
2194,
-1016,
-608,
1674,
157,
-541,
855,
-398,
-5825,
5102,
-232,
-8301,
1387,
1992,
-8188,
-3196,
1813,
-4973,
-3511,
1532,
-1707,
-789,
2169,
-2535,
-3699,
862,
771,
-848,
-154,
-77,
169,
3,
-691,
604,
842,
-153,
1414,
1202,
-1100,
927,
2439,
-449,
-390,
1567,
193,
-198,
1122,
-417,
-5860,
4985,
159,
-8039,
775,
1905,
-7129,
-2476,
2067,
-4574,
-3872,
683,
-1491,
-288,
1705,
-2762,
-3025,
1182,
492,
-916,
-19,
-36,
158,
-24,
-607,
692,
497,
-620,
1510,
1401,
-1480,
581,
2679,
-270,
-643,
1385,
231,
-221,
1067,
-396,
-5753,
4996,
-218,
-8470,
868,
2380,
-6662,
-2219,
1951,
-4721,
-3650,
718,
-2001,
-527,
2127,
-2438,
-3264,
775,
408,
-677,
164,
-37,
187,
1,
-720,
609,
531,
-636,
1384,
1250,
-1484,
775,
2755,
-489,
-788,
1549,
437,
-195,
973,
-383,
-5703,
4883,
-483,
-8648,
883,
2317,
-6903,
-2155,
2450,
-4556,
-4046,
605,
-1701,
-663,
1533,
-2732,
-3156,
903,
422,
-734,
145,
1,
162,
80,
-422,
645,
151,
-824,
1539,
1341,
-1455,
852,
2712,
-573,
-729,
1645,
479,
-218,
848,
-364,
-5726,
4514,
-454,
-8473,
309,
1756,
-6914,
-2297,
2674,
-3696,
-4260,
-737,
-1980,
158,
1686,
-3300,
-3499,
843,
384,
-755,
149,
3,
168,
161,
-278,
633,
-55,
-911,
1722,
1540,
-1471,
813,
2912,
-388,
-853,
1535,
629,
-143,
720,
-376,
-5743,
4718,
-59,
-8534,
-265,
1882,
-5931,
-2067,
2083,
-3392,
-3243,
-520,
-2223,
334,
1849,
-3316,
-3305,
998,
353,
-682,
218,
-25,
181,
56,
-436,
694,
-72,
-1131,
1671,
1451,
-1868,
622,
3099,
-324,
-1059,
1217,
323,
-233,
770,
-369,
-5785,
4851,
-12,
-8572,
-234,
1762,
-5848,
-1191,
2796,
-3988,
-4150,
-354,
-1529,
468,
1547,
-3487,
-3337,
950,
365,
-618,
220,
-31,
165,
-32,
-399,
893,
-70,
-1361,
1527,
1522,
-1592,
767,
2617,
-930,
-887,
1676,
188,
-560,
762,
-399,
-5979,
4822,
32,
-8874,
-632,
1820,
-5916,
-1933,
2337,
-3644,
-3978,
-858,
-2372,
-477,
954,
-3534,
-3504,
503,
211,
-569,
137,
-78,
157,
-63,
-248,
1123,
151,
-919,
1864,
1398,
-1558,
1231,
2835,
-989,
-712,
1840,
79,
-506,
1102,
-425,
-6051,
5212,
451,
-8494,
-104,
1844,
-6057,
-1031,
3169,
-4301,
-4323,
450,
-1283,
-584,
822,
-3366,
-3303,
895,
400,
-798,
87,
35,
106,
-19,
-272,
745,
-71,
-944,
1533,
1076,
-1611,
1046,
2665,
-951,
-969,
1391,
54,
-387,
895,
-447,
-6196,
5028,
407,
-8124,
566,
2103,
-6586,
-1727,
3003,
-3923,
-3824,
336,
-2203,
-1022,
1636,
-2803,
-4009,
207,
554,
-573,
21,
-18,
120,
-32,
-457,
518,
137,
-618,
1278,
824,
-1144,
1530,
2590,
-1134,
-1022,
1366,
117,
-315,
912,
-414,
-6119,
5187,
216,
-8538,
404,
2196,
-6080,
-962,
3041,
-4572,
-4335,
-390,
-2973,
-349,
3285,
-2232,
-4535,
-142,
535,
-595,
-3,
-27,
125,
-60,
-532,
542,
235,
-540,
1382,
755,
-1462,
1447,
2792,
-1226,
-1414,
1139,
115,
-191,
1174,
-399,
-6188,
5247,
104,
-8769,
532,
2484,
-6072,
-920,
3316,
-4665,
-5005,
-932,
-2988,
-243,
3271,
-2187,
-4540,
-402,
309,
-548,
78,
-35,
143,
-17,
-444,
668,
178,
-814,
1203,
830,
-1331,
1467,
2934,
-719,
-1005,
922,
-306,
-299,
1158,
-427,
-6288,
5460,
758,
-8532,
-106,
2080,
-5627,
-420,
3525,
-4406,
-4582,
-339,
-2572,
-450,
2978,
-2001,
-4432,
-657,
229,
-376,
191,
-6,
131,
3,
-371,
605,
45,
-814,
1118,
541,
-1599,
1167,
2580,
-768,
-744,
1077,
-391,
-489,
978,
-476,
-6455,
5682,
1438,
-8196,
-402,
2027,
-5365,
-647,
3243,
-3982,
-4133,
-417,
-2612,
-286,
3031,
-1900,
-4150,
-426,
315,
-408,
84,
-45,
120,
-109,
-443,
648,
36,
-832,
1193,
491,
-1830,
1064,
2606,
-877,
-836,
1237,
-250,
-642,
704,
-486,
-6602,
5870,
1249,
-8776,
-390,
2324,
-5655,
-1057,
3229,
-4042,
-4528,
-991,
-3109,
-437,
3071,
-2003,
-4248,
-407,
161,
-768,
-185,
-112,
122,
-198,
-509,
888,
409,
-758,
1100,
680,
-1333,
1539,
2785,
-982,
-929,
1367,
-21,
-516,
715,
-475,
-6706,
5887,
1203,
-8916,
-639,
1806,
-5849,
-204,
4434,
-3644,
-5037,
-1784,
-3513,
-340,
3117,
-2041,
-3927,
-110,
-46,
-1049,
-240,
-129,
144,
-175,
-522,
1058,
600,
-880,
1005,
917,
-1193,
1229,
2285,
-1167,
-593,
1834,
122,
-595,
676,
-482,
-6725,
5973,
1821,
-8273,
-553,
2011,
-5352,
67,
5108,
-2378,
-4394,
-1615,
-2773,
406,
3415,
-1406,
-3100,
188,
54,
-846,
-195,
-158,
136,
-313,
-706,
877,
338,
-1105,
864,
815,
-1239,
982,
1714,
-1586,
-711,
1576,
-294,
-874,
484,
-516,
-6965,
6363,
2497,
-8329,
-1330,
1460,
-5454,
-174,
4692,
-2356,
-3779,
-1029,
-2900,
-345,
2862,
-1379,
-3022,
29,
17,
-702,
-149,
-189,
162,
-236,
-670,
736,
220,
-861,
1131,
776,
-1101,
1350,
1721,
-1669,
-372,
1826,
-467,
-1027,
437,
-511,
-6975,
6651,
2598,
-8581,
-1574,
1216,
-5454,
377,
4891,
-3163,
-4499,
-870,
-2628,
-663,
2258,
-1570,
-2607,
400,
-107,
-907,
-144,
-163,
159,
-221,
-554,
944,
72,
-1340,
1168,
1227,
-1143,
1148,
2031,
-1365,
-418,
1797,
-554,
-1201,
587,
-523,
-6969,
6865,
2463,
-8647,
-1070,
941,
-6734,
58,
5472,
-3294,
-4709,
-265,
-2234,
-926,
1874,
-2130,
-3065,
608,
223,
-968,
-196,
-115,
146,
-110,
-404,
975,
114,
-1470,
862,
1354,
-769,
903,
1509,
-1279,
-74,
1779,
-594,
-975,
714,
-535,
-7049,
6951,
2922,
-8304,
-1240,
860,
-6598,
-417,
4559,
-3577,
-4302,
216,
-1927,
-902,
1758,
-1960,
-2774,
535,
12,
-901,
-43,
-99,
166,
-78,
-460,
1012,
311,
-1521,
446,
1160,
-501,
1070,
1313,
-1479,
-152,
1707,
-546,
-793,
789,
-524,
-7013,
6819,
2470,
-8594,
-1226,
429,
-7349,
-660,
4481,
-3890,
-4274,
354,
-2518,
-1824,
1293,
-2012,
-2674,
544,
-246,
-1146,
-57,
-73,
165,
-45,
-362,
1285,
624,
-1412,
497,
1181,
-741,
877,
1612,
-938,
287,
2057,
-383,
-873,
737,
-521,
-6985,
7046,
2692,
-8546,
-1161,
631,
-7124,
-509,
4567,
-3679,
-3752,
889,
-2386,
-1858,
1470,
-1806,
-2578,
785,
78,
-1046,
-75,
-43,
134,
-67,
-319,
1125,
332,
-1495,
397,
837,
-974,
807,
1427,
-1028,
398,
1978,
-594,
-867,
775,
-527,
-7030,
7102,
2542,
-8611,
-689,
841,
-7802,
-1182,
4482,
-3647,
-3775,
781,
-2851,
-2308,
1585,
-1480,
-2494,
781,
97,
-1078,
-110,
-55,
147,
-26,
-382,
945,
282,
-1316,
608,
857,
-1095,
892,
1798,
-828,
252,
1917,
-418,
-759,
765,
-534,
-7102,
6874,
2590,
-8229,
-583,
635,
-7861,
-1371,
3755,
-4387,
-3990,
783,
-2962,
-2364,
1730,
-1225,
-2277,
812,
-39,
-1184,
-117,
-49,
146,
-62,
-538,
786,
354,
-1080,
739,
902,
-895,
1191,
1871,
-1066,
-77,
1683,
-438,
-515,
1060,
-544,
-7123,
6540,
2508,
-8125,
-652,
953,
-7462,
-1830,
3276,
-4066,
-3693,
932,
-2572,
-2418,
1304,
-1045,
-1820,
937,
151,
-888,
-54,
-65,
135,
-106,
-461,
829,
208,
-1108,
884,
933,
-985,
1049,
1612,
-1361,
-248,
1669,
-388,
-522,
1008,
-614,
-7740,
6804,
2851,
-8191,
-561,
1032,
-7062,
-655,
3784,
-4684,
-3927,
667,
-3858,
-3218,
1738,
-708,
-1807,
1128,
176,
-1036,
-39,
-28,
136,
-63,
-413,
923,
278,
-1031,
1168,
1058,
-1274,
996,
1980,
-1146,
-152,
1856,
-440,
-816,
841,
-698,
-8344,
6393,
3388,
-7109,
193,
1749,
-6178,
-255,
3959,
-3959,
-3196,
711,
-3960,
-3035,
1775,
-950,
-1859,
1359,
291,
-1088,
2,
39,
109,
-80,
-491,
853,
569,
-650,
1102,
894,
-1180,
895,
1559,
-1376,
-32,
2118,
-188,
-670,
907,
-666,
-8192,
6664,
3676,
-6971,
281,
1799,
-6688,
-1356,
3157,
-4293,
-3725,
255,
-3680,
-2482,
1943,
-1063,
-2111,
1060,
234,
-987,
-38,
-29,
128,
-158,
-653,
843,
743,
-517,
1049,
859,
-993,
992,
1241,
-1843,
-324,
1967,
-217,
-582,
981,
-630,
-8020,
7241,
3795,
-7243,
705,
2547,
-6427,
-1227,
3168,
-4700,
-4035,
124,
-4125,
-2871,
2011,
-931,
-2036,
1201,
238,
-1093,
-38,
-2,
122,
-157,
-668,
823,
614,
-753,
1122,
1225,
-983,
711,
1335,
-1522,
-282,
1954,
-18,
-460,
900,
-687,
-8382,
6944,
3737,
-6879,
1151,
2427,
-6709,
-1059,
3227,
-4700,
-2989,
1641,
-3720,
-3241,
1806,
-1402,
-2969,
530,
18,
-1152,
-3,
36,
120,
-70,
-563,
850,
688,
-666,
1017,
948,
-1208,
705,
1500,
-1355,
-75,
2320,
326,
-379,
777,
-731,
-8717,
6811,
3779,
-6531,
1860,
2875,
-6658,
-805,
3364,
-5390,
-3764,
1891,
-2793,
-2652,
1836,
-1442,
-2810,
646,
-1,
-1058,
151,
51,
154,
22,
-640,
657,
499,
-896,
940,
1153,
-1080,
579,
1439,
-1174,
138,
2288,
27,
-665,
659,
-835,
-9553,
6098,
3468,
-6672,
1604,
2517,
-6947,
-967,
3224,
-5523,
-3688,
2168,
-2752,
-2949,
1737,
-1179,
-2643,
638,
53,
-1096,
-44,
-32,
166,
74,
-336,
1015,
552,
-892,
1164,
1470,
-640,
1128,
1832,
-928,
297,
2195,
-154,
-630,
799,
-888,
-10139,
5580,
3401,
-5959,
2695,
3057,
-6790,
-469,
3600,
-5648,
-3496,
2768,
-2537,
-2874,
2265,
-555,
-2251,
930,
253,
-934,
139,
33,
156,
18,
-566,
832,
436,
-1313,
855,
1684,
-799,
345,
1624,
-511,
256,
1823,
-220,
-626,
696,
-905,
-10495,
5283,
3263,
-6168,
2510,
3226,
-6712,
-861,
3537,
-5114,
-3459,
2042,
-3161,
-3276,
1773,
-867,
-2274,
948,
355,
-732,
220,
14,
177,
85,
-424,
1020,
632,
-1027,
1109,
1743,
-662,
630,
1518,
-1059,
-58,
1933,
-34,
-424,
907,
-917,
-10868,
4837,
2837,
-6408,
2623,
3566,
-6353,
-414,
4130,
-4540,
-2952,
2441,
-3212,
-3901,
1013,
-1468,
-2906,
219,
-217,
-991,
190,
42,
153,
25,
-490,
866,
305,
-1408,
953,
1922,
-297,
1100,
2128,
-517,
129,
1887,
-19,
-350,
919,
-945,
-11356,
4657,
2664,
-6771,
2441,
3571,
-6259,
-333,
3514,
-5772,
-3387,
3143,
-2440,
-3312,
1776,
-702,
-2153,
1028,
201,
-1057,
115,
64,
134,
-30,
-601,
848,
460,
-1477,
581,
1661,
-620,
361,
1416,
-793,
42,
1839,
23,
-335,
905,
-935,
-11732,
4317,
2376,
-7020,
2164,
3260,
-6199,
101,
3644,
-5811,
-2912,
3672,
-2490,
-3415,
1962,
-751,
-2615,
569,
17,
-1062,
66,
-11,
183,
60,
-490,
1104,
779,
-1067,
1168,
1861,
-1229,
-337,
1264,
-842,
-332,
1418,
-146,
-332,
899,
-962,
-11884,
4315,
2445,
-6918,
2602,
3820,
-6349,
-566,
3534,
-5577,
-3343,
2891,
-2788,
-3358,
2071,
-549,
-2449,
634,
118,
-988,
58,
-5,
161,
-33,
-647,
829,
598,
-929,
1232,
1543,
-1486,
-263,
1354,
-820,
-233,
1428,
-374,
-614,
700,
-999,
-12382,
4116,
2151,
-7501,
2483,
4240,
-6158,
-546,
3835,
-5412,
-3706,
2408,
-3051,
-3422,
2258,
-145,
-2032,
989,
413,
-782,
184,
40,
151,
7,
-541,
884,
458,
-1329,
800,
1401,
-1421,
-206,
1536,
-418,
181,
1686,
-340,
-811,
477,
-1012,
-12591,
4085,
2212,
-7587,
2070,
3505,
-6825,
-837,
3942,
-4745,
-2708,
2984,
-2882,
-3220,
2108,
-825,
-2582,
636,
-144,
-1249,
118,
88,
134,
38,
-433,
1043,
718,
-982,
966,
1332,
-1092,
762,
2249,
-477,
-79,
1599,
-308,
-583,
765,
-1018,
-12591,
4089,
2010,
-7818,
2002,
3243,
-7277,
-1062,
3791,
-4947,
-2654,
3042,
-3199,
-3502,
2144,
-779,
-2603,
699,
-27,
-1153,
130,
46,
168,
66,
-536,
947,
723,
-866,
1273,
1660,
-1070,
479,
1780,
-1067,
-542,
1425,
-346,
-556,
922,
-1011,
-12699,
3811,
1756,
-7854,
2299,
3943,
-6467,
-547,
3941,
-5169,
-3053,
3093,
-2547,
-2815,
2655,
-222,
-2055,
1077,
189,
-1058,
175,
84,
131,
-86,
-763,
751,
618,
-980,
1209,
1822,
-1021,
21,
1265,
-1137,
-483,
1236,
-692,
-909,
631,
-987,
-12732,
3423,
1530,
-7794,
2267,
4009,
-6267,
-409,
4387,
-4711,
-3516,
2191,
-3038,
-3425,
1658,
-907,
-2289,
922,
3,
-1284,
28,
86,
110,
-41,
-548,
695,
61,
-1680,
579,
1282,
-1273,
286,
2014,
-377,
-160,
1386,
-318,
-550,
713,
-1009,
-12822,
3677,
1727,
-8099,
1764,
3680,
-6483,
-651,
4035,
-5180,
-3923,
2056,
-2837,
-3094,
1687,
-1235,
-2457,
1160,
303,
-1166,
32,
59,
144,
91,
-417,
856,
368,
-1428,
446,
854,
-1600,
164,
1851,
-592,
-92,
1744,
-124,
-667,
596,
-1047,
-13036,
4021,
1986,
-8165,
2078,
4274,
-5951,
-57,
4266,
-5197,
-2957,
3597,
-2505,
-3717,
1608,
-803,
-2241,
1163,
294,
-1099,
211,
169,
102,
53,
-490,
673,
344,
-1148,
732,
1014,
-1396,
239,
1544,
-956,
-247,
1524,
-371,
-548,
956,
-1046,
-13089,
3950,
1966,
-8194,
1885,
3924,
-6336,
-334,
4368,
-4678,
-2642,
3182,
-3195,
-3949,
1735,
-877,
-2567,
987,
392,
-1009,
140,
103,
125,
35,
-569,
621,
305,
-1155,
923,
1375,
-1233,
25,
1320,
-840,
50,
1754,
-211,
-485,
912,
-1058,
-13422,
3866,
2079,
-8033,
2347,
4711,
-5743,
-135,
4475,
-4595,
-2664,
3337,
-2528,
-2829,
2896,
-188,
-2488,
887,
506,
-792,
221,
76,
165,
165,
-491,
672,
546,
-760,
1129,
1236,
-1464,
9,
1444,
-877,
-162,
1555,
-415,
-685,
900,
-1068,
-13495,
3870,
1875,
-8532,
1881,
4486,
-5726,
-165,
3966,
-5342,
-2963,
3496,
-2437,
-3158,
2221,
-569,
-2114,
1452,
653,
-823,
277,
117,
140,
27,
-745,
445,
333,
-995,
1020,
1262,
-1391,
165,
1567,
-991,
-495,
1151,
-648,
-563,
1136,
-1064,
-13225,
4138,
2084,
-8465,
1474,
3447,
-6875,
-726,
4089,
-4969,
-2866,
3129,
-2845,
-3174,
2364,
-624,
-2305,
1232,
444,
-889,
318,
124,
149,
30,
-731,
726,
833,
-709,
1061,
1287,
-1448,
60,
1650,
-794,
-329,
1363,
-466,
-577,
1021,
-1095,
-13670,
4047,
2027,
-8443,
2125,
4204,
-6598,
-395,
4563,
-4819,
-2665,
3661,
-2451,
-2846,
2856,
-525,
-2698,
1069,
599,
-854,
268,
131,
136,
41,
-732,
508,
456,
-1074,
642,
873,
-1645,
-73,
1331,
-1055,
-221,
1659,
-284,
-551,
959,
-1092,
-13750,
3778,
1645,
-8675,
2161,
4269,
-6874,
-1107,
3610,
-5768,
-3419,
3097,
-3028,
-3342,
2874,
-49,
-2418,
833,
153,
-1187,
95,
79,
153,
49,
-747,
525,
477,
-1079,
813,
1333,
-1210,
173,
1702,
-529,
82,
1771,
-31,
-210,
1174,
-1089,
-13480,
4052,
1821,
-8799,
1863,
4264,
-6736,
-1149,
3871,
-5024,
-2786,
3691,
-2170,
-2956,
2381,
-557,
-2438,
918,
190,
-1070,
245,
159,
105,
-24,
-593,
812,
510,
-1286,
669,
1243,
-1394,
-2,
1676,
-466,
158,
1872,
20,
-334,
944,
-1086,
-13512,
4081,
1927,
-8602,
2035,
4416,
-6308,
-750,
3568,
-5604,
-2950,
3529,
-2574,
-3183,
2144,
-1010,
-2580,
1148,
308,
-1066,
277,
157,
123,
42,
-454,
1153,
958,
-882,
995,
1278,
-1626,
-125,
1568,
-808,
-200,
1480,
-590,
-723,
1030,
-1087,
-13683,
3862,
1760,
-8588,
2090,
4236,
-6318,
47,
4464,
-5683,
-3250,
4102,
-1896,
-3122,
2330,
-562,
-2599,
880,
331,
-1003,
189,
108,
141,
83,
-523,
784,
502,
-1141,
841,
1216,
-1467,
138,
1720,
-890,
-395,
1596,
-107,
-408,
1014,
