-676,
-8203,
5274,
1752,
-6977,
2516,
4213,
-4811,
858,
5633,
-1641,
-22,
4389,
-1026,
-1358,
2721,
-451,
-1708,
1584,
784,
-549,
362,
144,
86,
-116,
-631,
598,
95,
-1599,
134,
461,
-1764,
-188,
1124,
-1037,
-271,
1332,
-459,
-644,
663,
-689,
-8344,
5378,
1824,
-7024,
2827,
4897,
-4128,
1588,
6251,
-1642,
-346,
4309,
-1136,
-1624,
2817,
-7,
-1379,
1698,
701,
-755,
276,
152,
95,
11,
-488,
663,
297,
-1322,
352,
856,
-1302,
-33,
1141,
-996,
-343,
1326,
-306,
-608,
654,
-701,
-8231,
5524,
2178,
-6287,
3505,
4955,
-4272,
1860,
6586,
-1609,
-246,
4584,
-1042,
-1708,
2870,
207,
-1347,
1343,
267,
-938,
223,
116,
109,
-9,
-465,
862,
457,
-1226,
676,
1239,
-1199,
-142,
834,
-1507,
-758,
1084,
-506,
-629,
783,
-641,
-8092,
4498,
1706,
-4969,
4470,
4272,
-4852,
2253,
6591,
-2562,
-1040,
4699,
-609,
-1606,
2914,
426,
-1390,
1010,
179,
-798,
258,
107,
89,
-139,
-519,
991,
553,
-1261,
515,
858,
-1683,
-366,
994,
-1205,
-569,
1103,
-612,
-754,
807,
-667,
-8222,
4108,
1204,
-5492,
3958,
3940,
-5197,
1600,
6096,
-2347,
-417,
5116,
-636,
-1901,
2753,
556,
-1155,
1236,
370,
-699,
289,
106,
110,
-24,
-495,
853,
623,
-988,
543,
774,
-1515,
-159,
1066,
-1136,
-583,
991,
-597,
-653,
830,
-616,
-8247,
3199,
1529,
-4506,
3453,
3727,
-4753,
382,
4867,
-1963,
-660,
4504,
-42,
-1785,
2069,
622,
-1210,
516,
152,
-658,
97,
75,
65,
-50,
-341,
719,
574,
-605,
598,
870,
-650,
555,
1256,
-953,
-707,
845,
-33,
-76,
834,
-545,
-8160,
2138,
812,
-4328,
3132,
3627,
-3486,
1473,
4946,
-1768,
-329,
4475,
37,
-1694,
1645,
99,
-1376,
446,
-17,
-784,
103,
109,
52,
-76,
-514,
369,
458,
-416,
649,
747,
-785,
337,
1145,
-882,
-834,
665,
159,
90,
590,
-594,
-8261,
2812,
1288,
-4599,
2863,
3435,
-3585,
1806,
4938,
-2408,
-455,
4693,
-534,
-2566,
1229,
-131,
-1391,
746,
113,
-906,
47,
113,
52,
-73,
-512,
375,
290,
-723,
607,
772,
-1205,
-138,
1137,
-718,
-773,
693,
67,
-81,
589,
-630,
-8307,
3437,
1565,
-4838,
3305,
3970,
-4137,
1215,
5319,
-1849,
-188,
5089,
79,
-1871,
1920,
334,
-1204,
846,
231,
-799,
84,
96,
77,
27,
-406,
332,
-76,
-1366,
-73,
305,
-1312,
-189,
663,
-1324,
-935,
716,
-111,
-234,
545,
-609,
-8282,
4177,
2091,
-4946,
3580,
4769,
-3582,
1201,
4627,
-2764,
-486,
5150,
15,
-1473,
2878,
1037,
-907,
1026,
279,
-734,
273,
184,
60,
33,
-455,
238,
-108,
-1263,
249,
662,
-1334,
-653,
179,
-1354,
-564,
859,
-443,
-530,
584,
-636,
-7941,
4772,
2239,
-5225,
3277,
3864,
-4979,
553,
4675,
-2985,
-982,
4663,
-452,
-1780,
2660,
816,
-890,
1250,
497,
-503,
443,
222,
42,
-58,
-426,
545,
122,
-1078,
723,
904,
-1583,
-559,
714,
-1105,
-505,
1032,
-454,
-720,
528,
-637,
-8073,
4985,
2151,
-5635,
3501,
4609,
-4456,
913,
4991,
-2687,
-372,
5288,
-332,
-1679,
3076,
966,
-1064,
1244,
560,
-611,
320,
187,
53,
-69,
-521,
479,
141,
-1156,
586,
919,
-1478,
-420,
955,
-929,
-470,
1213,
-122,
-606,
414,
-622,
-8264,
4963,
1783,
-6228,
3493,
5131,
-3722,
1885,
5692,
-2662,
-583,
5211,
-169,
-1316,
3059,
358,
-1539,
1261,
724,
-525,
283,
120,
85,
-125,
-743,
354,
123,
-1228,
467,
801,
-1395,
-83,
1163,
-864,
-272,
1234,
-378,
-584,
675,
-707,
-8470,
5096,
2106,
-6095,
3466,
5185,
-3583,
1827,
5331,
-3082,
-1128,
4216,
-1244,
-1834,
2984,
395,
-1461,
1146,
309,
-889,
180,
127,
81,
-33,
-410,
670,
43,
-1388,
624,
940,
-1382,
125,
1211,
-1312,
-580,
1418,
-175,
-545,
715,
-737,
-8589,
4799,
1859,
-6231,
3209,
4780,
-4133,
1092,
4809,
-3188,
-1519,
3249,
-1868,
-1627,
3410,
765,
-879,
1709,
504,
-808,
361,
218,
58,
-23,
-348,
862,
393,
-1126,
650,
828,
-1516,
239,
1762,
-796,
-590,
1213,
-153,
-498,
570,
-687,
-8344,
4107,
1034,
-6196,
3196,
3915,
-4759,
1584,
5495,
-3201,
-1578,
3896,
-1112,
-1636,
2746,
-41,
-1543,
1451,
669,
-629,
344,
180,
60,
-132,
-595,
706,
477,
-1091,
424,
696,
-1459,
-61,
1039,
-1383,
-983,
746,
-457,
-368,
875,
-677,
-8254,
4016,
919,
-6292,
3110,
3855,
-5256,
720,
5259,
-2990,
-1943,
3375,
-1235,
-2056,
2026,
-319,
-1697,
918,
135,
-895,
200,
114,
103,
32,
-409,
821,
705,
-779,
518,
772,
-1211,
-86,
777,
-1244,
-545,
957,
-439,
-358,
884,
-692,
-8327,
4261,
1048,
-6454,
3419,
4886,
-4463,
621,
5043,
-2437,
-1296,
3114,
-1799,
-2017,
2251,
-335,
-1608,
1158,
305,
-743,
306,
124,
101,
-55,
-631,
506,
211,
-1272,
295,
518,
-1685,
-380,
756,
-1198,
-342,
1211,
-482,
-572,
851,
-731,
-8568,
4571,
1169,
-6835,
2964,
4052,
-5496,
116,
4643,
-2830,
-982,
3490,
-1924,
-1733,
2700,
-826,
-2376,
1002,
270,
-951,
201,
124,
82,
-207,
-876,
381,
158,
-1269,
487,
584,
-1803,
-130,
1167,
-1233,
-429,
1471,
-281,
-598,
740,
-737,
-8438,
5028,
1601,
-6649,
3304,
4690,
-4964,
177,
4101,
-3619,
-1192,
3963,
-1556,
-1573,
3258,
16,
-1817,
1248,
397,
-884,
263,
145,
106,
26,
-552,
480,
-8,
-1657,
88,
711,
-1232,
73,
872,
-1413,
-335,
1624,
-86,
-397,
841,
-728,
-8448,
4948,
1402,
-6884,
3320,
4947,
-4966,
-94,
4073,
-3605,
-1559,
3729,
-1285,
-1297,
3440,
457,
-1375,
1346,
432,
-687,
419,
162,
119,
61,
-538,
629,
396,
-1202,
453,
992,
-1254,
-207,
943,
-974,
-325,
1076,
-512,
-478,
792,
-743,
-8483,
5071,
1277,
-7358,
2704,
4208,
-5209,
623,
4685,
-3826,
-1752,
3815,
-1747,
-2438,
2118,
-748,
-2283,
696,
-100,
-1007,
335,
156,
119,
51,
-535,
630,
313,
-1181,
711,
1095,
-1412,
-239,
936,
-1137,
-214,
1539,
-166,
-272,
1074,
-730,
-8462,
4879,
1640,
-6589,
2747,
3972,
-4570,
1719,
5490,
-3194,
-1224,
4283,
-1058,
-1653,
2688,
-451,
-2371,
341,
-223,
-839,
429,
144,
124,
-22,
-702,
536,
307,
-1284,
546,
1275,
-795,
273,
1020,
-1224,
-340,
1230,
-615,
-691,
794,
-735,
-8365,
5213,
1678,
-6723,
3159,
4408,
-5094,
559,
4679,
-3161,
-738,
4232,
-1775,
-2070,
2872,
-128,
-1878,
1044,
198,
-847,
354,
155,
97,
-98,
-671,
691,
475,
-955,
1008,
1183,
-1678,
-585,
721,
-1204,
-149,
1496,
-596,
-940,
573,
-754,
-8520,
5352,
1760,
-7141,
2603,
4221,
-5151,
144,
4028,
-3525,
-687,
4385,
-1664,
-1954,
2819,
-457,
-2145,
1118,
371,
-872,
232,
121,
89,
-150,
-646,
798,
449,
-1221,
520,
477,
-2378,
-978,
463,
-1634,
-549,
1397,
-549,
-920,
600,
-759,
-8503,
5395,
1758,
-7023,
3027,
4578,
-5197,
149,
4392,
-3315,
-839,
4376,
-1396,
-1715,
3004,
-273,
-2098,
1012,
219,
-1020,
127,
83,
107,
-142,
-788,
558,
369,
-1147,
550,
550,
-2054,
-441,
942,
-1533,
-790,
1271,
-355,
-653,
770,
-736,
-8395,
5366,
1633,
-7096,
3192,
5090,
-4693,
220,
4282,
-3175,
-577,
4475,
-1460,
-1856,
2913,
-99,
-1675,
1326,
209,
-1136,
107,
82,
125,
-68,
-842,
317,
136,
-1260,
691,
1026,
-1617,
-360,
918,
-1475,
-816,
1098,
-612,
-917,
604,
-763,
-8686,
5141,
1504,
-7128,
3133,
4712,
-5238,
-38,
4205,
-3540,
-1282,
3885,
-1430,
-1299,
3408,
181,
-1356,
1572,
199,
-1201,
135,
118,
100,
-157,
-924,
294,
88,
-1389,
470,
729,
-1767,
-185,
1290,
-1052,
-535,
980,
-897,
-925,
779,
-755,
-8694,
5005,
1318,
-7439,
2697,
4550,
-5146,
-294,
3552,
-4014,
-1298,
4142,
-1218,
-1274,
3350,
6,
-1734,
1297,
280,
-1009,
223,
141,
93,
-116,
-790,
490,
434,
-1039,
393,
419,
-1688,
126,
1236,
-1418,
-707,
1329,
-116,
-199,
1123,
-772,
-8772,
4999,
1350,
-7410,
2712,
4451,
-5257,
-31,
4243,
-3323,
-911,
4168,
-1633,
-1978,
2804,
-263,
-1973,
1114,
305,
-959,
159,
101,
107,
-7,
-423,
873,
486,
-979,
820,
802,
-1695,
23,
1283,
-1293,
-623,
1202,
-523,
-693,
706,
-752,
-8564,
5248,
1716,
-6721,
3727,
5502,
-4514,
248,
4306,
-3159,
-938,
3677,
-1902,
-1577,
3146,
-235,
-1515,
1972,
796,
-884,
167,
96,
119,
-8,
-501,
871,
460,
-1296,
600,
1107,
-1268,
256,
1637,
-748,
-157,
1526,
-333,
-627,
796,
-745,
-8445,
5286,
1574,
-7022,
3163,
4704,
-4810,
880,
4779,
-3746,
-1629,
3752,
-1731,
-1650,
3385,
79,
-1790,
1489,
770,
-583,
385,
137,
126,
34,
-569,
731,
495,
-1269,
275,
605,
-1734,
-255,
1180,
-1118,
-691,
1002,
-393,
-339,
1029,
-743,
-8435,
5311,
1609,
-7019,
3188,
4790,
-4719,
1178,
5474,
-3070,
-1267,
4097,
-1491,
-1914,
2908,
-167,
-1903,
1364,
627,
-742,
345,
185,
97,
88,
-351,
864,
590,
-1095,
262,
455,
-1545,
283,
1631,
-984,
-807,
839,
-450,
-291,
1157,
-750,
-8415,
5416,
1624,
-7087,
3235,
4780,
-5102,
589,
5102,
-3100,
-1184,
4077,
-1613,
-2110,
2725,
-88,
-1656,
1281,
182,
-1104,
195,
141,
107,
39,
-395,
995,
707,
-1072,
510,
799,
-1626,
-131,
1411,
-773,
-196,
1572,
-76,
-415,
884,
-756,
-8762,
4878,
1173,
-7371,
3015,
4850,
-4680,
795,
4861,
-3273,
-1052,
4173,
-1767,
-2321,
2814,
375,
-1223,
1441,
287,
-1005,
160,
95,
121,
58,
-321,
1022,
627,
-1066,
406,
374,
-1793,
117,
1285,
-1250,
-317,
1590,
-319,
-616,
774,
-738,
-8560,
5082,
1187,
-7576,
2993,
5253,
-4433,
455,
4501,
-3294,
-1209,
3916,
-1472,
-1711,
2816,
-286,
-1753,
1437,
512,
-860,
229,
133,
94,
-35,
-511,
637,
139,
-1297,
644,
748,
-1848,
-458,
649,
-1552,
-274,
1744,
-315,
-813,
554,
-732,
-8450,
5076,
1215,
-7550,
2865,
5187,
-4400,
310,
4342,
-3172,
-943,
4154,
-1369,
-1867,
2626,
-246,
-1644,
1531,
742,
-597,
331,
132,
105,
13,
-406,
832,
353,
-1238,
644,
988,
-1533,
-324,
989,
-923,
-119,
1295,
-582,
-656,
810,
-727,
-8333,
5146,
1246,
-7407,
2818,
4598,
-4923,
303,
4211,
-3524,
-896,
4366,
-1311,
-1569,
2984,
-319,
-1838,
1420,
468,
-849,
307,
154,
94,
-85,
-588,
871,
532,
-1362,
355,
865,
-1556,
-271,
994,
-1293,
-599,
1188,
-556,
-770,
801,
-723,
-8199,
5277,
1626,
-7131,
2573,
4340,
-5089,
-251,
3777,
-3334,
-749,
4179,
-1465,
-1750,
2870,
-28,
-1507,
1389,
329,
-911,
289,
177,
65,
-129,
-560,
793,
407,
-1294,
350,
680,
-1372,
367,
1480,
-1201,
-663,
1236,
-235,
-373,
915,
-732,
-8587,
4542,
1441,
-6869,
2419,
4437,
-4176,
498,
4103,
-3030,
-1072,
3189,
-1993,
-1670,
2805,
-355,
-1795,
1331,
477,
-876,
121,
82,
98,
-45,
-386,
1006,
637,
-974,
762,
1293,
-547,
1031,
1911,
-638,
-81,
1396,
-406,
-486,
956,
-741,
-8516,
4952,
1862,
-6677,
2406,
4260,
-4046,
1025,
4245,
-3155,
-616,
3840,
-1779,
-1587,
2766,
-680,
-1958,
1375,
371,
-951,
185,
88,
122,
-1,
-399,
1123,
858,
-807,
890,
1043,
-1331,
424,
1737,
-951,
-459,
1461,
-108,
-384,
883,
-686,
-8228,
4704,
1830,
-6458,
1933,
3895,
-3262,
1743,
3996,
-3445,
-700,
3363,
-2091,
-819,
4119,
160,
-1709,
1615,
587,
-1041,
71,
131,
69,
-34,
-283,
880,
195,
-1061,
1280,
1319,
-1521,
375,
2311,
-117,
117,
1750,
19,
-372,
871,
-734,
-8434,
4981,
1575,
-6820,
2789,
4403,
-4302,
1290,
4676,
-3537,
-1152,
3811,
-1976,
-1855,
3305,
224,
-1552,
1553,
646,
-831,
177,
120,
86,
-41,
-334,
1007,
487,
-976,
993,
928,
-1718,
218,
1823,
-767,
-197,
1737,
3,
-391,
852,
-740,
-8419,
5152,
1465,
-7043,
3102,
4614,
-5126,
118,
3911,
-4367,
-1922,
3961,
-1369,
-1935,
2709,
-146,
-1774,
1191,
341,
-903,
160,
64,
143,
108,
-302,
1012,
600,
-1050,
645,
798,
-1510,
260,
1515,
-1127,
-408,
1686,
5,
-472,
753,
-746,
-8547,
4998,
1660,
-6630,
3213,
4602,
-4863,
557,
4684,
-3049,
-814,
4207,
-1387,
-1647,
3026,
117,
-1301,
1676,
482,
-989,
107,
54,
156,
183,
-248,
924,
426,
-1208,
513,
728,
-1560,
52,
1323,
-845,
172,
1864,
-322,
-827,
580,
-720,
-8490,
4653,
1614,
-6863,
2195,
4359,
-4218,
234,
4217,
-2316,
-453,
3930,
-447,
-120,
3495,
141,
-1074,
1651,
350,
-859,
310,
156,
86,
-7,
-273,
1147,
801,
-685,
1086,
1170,
-1420,
-128,
1265,
-549,
283,
1659,
-186,
-299,
931,
-752,
-8643,
4910,
1596,
-7028,
2695,
4809,
-4329,
454,
4529,
-2615,
-482,
4254,
-1173,
-1635,
2605,
-203,
-1465,
1389,
259,
-997,
196,
143,
70,
-129,
-540,
809,
504,
-882,
977,
1019,
-1615,
-125,
1364,
-810,
-306,
1212,
-354,
-336,
981,
-758,
-8665,
5027,
1515,
-6972,
3048,
4498,
-5074,
470,
4678,
-3072,
-563,
4666,
-1161,
-1665,
2931,
-68,
-1489,
1573,
433,
-946,
225,
126,
99,
-117,
-736,
581,
381,
-904,
1360,
1768,
-1093,
24,
1345,
-1001,
-458,
1318,
-313,
-600,
643,
-746,
-8764,
4662,
1692,
-6458,
3184,
5207,
-3551,
1218,
4691,
-2662,
-484,
3836,
-1893,
-2095,
2343,
-385,
-1356,
1626,
332,
-988,
217,
127,
95,
-77,
-596,
607,
189,
-1083,
1254,
1740,
-935,
156,
1286,
-975,
-326,
1288,
-429,
-668,
578,
-712,
-8810,
4072,
1535,
-6511,
1815,
3698,
-3759,
850,
3656,
-2626,
220,
3481,
-2423,
-1453,
3125,
-490,
-1686,
1650,
435,
-1006,
157,
87,
123,
-14,
-569,
689,
317,
-1237,
650,
886,
-1757,
-270,
1392,
-890,
-607,
1173,
-183,
-568,
526,
-747,
-8692,
4734,
1540,
-7051,
2229,
4180,
-4516,
285,
4049,
-2720,
-489,
3231,
-2399,
-1517,
3348,
-177,
-1840,
1201,
145,
-1051,
220,
120,
121,
37,
-526,
599,
223,
-1231,
488,
476,
-2003,
-292,
1218,
-1047,
-419,
1366,
-193,
-493,
577,
-745,
-8569,
5043,
1655,
-6898,
3094,
5082,
-4631,
-260,
3709,
-3442,
-1253,
3460,
-2079,
-2386,
2178,
-668,
-2232,
651,
-78,
-1020,
207,
105,
126,
100,
-438,
447,
-7,
-1013,
1035,
959,
-1455,
301,
1482,
-942,
-75,
1670,
-249,
-584,
712,
-740,
-8551,
5039,
1248,
-7621,
2532,
4730,
-4792,
-228,
3475,
-3997,
-1511,
3485,
-2214,
-2574,
2032,
-894,
-2327,
748,
-56,
-1022,
298,
150,
115,
65,
-441,
766,
522,
-805,
1029,
1087,
-1492,
-13,
1382,
-748,
12,
1566,
-333,
-551,
742,
-755,
-8682,
4846,
1115,
-7530,
2588,
4406,
-4906,
635,
4801,
-3071,
-841,
4250,
-1441,
-1753,
2950,
-56,
-1521,
1591,
519,
-845,
333,
176,
95,
-18,
-592,
674,
594,
-733,
1078,
1387,
-963,
389,
1459,
-1016,
-459,
1243,
-364,
-455,
926,
-752,
-8622,
4997,
1516,
-7187,
2602,
4466,
-4874,
86,
4126,
-3131,
-679,
4255,
-1192,
-1305,
3072,
-212,
-1586,
1651,
588,
-799,
356,
182,
95,
-18,
-609,
666,
660,
-715,
824,
927,
-1450,
-142,
925,
-1411,
-763,
970,
-496,
-414,
1047,
-738,
-8462,
5064,
1457,
-7063,
3050,
4821,
-4862,
45,
4076,
-3415,
-914,
4410,
-1002,
-1424,
2891,
-314,
-1801,
1377,
451,
-862,
293,
167,
91,
6,
-448,
799,
563,
-813,
868,
734,
-2015,
-643,
727,
-1438,
-682,
1010,
-773,
-916,
663,
-730,
-8378,
5196,
1593,
-6788,
3543,
5280,
-4600,
148,
3873,
-4013,
-1611,
3895,
-1347,
-1669,
2805,
-160,
-1568,
1440,
429,
-804,
306,
116,
128,
42,
-475,
815,
435,
-1178,
741,
1054,
-1689,
-445,
1123,
-915,
-383,
1204,
-343,
-365,
1033,
-750,
-8457,
5420,
1769,
-7119,
2958,
4947,
-4515,
640,
4676,
-3293,
-1446,
3556,
-1574,
-1401,
3244,
-45,
-1828,
1101,
252,
-813,
359,
160,
88,
-137,
-755,
514,
268,
-1076,
917,
1091,
-1550,
-111,
1264,
-998,
-335,
1318,
-381,
-448,
962,
-746,
-8469,
5251,
1548,
-7319,
2640,
4511,
-4803,
726,
5078,
-2855,
-1202,
3525,
-1897,
-1880,
2849,
-294,
-1972,
1031,
92,
-1112,
174,
143,
91,
-26,
-578,
377,
-168,
-1352,
990,
1367,
-1313,
-161,
969,
-1143,
-82,
1797,
-30,
-416,
787,
-755,
-8728,
4894,
1464,
-7019,
3135,
5105,
-4491,
356,
4538,
-2917,
-1133,
3231,
-2373,
-2246,
2704,
-123,
-1590,
1358,
267,
-1038,
192,
144,
92,
21,
-346,
870,
350,
-1138,
972,
1434,
-1148,
-89,
882,
-1482,
-694,
1251,
-216,
-359,
894,
-759,
-8838,
4784,
1244,
-7347,
2859,
4895,
-4684,
151,
4203,
-3304,
-1249,
3328,
-2511,
-2665,
2466,
69,
-1196,
1695,
532,
-863,
198,
94,
115,
-34,
-508,
932,
726,
-870,
845,
1161,
-1234,
-20,
912,
-1533,
-836,
990,
-438,
-391,
921,
-525,
-6544,
5775,
1771,
-6550,
2061,
2646,
-5828,
845,
5988,
-1284,
-622,
2198,
-3486,
-2758,
2107,
-680,
-1687,
1272,
29,
-1128,
108,
26,
156,
-26,
-633,
781,
293,
-1579,
677,
1505,
-1543,
-766,
1131,
-610,
-438,
1029,
-261,
-442,
624,
-276,
-4508,
4721,
786,
-5417,
1523,
285,
-6969,
296,
5281,
-1287,
-804,
1670,
-3062,
-2201,
1883,
-744,
-1767,
483,
-595,
-1165,
52,
-57,
175,
-66,
-576,
964,
232,
-1814,
953,
2271,
-1412,
-1207,
1742,
781,
-106,
790,
286,
110,
544,
-201,
-4089,
4261,
490,
-5303,
950,
-427,
-7241,
-308,
4745,
-1146,
-839,
1432,
-2883,
-2074,
2004,
-155,
-1476,
181,
-665,
-1030,
-10,
-104,
176,
-28,
-453,
884,
201,
-1334,
1338,
2258,
-1104,
-748,
1641,
546,
-39,
726,
68,
175,
777,
-148,
-3928,
3776,
97,
-5349,
497,
-1034,
-7545,
-647,
4630,
-788,
-765,
1065,
-3242,
-2629,
1398,
-191,
-1249,
187,
-674,
-1023,
-103,
-147,
185,
31,
-325,
802,
16,
-1154,
1678,
2498,
-632,
-227,
1668,
364,
-21,
750,
76,
378,
1034,
-119,
-3940,
3457,
-475,
-5950,
8,
-1402,
-7989,
-1245,
4121,
-1186,
-1280,
464,
-3857,
-3313,
841,
-478,
-1510,
-153,
-959,
-1260,
-276,
-190,
194,
115,
-114,
956,
150,
-730,
2257,
2854,
-408,
116,
2066,
698,
279,
1070,
409,
666,
1260,
-109,
-3778,
3782,
-335,
-6040,
125,
-901,
-7292,
-672,
4395,
-863,
-707,
872,
-3544,
-2607,
1573,
-168,
-1247,
162,
-894,
-1252,
-156,
-137,
177,
-2,
-340,
939,
237,
-1002,
1861,
2664,
-691,
-287,
1811,
410,
-68,
977,
390,
435,
1058,
-107,
-3765,
3624,
-268,
-5955,
-232,
-1085,
-6963,
-533,
4260,
-871,
-742,
866,
-3313,
-2492,
1499,
-132,
-1278,
-39,
-976,
-1231,
-162,
-128,
166,
25,
-278,
845,
239,
-715,
1854,
2329,
-654,
-112,
1610,
358,
258,
1072,
220,
376,
1048,
-94,
-3604,
3388,
-146,
-5404,
-195,
-1196,
-6479,
-146,
4228,
-553,
-88,
1233,
-3258,
-2529,
1565,
176,
-1008,
-4,
-915,
-1073,
-72,
-102,
152,
19,
-276,
626,
-107,
-850,
1676,
1940,
-734,
60,
1412,
27,
231,
974,
-100,
247,
1103,
-118,
-3657,
3301,
-35,
-5226,
-241,
-1192,
-6288,
-323,
3535,
-1055,
52,
1613,
-3131,
-2550,
1623,
103,
-1291,
-174,
-934,
-1129,
-86,
-72,
149,
127,
-175,
498,
-142,
-676,
1623,
1769,
-609,
180,
1242,
-61,
373,
1058,
-134,
241,
1134,
-132,
-3650,
3342,
-40,
-5093,
27,
-1198,
-6396,
-212,
3329,
-1551,
258,
2259,
-3140,
-2897,
1627,
128,
-1373,
-59,
-829,
-1207,
-121,
-54,
145,
143,
-202,
478,
-54,
-654,
1542,
1734,
-692,
33,
1214,
-74,
318,
1169,
16,
187,
1034,
-142,
-3660,
3512,
232,
-4850,
194,
-1133,
-6305,
-75,
3231,
-1709,
603,
2793,
-3140,
-3069,
1868,
356,
-1461,
4,
-568,
-1148,
-173,
-33,
116,
146,
-96,
389,
-303,
-670,
1589,
1520,
-840,
112,
1066,
-388,
338,
1264,
-246,
-28,
1174,
-152,
-3711,
3858,
334,
-5015,
362,
-1102,
-6624,
-76,
3216,
-2116,
589,
3013,
-3530,
-3434,
2101,
455,
-1603,
116,
-462,
-1247,
-200,
-8,
118,
210,
-66,
389,
-230,
-643,
1568,
1573,
-829,
90,
1205,
-228,
332,
1226,
-239,
-34,
1204,
-180,
-3831,
4663,
546,
-5365,
971,
-696,
-7126,
95,
3488,
-2846,
348,
3502,
-3681,
-3617,
2549,
683,
-1578,
408,
-271,
-1235,
-136,
23,
115,
196,
-47,
509,
-313,
-932,
1516,
1559,
-1027,
82,
1241,
-371,
447,
1468,
-317,
-83,
1319,
-279,
-4532,
5106,
1920,
-4919,
798,
404,
-6002,
-570,
2913,
-2422,
-299,
2369,
-3072,
-2582,
2184,
207,
-1041,
1071,
-48,
-1057,
95,
89,
120,
220,
-193,
451,
-29,
-1002,
943,
1422,
-944,
-452,
727,
-398,
277,
1327,
-77,
-105,
971,
-475,
-6040,
5684,
2715,
-5056,
2034,
2494,
-5178,
13,
3693,
-2900,
-1212,
2588,
-2277,
-1857,
2787,
334,
-1138,
1271,
208,
-958,
163,
105,
132,
245,
-252,
455,
73,
-1082,
608,
1020,
-1116,
-214,
971,
-525,
82,
1192,
-425,
-504,
821,
-626,
-7283,
5610,
1720,
-6293,
3243,
3403,
-6356,
-10,
4556,
-3187,
-368,
4811,
-1740,
-2317,
3204,
407,
-1962,
654,
4,
-993,
222,
133,
107,
74,
-336,
688,
-17,
-1491,
655,
925,
-1774,
-340,
1262,
-715,
-35,
1303,
-706,
-686,
987,
-655,
-7742,
5279,
1517,
-6761,
2502,
2923,
-6433,
-91,
4392,
-3208,
-301,
4967,
-1427,
-2176,
3164,
819,
-1158,
1110,
96,
-911,
192,
37,
163,
96,
-477,
544,
-173,
-1642,
732,
1262,
-1389,
-132,
1207,
-884,
-194,
1177,
-658,
-495,
1046,
-709,
-8169,
5073,
1261,
-7389,
2155,
3364,
-5995,
-311,
3969,
-3711,
-1344,
3757,
-2061,
-2558,
2316,
-278,
-1786,
1029,
89,
-1005,
186,
74,
151,
138,
-413,
576,
-31,
-1453,
763,
1255,
-1353,
-297,
776,
-1308,
-337,
1370,
-376,
-395,
991,
-737,
-8356,
5288,
1476,
-7429,
2356,
3887,
-5467,
274,
4458,
-3735,
-1589,
4005,
-1162,
-1390,
3250,
107,
-1784,
1066,
270,
-885,
164,
48,
145,
30,
-556,
594,
174,
-1133,
1090,
1427,
-1214,
203,
1649,
-546,
-33,
1318,
-488,
-446,
920,
-744,
-8408,
5319,
1513,
-7387,
2424,
3834,
-5603,
224,
4396,
-3881,
-1752,
3754,
-1440,
-1478,
3257,
98,
-1705,
1078,
65,
-1021,
210,
70,
160,
124,
-396,
882,
366,
-1447,
509,
1097,
-1446,
-280,
1077,
-977,
-386,
961,
-860,
-821,
674,
-758,
-8506,
5397,
1804,
-7197,
2500,
4202,
-5017,
643,
4788,
-3276,
-1139,
3962,
-1879,
-2109,
3252,
584,
-1457,
1119,
190,
-950,
234,
127,
107,
-20,
-611,
525,
166,
-1344,
511,
952,
-1423,
-260,
850,
-1204,
-340,
1273,
-448,
-483,
909,
-746,
-8506,
5095,
1436,
-6955,
3236,
4624,
-4984,
386,
3725,
-4749,
-1766,
4171,
-1658,
-2012,
3147,
91,
-1908,
1033,
170,
-1044,
205,
144,
92,
-42,
-501,
824,
426,
-1257,
594,
1042,
-1413,
-227,
885,
-1244,
-229,
1617,
-157,
-372,
928,
-754,
-8539,
5104,
1461,
-6916,
3319,
4582,
-5333,
92,
4034,
-4140,
-1695,
3682,
-2060,
-2294,
2572,
-564,
-2109,
1256,
437,
-897,
246,
136,
105,
5,
-409,
991,
588,
-1182,
631,
1095,
-1259,
209,
1514,
-855,
-302,
1268,
-543,
-675,
736,
-401,
-5551,
3694,
735,
-4739,
3332,
4670,
-2255,
1291,
3650,
-2061,
-431,
2512,
-1789,
-1278,
2268,
-210,
-1102,
1218,
257,
-687,
185,
59,
96,
-58,
-432,
632,
248,
-915,
660,
603,
-1508,
-58,
1062,
-984,
-402,
1176,
-156,
-377,
663,
-301,
-4931,
2791,
1208,
-3121,
2626,
3798,
-1068,
1436,
2596,
-1816,
-200,
1935,
-1613,
-1016,
1922,
12,
-643,
1106,
233,
-517,
159,
34,
80,
-103,
-477,
403,
88,
-938,
340,
401,
-1316,
-241,
717,
-770,
-202,
1065,
-80,
-292,
587,
-282,
-5165,
2630,
2036,
-2215,
2151,
3116,
-810,
1762,
2796,
-1317,
326,
2751,
-461,
-554,
1760,
65,
-692,
788,
220,
-328,
227,
68,
48,
-120,
-411,
273,
-151,
-1029,
234,
412,
-989,
-61,
593,
-817,
-230,
940,
-65,
-140,
668,
-224,
-5199,
3162,
2282,
-2559,
2013,
3206,
-634,
2222,
2957,
-1527,
848,
3834,
36,
-416,
2235,
632,
-408,
772,
79,
-320,
361,
117,
44,
-105,
-415,
225,
-168,
-783,
675,
575,
-1067,
12,
565,
-1311,
-938,
405,
-226,
-26,
734,
-284,
-5331,
3987,
2484,
-3184,
2326,
3557,
-1711,
1273,
3188,
-1102,
1167,
4137,
51,
-415,
2254,
336,
-580,
989,
186,
-399,
317,
85,
73,
-82,
-484,
236,
-216,
-1041,
643,
857,
-909,
80,
779,
-927,
-369,
810,
-341,
-224,
824,
-310,
-5773,
4441,
2214,
-3843,
3083,
3936,
-2690,
1350,
3981,
-1601,
273,
3410,
-1043,
-765,
2734,
155,
-941,
1311,
365,
-593,
279,
109,
78,
-65,
-452,
508,
18,
-1169,
609,
924,
-1078,
145,
1067,
-1081,
-635,
825,
-516,
-570,
671,
-418,
-6114,
5563,
2524,
-4822,
3194,
4301,
-3303,
1437,
4369,
-2538,
-620,
3396,
-1295,
-972,
2930,
-99,
-1442,
1166,
260,
-693,
329,
119,
96,
-82,
-600,
529,
165,
-1208,
469,
719,
-1131,
688,
1755,
-831,
-370,
1288,
-329,
-626,
610,
-492,
-6507,
6178,
2841,
-5462,
2889,
4448,
-3118,
2015,
4678,
-2971,
-724,
3580,
-1632,
-1116,
3131,
-623,
-2220,
1193,
567,
-690,
304,
140,
98,
2,
-510,
478,
-25,
-1280,
794,
1172,
-951,
683,
1576,
-1241,
-555,
1535,
-72,
-474,
822,
-537,
-6785,
6389,
2876,
-5892,
3031,
5187,
-3005,
1521,
4416,
-3318,
-1586,
2922,
-1695,
-1300,
2572,
-837,
-1814,
1581,
507,
-925,
197,
123,
112,
100,
-279,
870,
432,
-1049,
602,
667,
-1590,
60,
1218,
-1205,
-341,
1682,
8,
-416,
818,
-560,
-7066,
6536,
2614,
-6343,
3251,
5039,
-3775,
1728,
5271,
-3082,
-1244,
3734,
-1339,
-1227,
2927,
-533,
-1717,
1583,
382,
-944,
380,
232,
58,
-79,
-503,
733,
240,
-1280,
759,
1204,
-1067,
390,
1213,
-1404,
-313,
1732,
-289,
-714,
748,
-559,
-7361,
6607,
2864,
-6074,
3657,
5038,
-4538,
1210,
5729,
-2386,
-935,
3794,
-1548,
-1599,
2850,
-499,
-2110,
1033,
191,
-925,
326,
176,
85,
-49,
-506,
833,
536,
-977,
902,
1325,
-915,
412,
1137,
-1500,
-568,
1362,
-498,
-764,
666,
-590,
-7437,
6575,
2869,
-5954,
3781,
4724,
-5403,
46,
4454,
-3278,
-954,
4151,
-1476,
-1513,
3218,
-288,
-2229,
894,
167,
-897,
347,
166,
101,
-33,
-616,
593,
184,
-1426,
508,
989,
-1302,
233,
1374,
-1238,
-603,
1223,
-613,
-942,
464,
-666,
-7755,
6039,
2424,
-6256,
3621,
5071,
-4726,
352,
4399,
-3309,
-916,
4342,
-1196,
-1520,
3069,
-100,
-1803,
1198,
270,
-925,
304,
157,
114,
65,
-528,
581,
352,
-1112,
481,
726,
-1434,
39,
1162,
-1048,
-233,
1390,
-440,
-662,
668,
-706,
-7970,
5805,
2170,
-6557,
3509,
5433,
-4060,
963,
4767,
-3437,
-1633,
3483,
-1923,
-2304,
2388,
-377,
-1966,
921,
113,
-957,
237,
134,
99,
-13,
-515,
650,
383,
-947,
652,
589,
-1605,
122,
1265,
-992,
-133,
1369,
-536,
-624,
685,
