-687,
-8659,
4033,
1046,
-7148,
808,
1327,
-6576,
-240,
3403,
-4399,
-2182,
2052,
-4005,
-3531,
2290,
-442,
-2659,
190,
9,
-782,
169,
13,
157,
36,
-514,
643,
-107,
-1997,
376,
1945,
-66,
433,
1215,
-281,
924,
1986,
-609,
-1156,
279,
-703,
-8875,
4148,
1379,
-7009,
1026,
2308,
-5207,
293,
3025,
-4696,
-2439,
1150,
-5016,
-3801,
2423,
-446,
-2728,
139,
-1,
-683,
269,
42,
137,
-20,
-376,
950,
-134,
-2168,
728,
2380,
-161,
504,
1870,
-2,
332,
1388,
-477,
-618,
555,
-643,
-8924,
3570,
1357,
-6698,
205,
1350,
-4904,
475,
2220,
-5117,
-1917,
2064,
-3961,
-3023,
2858,
367,
-1643,
714,
186,
-502,
315,
7,
139,
-149,
-541,
992,
-28,
-2190,
591,
2085,
-645,
14,
1583,
-126,
227,
1404,
-184,
-278,
662,
-666,
-8891,
3696,
1516,
-6167,
1060,
1409,
-5841,
16,
2803,
-4453,
-1544,
2419,
-3771,
-2997,
3031,
518,
-1862,
206,
-366,
-916,
135,
-24,
144,
-197,
-750,
818,
196,
-1764,
683,
1818,
-951,
-245,
1373,
-157,
374,
1474,
-393,
-617,
470,
-681,
-8947,
3737,
1690,
-6032,
1294,
1923,
-5727,
-765,
1941,
-4740,
-1492,
2804,
-3133,
-2788,
2670,
106,
-2186,
-84,
-484,
-884,
172,
-17,
152,
-113,
-622,
846,
109,
-1971,
366,
1610,
-1070,
-626,
799,
-557,
82,
1066,
-750,
-610,
855,
-700,
-8983,
3848,
1652,
-5966,
1865,
2315,
-5856,
-486,
2817,
-4116,
-1303,
2848,
-3137,
-2710,
2537,
-622,
-2778,
188,
-21,
-866,
93,
-1,
145,
-15,
-428,
949,
107,
-2060,
293,
1742,
-855,
-417,
1230,
-161,
-155,
505,
-920,
-512,
844,
-703,
-8988,
3716,
1284,
-6594,
1237,
2028,
-5795,
-168,
3225,
-4298,
-2453,
1569,
-3659,
-2682,
2606,
-565,
-2548,
704,
575,
-554,
121,
-20,
155,
10,
-455,
833,
154,
-1735,
474,
1567,
-983,
-346,
1068,
-712,
-669,
233,
-1220,
-865,
738,
-668,
-8884,
3708,
1661,
-6039,
829,
1046,
-5679,
769,
3470,
-4511,
-2430,
1365,
-3837,
-2043,
3271,
-762,
-2928,
601,
363,
-807,
47,
-43,
179,
14,
-613,
724,
165,
-1794,
546,
1902,
-781,
-474,
849,
-761,
-346,
826,
-740,
-624,
793,
-691,
-8919,
4017,
1774,
-6390,
729,
1429,
-5377,
772,
3084,
-5495,
-3520,
719,
-4461,
-2789,
3116,
-395,
-2862,
410,
405,
-675,
72,
-29,
158,
-16,
-586,
587,
-126,
-1797,
815,
1986,
-832,
-306,
1101,
-694,
-224,
1332,
-99,
-314,
784,
-707,
-9278,
3768,
1109,
-7250,
615,
1603,
-5775,
284,
2848,
-5783,
-3508,
1070,
-4734,
-3750,
2397,
-833,
-3540,
-370,
-134,
-946,
7,
-6,
133,
-62,
-538,
769,
106,
-1521,
1314,
2623,
-441,
-42,
1701,
36,
147,
1551,
363,
222,
1089,
-724,
-9452,
3594,
749,
-7475,
1154,
2659,
-4658,
1810,
4725,
-4541,
-3092,
1649,
-3579,
-2711,
2823,
-631,
-3036,
349,
428,
-603,
223,
63,
123,
-24,
-496,
745,
-43,
-2024,
448,
1914,
-660,
-56,
1649,
2,
45,
1245,
-79,
-322,
484,
-726,
-9587,
3496,
401,
-7817,
1397,
2957,
-4882,
2001,
5962,
-3326,
-2602,
1854,
-3741,
-3506,
2226,
-347,
-2466,
619,
579,
-440,
267,
32,
156,
107,
-309,
903,
18,
-2135,
97,
1528,
-710,
160,
1748,
20,
228,
1360,
-353,
-729,
323,
-723,
-9793,
3201,
260,
-7451,
1923,
3040,
-4739,
2742,
6598,
-3061,
-2027,
2533,
-3608,
-3575,
2332,
-343,
-2628,
519,
613,
-349,
279,
-14,
190,
143,
-288,
1129,
420,
-1803,
223,
1346,
-1091,
-90,
1661,
-68,
167,
1374,
-220,
-349,
868,
-698,
-9757,
3031,
279,
-7193,
1894,
2969,
-4183,
3523,
6848,
-3129,
-1871,
2904,
-3347,
-3598,
2257,
-157,
-2388,
510,
570,
-240,
355,
-12,
184,
79,
-353,
1092,
345,
-1734,
479,
1421,
-1188,
-29,
1702,
-274,
-78,
1100,
-609,
-566,
904,
-721,
-9866,
3159,
245,
-7689,
1652,
3295,
-4245,
2831,
6375,
-3349,
-2032,
3412,
-2414,
-3226,
2378,
373,
-1906,
576,
510,
-290,
320,
-13,
188,
148,
-251,
1147,
421,
-1830,
144,
1445,
-843,
-360,
675,
-972,
-152,
1170,
-700,
-780,
741,
-738,
-9864,
3333,
437,
-7470,
1906,
3167,
-4758,
2544,
6447,
-3229,
-1979,
3293,
-2584,
-3008,
2799,
349,
-2257,
387,
399,
-468,
260,
28,
157,
131,
-236,
924,
-48,
-2123,
249,
1695,
-755,
-450,
687,
-655,
185,
1206,
-741,
-685,
796,
-732,
-9914,
3321,
554,
-7306,
1891,
2898,
-5085,
2406,
6500,
-3163,
-1928,
3388,
-2530,
-2947,
3055,
586,
-2446,
-88,
97,
-502,
283,
13,
180,
198,
-212,
939,
-33,
-2300,
-86,
1565,
-607,
-235,
950,
-316,
543,
1604,
-373,
-451,
997,
-768,
-10294,
3171,
594,
-7194,
2269,
3339,
-5330,
1446,
5859,
-2998,
-1674,
3422,
-2145,
-2420,
2916,
187,
-2200,
550,
501,
-352,
292,
-23,
190,
91,
-413,
967,
184,
-2071,
223,
1793,
-539,
203,
1876,
317,
528,
1499,
-170,
-203,
952,
-761,
-10200,
3322,
388,
-7932,
1716,
3546,
-4961,
1306,
5506,
-3392,
-2598,
2135,
-2888,
-2489,
2788,
-369,
-2949,
-117,
35,
-586,
246,
2,
168,
79,
-289,
1082,
94,
-2144,
450,
2087,
-471,
311,
2226,
348,
-146,
859,
-70,
135,
917,
-751,
-10222,
3184,
276,
-7733,
2006,
3618,
-4545,
2449,
6527,
-2921,
-1967,
2958,
-2518,
-2342,
3119,
-245,
-3119,
-16,
414,
-417,
230,
30,
126,
30,
-114,
1241,
57,
-2056,
576,
1833,
-885,
-76,
1592,
-140,
24,
1015,
-466,
-191,
987,
-764,
-10136,
3422,
526,
-7635,
1961,
3443,
-4756,
2525,
7043,
-2274,
-1605,
2840,
-3106,
-3121,
2696,
43,
-2418,
428,
355,
-636,
131,
9,
139,
50,
-158,
1209,
96,
-2079,
559,
2010,
-801,
-430,
1140,
-185,
333,
1351,
-294,
-198,
958,
-770,
-10081,
3680,
773,
-7478,
2187,
3553,
-5030,
1919,
6161,
-3239,
-2131,
2782,
-3290,
-3550,
2504,
229,
-2215,
412,
274,
-603,
180,
-12,
168,
81,
-240,
1232,
283,
-2042,
529,
2230,
-578,
-405,
1352,
286,
649,
1433,
-303,
-281,
986,
-756,
-10348,
3194,
709,
-6850,
2696,
3538,
-4881,
2438,
6356,
-3482,
-2296,
2672,
-3595,
-3806,
2420,
45,
-2383,
660,
783,
-278,
290,
31,
142,
61,
-176,
1284,
396,
-1699,
707,
1755,
-1239,
-569,
1392,
76,
492,
1495,
-396,
-507,
997,
-747,
-10233,
3045,
363,
-7420,
1971,
3206,
-4844,
2225,
6139,
-3111,
-1687,
3023,
-3425,
-3741,
2333,
-208,
-2864,
77,
365,
-492,
203,
21,
143,
60,
-367,
654,
-269,
-1866,
653,
1342,
-1661,
-710,
1309,
-28,
402,
1408,
-259,
-123,
1128,
-757,
-10151,
3171,
489,
-7333,
2093,
3512,
-4423,
2421,
5964,
-3448,
-2100,
2416,
-4107,
-4274,
1967,
-330,
-2672,
285,
358,
-520,
251,
28,
160,
111,
-409,
591,
-203,
-1693,
884,
1542,
-1554,
-535,
1545,
-8,
334,
1568,
-74,
-116,
1180,
-767,
-9922,
3435,
772,
-7287,
1940,
3653,
-4228,
2145,
5686,
-3475,
-2495,
1930,
-3795,
-3532,
2341,
-152,
-2348,
579,
475,
-463,
335,
77,
142,
113,
-323,
757,
-21,
-1688,
747,
1610,
-1300,
-397,
1625,
107,
454,
1910,
364,
-156,
782,
-762,
-9826,
3362,
699,
-7187,
2162,
3910,
-4231,
1779,
5621,
-2892,
-1877,
2429,
-3017,
-2872,
2518,
145,
-1842,
601,
110,
-618,
369,
93,
130,
27,
-475,
606,
-58,
-1409,
1202,
1950,
-928,
-63,
1430,
-427,
91,
1569,
22,
-153,
935,
-743,
-9785,
3205,
249,
-7543,
2174,
3888,
-4547,
1497,
5622,
-2722,
-1887,
1978,
-3537,
-3043,
2259,
-549,
-2423,
479,
165,
-514,
518,
150,
123,
41,
-504,
597,
102,
-1196,
1202,
1727,
-1098,
-119,
1195,
-911,
-449,
931,
-666,
-518,
866,
-727,
-9698,
3003,
331,
-6960,
2283,
3304,
-4704,
1787,
4993,
-4382,
-3237,
1462,
-3763,
-3307,
1953,
-811,
-2352,
935,
555,
-487,
380,
89,
140,
51,
-472,
666,
29,
-1459,
1060,
1827,
-945,
161,
1711,
-422,
-27,
1563,
-6,
-207,
956,
-717,
-9557,
3248,
687,
-6590,
2252,
2630,
-5361,
1794,
5193,
-4494,
-3326,
1467,
-4021,
-3370,
2833,
489,
-1807,
641,
253,
-444,
483,
100,
150,
83,
-508,
445,
-368,
-1865,
702,
1583,
-780,
707,
2117,
-297,
182,
1938,
330,
17,
1068,
-722,
-9708,
3216,
607,
-6906,
2100,
2895,
-5354,
1106,
4320,
-5132,
-3507,
2037,
-3261,
-3294,
2642,
753,
-1444,
717,
265,
-415,
462,
90,
145,
48,
-542,
514,
-75,
-1550,
759,
1607,
-651,
628,
1973,
-186,
54,
1302,
8,
470,
1664,
-729,
-9755,
3431,
770,
-6987,
2090,
3177,
-4724,
1860,
4584,
-5465,
-3933,
1662,
-3445,
-2869,
3244,
690,
-1875,
618,
393,
-318,
579,
168,
110,
12,
-497,
582,
-122,
-1774,
487,
1413,
-692,
804,
2122,
-408,
-329,
1084,
-337,
-250,
1015,
-703,
-9628,
3555,
1308,
-6269,
2214,
3092,
-4062,
3006,
5376,
-5004,
-3353,
2170,
-3578,
-3442,
3021,
811,
-1974,
476,
589,
-98,
566,
127,
124,
85,
-286,
747,
-267,
-2099,
295,
1369,
-943,
172,
1601,
-222,
389,
1623,
-341,
-557,
776,
-733,
-9855,
3474,
857,
-6941,
2174,
3486,
-3832,
3197,
5582,
-4755,
-2787,
2698,
-3478,
-3357,
3146,
669,
-1896,
1045,
981,
-136,
465,
81,
167,
228,
-178,
982,
177,
-1998,
-168,
888,
-1199,
-102,
1279,
-572,
-151,
968,
-830,
-841,
591,
-757,
-9919,
3509,
814,
-7085,
2035,
3186,
-4164,
3395,
6322,
-4060,
-2340,
3245,
-2784,
-3190,
2471,
57,
-1797,
1157,
657,
-357,
504,
92,
176,
127,
-570,
691,
325,
-1648,
177,
1236,
-891,
112,
1325,
-675,
-67,
1442,
-337,
-723,
489,
-716,
-9903,
3358,
1302,
-6307,
1739,
2154,
-4930,
2768,
5932,
-3963,
-2404,
2829,
-3138,
-3664,
2036,
197,
-1650,
748,
231,
-583,
269,
21,
145,
-51,
-512,
897,
197,
-1801,
320,
1337,
-957,
-34,
1132,
-589,
295,
1560,
-374,
-476,
800,
-734,
-9884,
3394,
1457,
-6107,
1927,
2532,
-4566,
2533,
5457,
-3717,
-1788,
2697,
-3668,
-3458,
2673,
226,
-2148,
332,
-87,
-864,
168,
14,
166,
86,
-474,
626,
-107,
-1925,
260,
1406,
-635,
280,
1112,
-920,
-96,
1367,
-248,
-150,
1057,
-737,
-9806,
3507,
1286,
-6426,
2137,
3035,
-4806,
1759,
5181,
-3655,
-1850,
3003,
-2967,
-3040,
2989,
889,
-1534,
660,
331,
-355,
428,
42,
169,
30,
-670,
480,
-109,
-2094,
-76,
1283,
-863,
-584,
151,
-1288,
-108,
1424,
-93,
-104,
897,
-735,
-9719,
3761,
1470,
-6377,
2196,
3240,
-4109,
2730,
5410,
-4130,
-1831,
3790,
-2072,
-2494,
2885,
346,
-1715,
993,
640,
-206,
555,
112,
126,
-80,
-604,
838,
187,
-1938,
343,
1873,
-405,
-22,
808,
-1035,
-301,
1136,
-297,
-147,
977,
-723,
-9827,
3591,
1608,
-6170,
2120,
3588,
-3024,
3637,
5932,
-3399,
-1239,
3635,
-2553,
-2741,
2722,
-38,
-2228,
655,
524,
-294,
482,
112,
111,
-101,
-605,
724,
-12,
-2017,
499,
2337,
150,
112,
640,
-848,
123,
1093,
-811,
-599,
802,
-734,
-9911,
3512,
1326,
-6442,
2197,
3496,
-3680,
3103,
5927,
-3276,
-954,
4330,
-1843,
-2299,
3129,
317,
-2122,
599,
417,
-420,
406,
87,
131,
-42,
-573,
901,
494,
-1604,
361,
1846,
-393,
-335,
565,
-603,
257,
1113,
-612,
-297,
1009,
-697,
-9837,
3100,
886,
-6778,
1528,
2964,
-3670,
2798,
4932,
-4142,
-1353,
3862,
-2737,
-3327,
2565,
330,
-2062,
400,
175,
-535,
379,
78,
151,
90,
-383,
1029,
649,
-1395,
375,
1563,
-697,
-258,
1106,
-35,
536,
1420,
-51,
212,
1234,
-669,
-9497,
3254,
1324,
-6061,
1887,
3118,
-3387,
2972,
4926,
-4383,
-1885,
3613,
-2501,
-3192,
2665,
827,
-1450,
897,
580,
-491,
135,
-22,
160,
44,
-459,
821,
299,
-1866,
-380,
770,
-1066,
-395,
904,
-92,
642,
1337,
-385,
-98,
1118,
-666,
-9641,
2795,
1215,
-6159,
1512,
3687,
-2403,
2586,
4283,
-3848,
-1242,
4154,
-1356,
-2420,
2583,
915,
-1184,
808,
480,
-427,
155,
-23,
158,
92,
-381,
635,
-55,
-1873,
-41,
953,
-1151,
-272,
1255,
-361,
-320,
753,
-428,
-230,
1076,
-637,
-9540,
2494,
1297,
-6039,
1357,
4686,
-969,
2524,
4269,
-2708,
-959,
3719,
-932,
-2264,
1829,
551,
-1262,
423,
371,
-237,
187,
-31,
134,
-10,
-451,
569,
8,
-1570,
307,
1338,
-783,
-111,
1453,
-131,
-370,
855,
-6,
-161,
932,
-596,
-9290,
2299,
1239,
-6018,
840,
4050,
-1686,
1379,
3577,
-2859,
-1704,
2986,
-721,
-2124,
1561,
822,
-695,
620,
405,
-284,
24,
-88,
133,
-17,
-392,
505,
-199,
-1705,
222,
1302,
-770,
-264,
1236,
-126,
-228,
997,
52,
-358,
588,
-547,
-9345,
1879,
1193,
-6070,
-93,
3114,
-2333,
184,
2779,
-2462,
-1504,
2757,
-319,
-1737,
1270,
723,
-410,
700,
347,
-331,
-68,
-119,
124,
-73,
-443,
398,
-208,
-1376,
617,
1512,
-609,
-209,
1014,
-477,
-453,
1012,
148,
-447,
409,
-526,
-9380,
1408,
575,
-6639,
-563,
3037,
-2482,
-718,
1870,
-2673,
-1661,
2531,
36,
-1027,
1800,
1133,
-106,
856,
474,
-315,
-190,
-172,
126,
-108,
-440,
482,
41,
-980,
881,
1665,
-412,
-332,
499,
-727,
-328,
938,
-172,
-601,
567,
-521,
-9249,
1311,
319,
-6884,
-913,
2370,
-3415,
-1519,
1472,
-3043,
-2398,
1767,
-311,
-1103,
1641,
722,
-691,
403,
280,
-435,
-287,
-186,
122,
-79,
-359,
477,
78,
-653,
1296,
1936,
-147,
-87,
594,
-595,
-104,
989,
-248,
-516,
747,
-491,
-8711,
1583,
337,
-6903,
-757,
2708,
-3599,
-2293,
1378,
-2232,
-1751,
2306,
417,
-1044,
1052,
584,
-453,
384,
264,
-210,
-88,
-130,
104,
-106,
-419,
305,
-54,
-729,
899,
1298,
-546,
-265,
598,
-208,
264,
901,
-395,
-522,
487,
-478,
-8581,
1444,
694,
-5941,
-548,
1901,
-4086,
-2202,
1101,
-2859,
-1920,
2629,
600,
-1270,
846,
925,
237,
802,
385,
-31,
83,
-111,
115,
-172,
-737,
-17,
-162,
-821,
786,
1363,
-370,
-62,
944,
76,
171,
766,
-136,
-194,
449,
-482,
-8669,
1487,
1015,
-5503,
-424,
1624,
-4258,
-1984,
1413,
-2398,
-956,
3552,
759,
-1439,
762,
566,
-135,
956,
581,
-154,
53,
-45,
90,
-179,
-931,
-328,
-18,
-511,
731,
1406,
-54,
126,
1270,
539,
25,
270,
-96,
159,
537,
-544,
-8915,
1699,
850,
-5772,
231,
2224,
-4325,
-1554,
2059,
-2601,
-1406,
3255,
166,
-2001,
442,
3,
-807,
604,
470,
-156,
107,
-18,
82,
-124,
-646,
-106,
-387,
-985,
756,
1293,
-508,
111,
1481,
413,
-48,
234,
-535,
-259,
535,
-595,
-9102,
2097,
958,
-5929,
919,
3184,
-3827,
-555,
3839,
-1094,
-792,
2986,
-424,
-2183,
388,
-410,
-1239,
321,
199,
-235,
194,
11,
75,
-171,
-621,
146,
-174,
-927,
800,
1141,
-696,
277,
1570,
220,
76,
477,
-799,
-651,
469,
-634,
-9404,
2333,
1037,
-6117,
1343,
3963,
-3132,
512,
4926,
-807,
-1119,
2383,
-1029,
-2196,
701,
-598,
-1671,
267,
360,
-151,
208,
8,
71,
-222,
-633,
347,
59,
-933,
621,
933,
-873,
72,
1163,
-303,
-380,
-18,
-1161,
-522,
758,
-691,
-9600,
2709,
872,
-6680,
1670,
4171,
-3966,
54,
5266,
-527,
-758,
2812,
-875,
-1740,
1496,
-200,
-1482,
514,
310,
-293,
314,
93,
57,
-165,
-508,
507,
137,
-910,
896,
1313,
-786,
27,
1177,
-349,
-375,
196,
-877,
-365,
668,
-707,
-9592,
2859,
803,
-6985,
1303,
3505,
-4690,
-314,
4709,
-1379,
-915,
3370,
-540,
-1781,
1332,
-489,
-1752,
308,
3,
-587,
197,
82,
47,
-243,
-538,
682,
202,
-1203,
686,
1497,
-492,
251,
1408,
-110,
-169,
315,
-839,
-304,
723,
-715,
-9553,
3182,
887,
-7366,
1071,
3583,
-4620,
-65,
5226,
-973,
-513,
3962,
-375,
-2279,
1038,
-190,
-1471,
315,
22,
-544,
158,
59,
39,
-334,
-674,
530,
12,
-1304,
832,
1765,
-367,
259,
1600,
318,
193,
466,
-770,
-265,
743,
-731,
-9652,
3343,
1062,
-7488,
672,
3198,
-4424,
706,
5756,
-742,
76,
4595,
-186,
-1966,
1699,
166,
-1566,
95,
-289,
-867,
11,
33,
57,
-228,
-501,
607,
-209,
-1710,
660,
1899,
-235,
232,
1301,
-278,
-234,
546,
-618,
-449,
441,
-755,
-9575,
3742,
996,
-7696,
1284,
3712,
-4748,
493,
5646,
-1280,
-27,
5189,
197,
-1662,
2324,
484,
-1779,
-128,
-368,
-900,
20,
41,
57,
-226,
-479,
723,
-58,
-1597,
703,
1688,
-569,
216,
1377,
-561,
-535,
544,
-580,
-328,
849,
-765,
-9337,
4057,
1210,
-7731,
910,
3155,
-5162,
-42,
4555,
-2453,
-1002,
3806,
-1143,
-1796,
2733,
228,
-2113,
155,
9,
-715,
182,
89,
79,
-90,
-481,
597,
38,
-1344,
867,
1808,
-440,
284,
1345,
-641,
-533,
578,
-774,
-729,
548,
-771,
-9417,
4069,
1242,
-7540,
945,
2485,
-5756,
19,
4147,
-3415,
-1331,
3558,
-2174,
-2606,
2732,
397,
-1933,
321,
-117,
-907,
147,
78,
91,
-137,
-657,
504,
-41,
-1582,
707,
1841,
-285,
588,
1611,
-470,
-199,
817,
-975,
-926,
641,
-760,
-9434,
4001,
1116,
-7379,
1486,
2932,
-5402,
570,
4363,
-3931,
-1908,
3302,
-2498,
-3007,
2553,
286,
-2211,
55,
-116,
-730,
223,
42,
135,
-20,
-606,
415,
-273,
-1777,
763,
1978,
-406,
217,
1301,
-456,
94,
1139,
-665,
-542,
938,
-693,
-9592,
3251,
804,
-6745,
1738,
2338,
-5546,
1204,
4717,
-4147,
-2226,
2742,
-3568,
-4042,
2156,
293,
-2226,
113,
128,
-555,
202,
1,
151,
14,
-515,
527,
-295,
-1825,
1031,
2447,
-329,
-150,
1096,
-396,
-47,
819,
-757,
-469,
881,
-684,
-9477,
3204,
554,
-6812,
1885,
2337,
-5315,
2015,
5356,
-3868,
-1393,
4142,
-2449,
-3386,
2616,
790,
-1552,
623,
155,
-686,
181,
-5,
163,
9,
-582,
566,
-179,
-1906,
636,
1788,
-882,
-118,
1463,
-242,
-48,
735,
-1146,
-914,
771,
-649,
-8745,
3546,
417,
-6919,
2101,
2788,
-4895,
2069,
4741,
-5058,
-2193,
4792,
-900,
-2615,
2265,
511,
-1067,
1459,
793,
-436,
161,
-46,
174,
-21,
-657,
544,
-128,
-1934,
421,
1601,
-830,
-89,
1188,
-520,
137,
1353,
-512,
-596,
769,
-442,
-6783,
3744,
-458,
-7581,
1111,
1567,
-6264,
-385,
1522,
-7880,
-3968,
4636,
-373,
-3153,
1593,
1025,
-851,
641,
381,
-246,
145,
-142,
218,
53,
-665,
427,
191,
-1047,
827,
1434,
-459,
600,
1233,
-837,
26,
1332,
-573,
-653,
766,
-238,
-5006,
3452,
-613,
-6447,
849,
252,
-6768,
-1112,
559,
-7858,
-3919,
4435,
385,
-2015,
2260,
1516,
-990,
-169,
124,
124,
326,
-141,
207,
-33,
-808,
154,
-90,
-1180,
667,
1336,
-317,
845,
1639,
-567,
-527,
595,
-462,
-382,
418,
-132,
-4396,
2843,
-1569,
-7099,
-342,
-1128,
-7369,
-942,
1350,
-7198,
-4316,
3821,
234,
-2627,
1518,
1760,
-668,
-666,
-301,
186,
351,
-192,
237,
59,
-602,
392,
-11,
-1305,
476,
1276,
-306,
877,
2001,
-6,
-276,
821,
87,
-67,
271,
-121,
-4277,
2208,
-1953,
-7159,
-1006,
-1638,
-7142,
-481,
2449,
-5953,
-4522,
3058,
314,
-2845,
618,
1420,
-714,
-1167,
-766,
20,
282,
-171,
192,
15,
-321,
780,
189,
-1088,
813,
1418,
-621,
524,
2249,
493,
-136,
960,
383,
-67,
254,
-124,
-4002,
2603,
-1656,
-6905,
-588,
-1157,
-6645,
280,
3568,
-4712,
-3567,
3633,
1087,
-1666,
1348,
1321,
-842,
-951,
-606,
92,
448,
-64,
142,
-90,
-438,
650,
66,
-1152,
783,
1165,
-1206,
-48,
1954,
316,
-394,
605,
15,
-347,
44,
-107,
-3828,
2803,
-1967,
-7308,
-252,
-845,
-7312,
-539,
3615,
-4072,
-2949,
4031,
1224,
-1942,
704,
968,
-491,
-548,
-675,
-66,
458,
-36,
120,
-222,
-565,
710,
31,
-1307,
1083,
1735,
-1213,
-609,
1451,
128,
-224,
922,
78,
-512,
-79,
-78,
-3641,
2751,
-2290,
-7390,
-8,
-858,
-7553,
-503,
3846,
-3856,
-2792,
3872,
837,
-2137,
645,
957,
-350,
-577,
-1022,
-268,
508,
-4,
113,
-268,
-654,
665,
8,
-1123,
1606,
2028,
-1374,
-626,
1500,
-245,
-531,
1081,
197,
-519,
167,
-55,
-3597,
2548,
-2382,
-7280,
-104,
-882,
-7177,
-460,
3503,
-3413,
-1841,
3954,
496,
-1881,
916,
923,
-19,
-169,
-1115,
-364,
666,
45,
132,
-273,
-948,
448,
242,
-771,
1877,
2248,
-1409,
-789,
1540,
-304,
-957,
815,
471,
-130,
252,
-40,
-3582,
2464,
-2547,
-7126,
346,
-860,
-7704,
-963,
3232,
-3451,
-1778,
3686,
130,
-1732,
1164,
697,
-335,
-329,
-1348,
-578,
591,
17,
145,
-323,
-1114,
358,
221,
-695,
2317,
2732,
-1439,
-1038,
1461,
-425,
-1090,
956,
734,
45,
403,
-38,
-3514,
2676,
-2433,
-7103,
552,
-718,
-7921,
-1075,
3549,
-3300,
-2253,
3086,
-10,
-1583,
1165,
558,
-414,
-417,
-1549,
-764,
535,
23,
138,
-337,
-1116,
378,
269,
-640,
2356,
2778,
-1447,
-1258,
1228,
-176,
-520,
1114,
495,
47,
620,
-30,
-3498,
2794,
-2527,
-7753,
-320,
-1150,
-7784,
-674,
3875,
-3426,
-2912,
2328,
-431,
-1571,
1400,
641,
-499,
-346,
-1419,
-844,
430,
28,
127,
-272,
-940,
528,
483,
-527,
1930,
2146,
-1623,
-1044,
1692,
597,
21,
930,
44,
-177,
517,
-44,
-3647,
3075,
-2490,
-8434,
-1193,
-1863,
-8341,
-1182,
3130,
-4301,
-3729,
1282,
-1469,
-2041,
1193,
543,
-55,
215,
-1420,
-1068,
372,
12,
158,
-115,
-656,
870,
675,
-504,
1824,
1819,
-1819,
-876,
1587,
116,
-96,
1056,
-113,
-318,
578,
-107,
-3757,
3887,
-1036,
-7180,
-305,
-1185,
-7691,
-134,
4840,
-2308,
-2389,
1377,
-1719,
-1329,
2309,
844,
22,
964,
-691,
-957,
354,
76,
113,
-165,
-685,
710,
401,
-815,
1572,
1684,
-1953,
-1013,
1454,
-321,
-832,
543,
-247,
-267,
826,
-168,
-4370,
4229,
-637,
-7259,
185,
-106,
-6682,
708,
5040,
-2555,
-1953,
1878,
-2294,
-1834,
2667,
692,
-1083,
51,
-1032,
-1083,
333,
92,
107,
-202,
-861,
515,
539,
-425,
1690,
1382,
-2278,
-1176,
1290,
-438,
-843,
460,
-322,
-177,
827,
-228,
-4986,
3748,
-707,
-7432,
-657,
-959,
-6862,
121,
3200,
-4305,
-2682,
1265,
-2998,
-1988,
2633,
274,
-1476,
-222,
-1373,
-1285,
292,
48,
156,
-50,
-697,
677,
642,
-256,
2068,
1702,
-2164,
-1110,
1307,
-314,
-425,
748,
-360,
-69,
1070,
-260,
-5164,
4051,
-582,
-7798,
-850,
-1121,
-7416,
-223,
3221,
-4534,
-2847,
1658,
-2581,
-1831,
2794,
184,
-1886,
-363,
-1211,
-1254,
251,
67,
141,
-12,
-621,
622,
522,
-463,
1767,
1847,
-1441,
-607,
1362,
-204,
-357,
549,
-463,
-51,
913,
-262,
-5398,
4316,
-569,
-8288,
-1003,
-1016,
-7316,
588,
4589,
-3740,
-2650,
1863,
-2480,
-1989,
2644,
136,
-1971,
-489,
-1250,
-1195,
308,
88,
131,
11,
-429,
841,
528,
-492,
1759,
1540,
-1827,
-586,
1500,
-346,
-489,
738,
-158,
-43,
552,
-270,
-5832,
4197,
-556,
-8651,
-1313,
-657,
-6931,
404,
4562,
-3224,
-2216,
2123,
-2098,
-1799,
2468,
-28,
-2029,
-665,
-1543,
-1406,
286,
129,
107,
-30,
-545,
693,
786,
67,
1789,
1067,
-1958,
-383,
1476,
-449,
-303,
1044,
-41,
-160,
358,
-320,
-6074,
4401,
128,
-8201,
-1115,
-43,
-6454,
6,
4304,
-2653,
-1787,
2086,
-2038,
-1791,
2355,
262,
-1446,
-332,
-1497,
-1443,
271,
149,
90,
-25,
-497,
608,
693,
282,
2139,
1195,
-2053,
-609,
1128,
-861,
-754,
519,
-560,
-436,
476,
-362,
-6284,
4313,
496,
-7734,
-929,
203,
-6252,
-191,
4445,
-1648,
-799,
2334,
-2333,
-2176,
2325,
479,
-1530,
-476,
-1182,
-1063,
335,
152,
51,
-191,
-518,
690,
465,
-202,
1842,
1137,
-2181,
-765,
1280,
-546,
-706,
359,
-676,
-528,
398,
-334,
-6792,
3830,
222,
-7958,
-1417,
-514,
-6731,
-119,
4958,
-954,
-298,
2283,
-2804,
-2689,
1833,
58,
-1652,
-415,
-1278,
-1277,
240,
166,
19,
-334,
-704,
583,
551,
163,
2332,
1374,
-2171,
-555,
1617,
-514,
-797,
600,
-227,
-187,
624,
-359,
-7068,
3959,
266,
-8368,
-2027,
-1241,
-7100,
359,
5292,
-1766,
-1466,
1857,
-2370,
-1853,
2308,
-132,
-1897,
-387,
-1294,
-1388,
167,
121,
56,
-223,
-556,
732,
398,
-290,
2168,
1501,
-2358,
-1036,
1196,
-841,
-928,
648,
-348,
-423,
619,
-376,
-7103,
4640,
465,
-8731,
-1596,
-814,
-7774,
-103,
5651,
-1557,
-1148,
2960,
-958,
-650,
2929,
-295,
-2063,
4,
-956,
-1398,
149,
128,
70,
-161,
-557,
813,
553,
-548,
1598,
1332,
-2075,
-789,
1230,
-878,
-835,
824,
-375,
-575,
673,
-451,
-7529,
4666,
322,
-9177,
-1410,
-313,
-8013,
-858,
4746,
-2810,
-2145,
2899,
-691,
-750,
2603,
-647,
-2387,
-213,
-1133,
-1565,
70,
98,
107,
0,
-380,
1049,
964,
-258,
1614,
1486,
-1685,
-580,
1258,
-632,
-356,
1199,
-288,
-631,
740,
-436,
-7478,
5030,
580,
-9298,
-1392,
141,
-7530,
-653,
4760,
-2821,
-2042,
3088,
-583,
-658,
2862,
-360,
-2309,
-255,
-1103,
-1469,
156,
141,
78,
-100,
-541,
840,
812,
-279,
1600,
1374,
-1903,
-1007,
697,
-925,
-302,
1244,
-333,
-651,
614,
-451,
-7803,
5284,
835,
-9345,
-1047,
902,
-6845,
-224,
4721,
-2923,
-1466,
3646,
-847,
-718,
3692,
277,
-2489,
-656,
-1310,
-1499,
240,
210,
35,
-232,
-644,
874,
886,
-245,
1742,
1617,
-1777,
-1087,
433,
-1180,
-217,
1579,
-166,
-685,
582,
-499,
-7959,
5179,
943,
-9167,
-892,
1318,
-6194,
296,
5245,
-2207,
-1094,
3325,
-1314,
-840,
3741,
292,
-2402,
-453,
-1144,
-1436,
274,
233,
23,
-238,
-594,
913,
680,
-797,
1238,
1581,
-1558,
-990,
461,
-1103,
-184,
1513,
-272,
-714,
672,
-527,
-8046,
5085,
938,
-9161,
-983,
1205,
-6404,
-170,
4926,
-1836,
-413,
3439,
-1905,
-1631,
3026,
-232,
-2420,
56,
-632,
-1257,
278,
218,
46,
-153,
-689,
522,
444,
-662,
1262,
1352,
-1457,
-378,
923,
-1328,
-830,
1025,
-417,
-700,
710,
-616,
-8406,
5056,
1258,
-8644,
-373,
1458,
-6831,
-855,
4535,
-1833,
-71,
4036,
-1295,
-1234,
3208,
-117,
-2254,
304,
-353,
-1075,
293,
176,
84,
5,
-425,
720,
359,
-963,
934,
1105,
-1429,
-36,
1242,
-1199,
-709,
1191,
-238,
-447,
952,
-629,
-8641,
4838,
1117,
-8668,
-363,
1343,
-6811,
-325,
5240,
-1468,
52,
4030,
-1554,
-1436,
3350,
-75,
-2578,
83,
-250,
-967,
287,
169,
83,
15,
-415,
637,
242,
-911,
1253,
1616,
-1021,
-48,
946,
-1359,
-691,
1166,
-316,
-497,
912,
-645,
-8717,
4734,
700,
-9094,
-190,
1903,
-6221,
342,
5606,
-1701,
-139,
4307,
-1407,
-1910,
2661,
-332,
-2416,
127,
-475,
-1188,
145,
104,
93,
-125,
-649,
674,
395,
-878,
1560,
2280,
-560,
158,
1363,
-768,
-336,
1216,
-356,
-537,
834,
-694,
-8896,
4556,
616,
-8836,
637,
2738,
-6301,
-310,
5465,
-1478,
-242,
4099,
-1472,
-1998,
2780,
46,
-2291,
-2,
-463,
-1104,
155,
103,
98,
-43,
-583,
437,
-21,
-1233,
1104,
1854,
-556,
333,
1240,
-1101,
-739,
717,
-728,
-557,
1035,
