-325,
-5371,
3354,
1720,
-4026,
1435,
3852,
-556,
583,
-175,
-5294,
-2495,
1551,
-1010,
-668,
1297,
-1589,
-2234,
443,
135,
-653,
85,
58,
72,
-23,
-348,
539,
435,
-640,
189,
121,
-1527,
-629,
513,
-460,
-55,
700,
-315,
-155,
705,
-221,
-4209,
3677,
1249,
-3827,
1513,
1668,
-3142,
615,
615,
-6015,
-3023,
1736,
-1718,
-1153,
2459,
-792,
-3166,
-494,
352,
-76,
326,
64,
92,
11,
-388,
576,
648,
-481,
215,
291,
-1048,
-184,
306,
-1257,
-542,
870,
-127,
-309,
434,
-163,
-3865,
2737,
9,
-4100,
1300,
946,
-3201,
1519,
1385,
-5712,
-2745,
1936,
-1691,
-870,
3134,
-149,
-2738,
-195,
403,
-241,
251,
91,
76,
41,
-325,
626,
922,
-74,
200,
-157,
-1391,
-300,
162,
-1520,
-931,
291,
-818,
-850,
164,
-118,
-3578,
2627,
-478,
-4494,
863,
151,
-3747,
1583,
1287,
-6141,
-2802,
2096,
-1812,
-945,
3335,
23,
-2723,
-350,
90,
-468,
221,
106,
68,
6,
-360,
670,
1019,
23,
211,
-406,
-1689,
-205,
479,
-1394,
-926,
281,
-895,
-877,
163,
-79,
-3425,
2520,
-665,
-4658,
501,
-238,
-3850,
1611,
1378,
-5851,
-2555,
2148,
-1615,
-570,
3526,
-5,
-2838,
-566,
-116,
-527,
241,
126,
51,
-22,
-259,
886,
1175,
96,
201,
-535,
-1774,
-176,
458,
-1388,
-745,
463,
-786,
-712,
298,
-82,
-3304,
2836,
-597,
-5002,
234,
-421,
-4276,
1556,
2297,
-4716,
-1899,
2742,
-937,
-200,
3728,
266,
-2710,
-529,
88,
-307,
299,
122,
52,
-28,
-299,
770,
1050,
-16,
46,
-509,
-1392,
198,
535,
-1361,
-585,
636,
-650,
-592,
381,
-128,
-3694,
3154,
-118,
-5391,
-502,
-641,
-4536,
1027,
2645,
-3474,
-1286,
2440,
-1224,
-449,
3192,
-111,
-2724,
-626,
-180,
-468,
244,
84,
76,
-38,
-474,
573,
974,
-107,
-132,
-620,
-1385,
200,
448,
-1543,
-782,
519,
-770,
-784,
293,
-180,
-3997,
3407,
823,
-4642,
-428,
-450,
-3698,
2025,
3461,
-2835,
-942,
2558,
-1229,
-721,
2849,
-133,
-2610,
-722,
-389,
-598,
213,
95,
67,
-48,
-540,
363,
878,
116,
16,
-823,
-1612,
190,
641,
-1094,
-251,
747,
-823,
-780,
446,
-128,
-3590,
3073,
-35,
-4873,
-96,
-846,
-4763,
1671,
3761,
-3168,
-1908,
1888,
-1579,
-1148,
2518,
-181,
-2536,
-615,
-292,
-626,
140,
102,
34,
-116,
-390,
648,
1006,
318,
628,
-129,
-1234,
413,
847,
-1053,
-283,
891,
-573,
-630,
493,
-114,
-3652,
3374,
100,
-5370,
-803,
-1324,
-5061,
1396,
3541,
-3156,
-1885,
1495,
-1955,
-875,
2946,
-126,
-2468,
-406,
-252,
-660,
166,
102,
44,
-155,
-535,
610,
1024,
158,
529,
24,
-1122,
340,
660,
-1370,
-570,
807,
-654,
-869,
275,
-133,
-3879,
3774,
676,
-5545,
-1498,
-1597,
-4783,
1611,
3512,
-3164,
-1912,
1402,
-1847,
-821,
2417,
-744,
-2414,
-89,
-313,
-895,
63,
78,
60,
-93,
-455,
648,
959,
155,
786,
382,
-822,
677,
1021,
-1092,
-332,
1074,
-332,
-550,
434,
-125,
-3820,
4037,
729,
-5956,
-1774,
-1277,
-4372,
1599,
3402,
-2958,
-1643,
1330,
-2188,
-1093,
2371,
-639,
-2285,
26,
-215,
-854,
62,
81,
56,
-77,
-404,
606,
820,
78,
740,
385,
-559,
999,
993,
-1241,
-281,
1095,
-402,
-443,
611,
-133,
-3793,
4455,
1123,
-5824,
-1352,
-581,
-4203,
1305,
3551,
-2264,
-1108,
1526,
-1942,
-749,
2546,
-581,
-2096,
307,
-14,
-746,
115,
94,
47,
-150,
-558,
409,
545,
-148,
901,
779,
-507,
735,
886,
-1264,
-547,
716,
-647,
-561,
573,
-134,
-3914,
4274,
1164,
-5638,
-1458,
-914,
-4359,
1423,
3898,
-1942,
-1230,
1304,
-1605,
-413,
2123,
-1050,
-1930,
480,
-180,
-783,
220,
104,
57,
-220,
-725,
468,
657,
-338,
826,
1054,
-384,
778,
1265,
-1050,
-873,
524,
-430,
-494,
421,
-135,
-4053,
4278,
1406,
-5633,
-2048,
-1708,
-5067,
695,
3207,
-2581,
-1798,
1109,
-1641,
-921,
1386,
-1402,
-2065,
243,
-405,
-915,
139,
64,
94,
-45,
-554,
510,
826,
4,
987,
1181,
147,
1504,
1734,
-848,
-715,
799,
-94,
-262,
639,
-136,
-3982,
4510,
1556,
-5588,
-1894,
-1626,
-5215,
663,
3599,
-1828,
-1066,
1354,
-1648,
-449,
2183,
-1024,
-1993,
523,
-67,
-805,
156,
96,
68,
-81,
-527,
446,
511,
-392,
749,
982,
-224,
1094,
1563,
-708,
-427,
925,
-339,
-704,
357,
-159,
-4156,
4659,
1776,
-5537,
-1895,
-1821,
-5522,
775,
3838,
-2169,
-1411,
1734,
-1355,
-873,
2001,
-363,
-1305,
658,
-141,
-799,
190,
108,
72,
14,
-354,
438,
363,
-318,
898,
870,
-294,
1203,
1319,
-1238,
-526,
1159,
-388,
-944,
283,
-198,
-4280,
4711,
2328,
-4554,
-1139,
-1640,
-5455,
1007,
4053,
-1862,
-1088,
1498,
-2029,
-1303,
1865,
-310,
-896,
1137,
9,
-802,
237,
137,
63,
19,
-240,
606,
279,
-630,
682,
692,
-548,
1021,
1158,
-1352,
-320,
1430,
-473,
-1101,
334,
-202,
-4223,
4929,
2395,
-4604,
-854,
-1235,
-5546,
449,
3465,
-2196,
-1079,
1688,
-1884,
-1249,
1744,
-646,
-1156,
1158,
129,
-737,
254,
122,
85,
86,
-193,
749,
575,
-431,
690,
619,
-814,
665,
1269,
-797,
-43,
1354,
-345,
-816,
372,
-207,
-4275,
4791,
2465,
-4196,
-591,
-1577,
-6100,
537,
4154,
-1925,
-1515,
1398,
-1661,
-1036,
1654,
-938,
-1505,
1016,
293,
-558,
263,
85,
108,
122,
-222,
664,
460,
-613,
528,
528,
-1132,
29,
727,
-1116,
-300,
1328,
-118,
-699,
360,
-214,
-4446,
4360,
2240,
-4121,
-710,
-1961,
-6700,
-483,
3028,
-2654,
-2008,
850,
-2289,
-1793,
838,
-1635,
-2101,
512,
-66,
-837,
71,
36,
118,
186,
-35,
916,
758,
-316,
614,
455,
-987,
486,
1196,
-888,
-226,
1563,
340,
-284,
633,
-230,
-4395,
4793,
2814,
-3719,
-144,
-964,
-5732,
172,
3733,
-1768,
-1156,
1704,
-1540,
-1567,
739,
-1321,
-1280,
1285,
374,
-600,
247,
129,
69,
99,
-72,
732,
276,
-904,
132,
127,
-1208,
161,
677,
-1275,
-333,
1346,
-162,
-762,
309,
-242,
-4460,
4932,
3285,
-3312,
63,
-458,
-5162,
50,
3470,
-1161,
-98,
2334,
-1289,
-1398,
767,
-1468,
-1423,
1314,
496,
-595,
154,
95,
66,
37,
-153,
701,
230,
-1101,
-118,
64,
-1169,
153,
838,
-935,
-187,
1356,
64,
-444,
450,
-263,
-4702,
4890,
3341,
-3158,
393,
-483,
-5848,
-652,
3093,
-1617,
-642,
1990,
-1508,
-1462,
969,
-1364,
-1652,
1094,
483,
-557,
166,
92,
78,
99,
-67,
886,
605,
-733,
79,
206,
-1065,
258,
1199,
-479,
-150,
1030,
-147,
-410,
591,
-262,
-4837,
4785,
3395,
-2970,
401,
-734,
-5997,
-765,
2712,
-1776,
-296,
1984,
-2234,
-2218,
527,
-1489,
-1363,
1419,
462,
-661,
159,
84,
83,
33,
-181,
985,
799,
-622,
318,
404,
-1273,
-51,
1015,
-749,
-281,
1286,
135,
-258,
798,
-266,
-4844,
4845,
3315,
-3317,
81,
-537,
-5238,
-212,
2436,
-2358,
-546,
1863,
-2363,
-2141,
663,
-1469,
-1390,
1260,
216,
-713,
243,
108,
82,
22,
-164,
1055,
691,
-912,
203,
470,
-1288,
-216,
704,
-1059,
-342,
1359,
119,
-295,
748,
-309,
-4981,
4955,
3180,
-3388,
675,
-209,
-5345,
799,
4144,
-1924,
-949,
2028,
-2084,
-2249,
713,
-1224,
-1228,
1479,
391,
-767,
188,
132,
68,
36,
-227,
792,
548,
-841,
184,
572,
-801,
66,
445,
-1208,
-125,
1436,
-28,
-406,
646,
-338,
-5194,
4771,
3003,
-3346,
1016,
101,
-4892,
1760,
5136,
-1389,
-729,
1977,
-2341,
-2393,
676,
-1288,
-1241,
1458,
321,
-776,
181,
97,
87,
45,
-187,
895,
479,
-1075,
-94,
146,
-1001,
491,
890,
-1103,
160,
1737,
-255,
-729,
670,
-391,
-5544,
4426,
2656,
-3805,
926,
746,
-4491,
1204,
4569,
-1548,
-1347,
1057,
-2520,
-1856,
1243,
-1012,
-1283,
1379,
412,
-801,
-43,
-7,
104,
-13,
-276,
813,
368,
-1091,
169,
592,
-792,
276,
546,
-1467,
-375,
1314,
-239,
-568,
682,
-430,
-5845,
4276,
2522,
-4255,
690,
1589,
-3181,
1474,
3711,
-2261,
-1212,
1613,
-2075,
-1375,
2050,
-291,
-1161,
1139,
236,
-840,
25,
58,
77,
-6,
-286,
669,
382,
-850,
124,
98,
-1382,
-179,
382,
-1310,
-214,
1324,
-172,
-434,
674,
-424,
-5971,
4093,
2618,
-3996,
767,
1991,
-2111,
2143,
3305,
-2681,
-912,
1882,
-2201,
-1154,
2874,
494,
-852,
1050,
-25,
-996,
92,
147,
24,
-147,
-501,
402,
277,
-658,
426,
297,
-1190,
225,
901,
-985,
-46,
1646,
272,
-165,
727,
-419,
-6113,
3308,
1799,
-4128,
1128,
2589,
-1475,
2135,
2395,
-3716,
-1269,
2380,
-1190,
-368,
2973,
252,
-999,
935,
-132,
-893,
310,
217,
29,
-67,
-516,
224,
203,
-449,
801,
530,
-1376,
-160,
874,
-684,
48,
1500,
229,
-108,
748,
-300,
-5346,
2329,
372,
-4540,
1147,
2841,
-1336,
1703,
2549,
-3155,
-2116,
1298,
-742,
-6,
2470,
265,
-890,
434,
-168,
-380,
485,
203,
3,
-196,
-518,
24,
-491,
-988,
671,
358,
-1715,
-638,
417,
-802,
-104,
799,
-612,
-632,
472,
-350,
-5721,
2840,
849,
-4666,
1322,
3322,
-980,
2379,
3531,
-2342,
-1640,
971,
-1754,
-572,
2314,
-372,
-1601,
259,
-213,
-476,
524,
244,
0,
-150,
-420,
263,
-206,
-882,
784,
699,
-1330,
-380,
542,
-773,
-72,
815,
-712,
-764,
392,
-416,
-6156,
3145,
1617,
-4188,
1303,
2846,
-1513,
2192,
3322,
-2639,
-1354,
1583,
-1542,
-302,
3051,
268,
-1179,
695,
-90,
-732,
304,
168,
51,
-4,
-288,
699,
639,
-400,
636,
593,
-1154,
-97,
838,
-865,
-584,
642,
-359,
-478,
420,
-439,
-6367,
3172,
1751,
-4120,
1391,
2834,
-1847,
1689,
3020,
-2505,
-893,
1926,
-1553,
-410,
3080,
396,
-1003,
864,
-2,
-683,
366,
202,
37,
-25,
-301,
609,
361,
-816,
188,
54,
-1754,
-416,
1039,
-359,
-157,
835,
-290,
-396,
534,
-469,
-6378,
3577,
2252,
-3923,
1466,
2840,
-2146,
1287,
2889,
-2258,
-120,
3070,
-839,
-599,
2290,
-572,
-1660,
881,
257,
-734,
204,
172,
40,
31,
-267,
483,
355,
-566,
361,
150,
-1515,
-305,
826,
-490,
75,
1154,
-187,
-467,
419,
-459,
-6567,
3586,
2346,
-3842,
1675,
3280,
-1361,
2313,
3765,
-1557,
510,
3332,
-863,
-372,
2782,
-9,
-1035,
1198,
73,
-930,
198,
155,
69,
27,
-457,
407,
487,
-514,
420,
326,
-1404,
-111,
1181,
-440,
-189,
1189,
224,
-151,
466,
-471,
-6709,
3375,
2309,
-3557,
2171,
3606,
-1810,
1175,
3012,
-1572,
416,
2965,
-1103,
-694,
2437,
232,
-508,
1380,
189,
-726,
151,
43,
112,
45,
-327,
635,
313,
-956,
254,
320,
-1546,
-377,
838,
-627,
-83,
1265,
165,
-121,
484,
-478,
-6953,
3534,
3043,
-2761,
2456,
3396,
-2177,
834,
2679,
-1919,
257,
3227,
-611,
-401,
2428,
102,
-637,
1249,
33,
-843,
133,
53,
112,
73,
-295,
689,
388,
-923,
508,
1034,
-871,
-183,
916,
-522,
-295,
895,
25,
-120,
499,
-451,
-6884,
3654,
3395,
-2529,
2421,
3750,
-1761,
161,
1420,
-2466,
240,
3120,
-686,
-434,
2225,
-160,
-749,
1355,
279,
-640,
240,
96,
93,
27,
-456,
333,
82,
-1120,
89,
434,
-1291,
-382,
905,
-248,
155,
1285,
214,
-144,
435,
-491,
-6940,
3627,
2904,
-3393,
1813,
3366,
-1986,
418,
1818,
-2481,
77,
3142,
-639,
-441,
2297,
14,
-712,
1045,
-125,
-809,
201,
66,
106,
7,
-534,
204,
-49,
-945,
503,
613,
-1038,
389,
1472,
-423,
-147,
1247,
261,
-49,
542,
-464,
-6821,
3401,
2965,
-2967,
1647,
2670,
-2314,
349,
1475,
-2825,
64,
2945,
-1576,
-1602,
1771,
17,
-678,
1086,
-128,
-981,
70,
64,
96,
8,
-478,
480,
552,
-542,
487,
828,
-584,
472,
1393,
-407,
-360,
1037,
500,
344,
759,
-451,
-6711,
3344,
3063,
-2409,
2439,
3364,
-1872,
535,
1511,
-2928,
-129,
2950,
-1307,
-1353,
1872,
-57,
-978,
802,
-167,
-949,
51,
74,
65,
-89,
-461,
606,
559,
-657,
496,
970,
-673,
89,
1215,
-221,
-375,
498,
-179,
-52,
684,
-443,
-6808,
3260,
2993,
-2474,
2378,
3366,
-1638,
972,
1816,
-2881,
-117,
3070,
-1062,
-885,
2568,
611,
-597,
959,
-14,
-821,
44,
44,
66,
-163,
-554,
551,
374,
-1057,
-32,
412,
-1138,
-320,
744,
-548,
-387,
473,
-485,
-466,
399,
-446,
-7057,
3090,
2592,
-3146,
1903,
3138,
-1821,
1035,
2190,
-2590,
-71,
3208,
-584,
-426,
2496,
249,
-586,
1359,
373,
-524,
274,
119,
51,
-170,
-604,
471,
395,
-950,
-46,
258,
-1139,
-94,
898,
-496,
-210,
655,
-532,
-624,
305,
-492,
-7195,
3341,
2913,
-3032,
2041,
3190,
-2021,
979,
2438,
-2400,
-102,
2981,
-890,
-431,
2788,
282,
-885,
1183,
366,
-592,
183,
93,
58,
-175,
-721,
263,
386,
-655,
261,
421,
-948,
135,
950,
-575,
-176,
810,
-341,
-379,
496,
-489,
-7181,
3460,
3119,
-2661,
2510,
3431,
-2028,
922,
2375,
-2242,
440,
3577,
-368,
122,
2991,
-102,
-1411,
771,
-18,
-845,
97,
55,
93,
-52,
-577,
347,
277,
-809,
436,
819,
-752,
105,
934,
-530,
-189,
741,
-232,
-54,
662,
-486,
-7016,
3655,
3081,
-2878,
2451,
3557,
-1765,
1462,
2986,
-1935,
585,
3776,
-353,
-134,
2823,
19,
-1229,
724,
-266,
-1023,
100,
92,
74,
-75,
-547,
411,
238,
-995,
295,
801,
-736,
240,
1170,
-426,
-79,
1090,
43,
-41,
744,
-482,
-6890,
3691,
3225,
-2878,
1929,
3000,
-2021,
1043,
2356,
-2352,
439,
3821,
-300,
-482,
2187,
-291,
-1096,
932,
-209,
-1084,
52,
97,
60,
-107,
-512,
603,
590,
-775,
76,
343,
-969,
312,
1146,
-902,
-772,
627,
-227,
-245,
745,
-452,
-6925,
3343,
3171,
-2591,
1726,
2455,
-2237,
814,
1959,
-2256,
753,
3355,
-1347,
-1167,
2068,
-121,
-782,
1225,
-89,
-1086,
31,
88,
62,
-132,
-613,
406,
313,
-982,
105,
393,
-1265,
-97,
1119,
-750,
-912,
349,
-344,
-313,
681,
-451,
-6903,
3287,
3107,
-2342,
2332,
2817,
-2477,
560,
2253,
-1695,
1221,
3808,
-918,
-924,
2143,
-222,
-1137,
801,
-294,
-1069,
95,
104,
70,
-66,
-562,
367,
275,
-1004,
64,
548,
-883,
34,
861,
-906,
-826,
324,
-495,
-327,
789,
-488,
-6822,
3895,
3256,
-2851,
2325,
3223,
-2495,
249,
1577,
-2942,
367,
3960,
-524,
-773,
2145,
-508,
-1555,
733,
-62,
-883,
168,
126,
59,
-80,
-485,
565,
410,
-937,
460,
1339,
-223,
316,
991,
-825,
-787,
476,
-251,
-256,
669,
-505,
-6941,
3710,
2777,
-3633,
1623,
2744,
-2894,
126,
1921,
-2673,
-24,
3232,
-1000,
-1055,
1773,
-926,
-1933,
364,
-342,
-1001,
117,
88,
87,
-35,
-553,
468,
542,
-594,
706,
1389,
-229,
253,
933,
-613,
-325,
899,
71,
-62,
589,
-494,
-6925,
3852,
3002,
-3389,
1828,
2767,
-2919,
595,
3068,
-1290,
1307,
4499,
-134,
-788,
2070,
-57,
-897,
1045,
11,
-849,
124,
73,
94,
29,
-401,
472,
325,
-682,
672,
1025,
-523,
547,
1321,
-636,
-481,
774,
-154,
-219,
638,
-462,
-6864,
3960,
3111,
-3198,
2198,
3205,
-2588,
659,
2815,
-1651,
977,
4202,
-21,
-43,
2705,
-169,
-1263,
1011,
159,
-781,
134,
85,
73,
-107,
-616,
361,
345,
-743,
393,
652,
-720,
648,
1523,
-591,
-562,
803,
56,
-81,
500,
-469,
-6835,
4035,
3126,
-3348,
2113,
3384,
-2577,
144,
2242,
-1952,
509,
3439,
-557,
-218,
2519,
-472,
-1504,
894,
135,
-731,
204,
123,
41,
-251,
-771,
334,
265,
-1085,
85,
607,
-930,
6,
901,
-848,
-609,
806,
46,
-159,
416,
-476,
-6884,
3799,
3197,
-2818,
2586,
3766,
-2021,
570,
2336,
-1960,
287,
2863,
-1119,
-603,
2153,
-644,
-1395,
892,
-109,
-922,
156,
111,
53,
-184,
-596,
563,
287,
-1246,
148,
910,
-780,
104,
1435,
84,
209,
1214,
123,
-136,
623,
-466,
-6868,
3738,
3292,
-2618,
2737,
4072,
-1799,
196,
1757,
-2162,
218,
2620,
-1410,
-708,
2408,
-262,
-1308,
858,
62,
-757,
146,
76,
78,
-52,
-418,
557,
108,
-1437,
-32,
925,
-411,
507,
1571,
89,
199,
1076,
-196,
-440,
598,
-482,
-6761,
3896,
3084,
-3072,
2539,
3904,
-2229,
-189,
1459,
-2471,
240,
2948,
-1202,
-512,
2746,
-89,
-1318,
901,
80,
-778,
231,
141,
74,
98,
-192,
625,
221,
-1104,
112,
507,
-1105,
62,
1558,
353,
511,
1356,
125,
-166,
600,
-502,
-7100,
3522,
2899,
-2988,
2569,
3463,
-2846,
-203,
2051,
-2013,
476,
3453,
-701,
-736,
2075,
-295,
-952,
1246,
152,
-826,
168,
113,
76,
56,
-172,
826,
357,
-1123,
355,
969,
-1108,
-483,
1043,
35,
305,
1377,
265,
-143,
574,
-505,
-7018,
3564,
2937,
-2732,
3104,
4063,
-2315,
129,
1850,
-2719,
-192,
3014,
-1178,
-1178,
1923,
-332,
-1068,
1262,
392,
-604,
257,
133,
75,
95,
-151,
749,
399,
-981,
32,
275,
-1352,
-421,
585,
-779,
-315,
834,
-235,
-387,
406,
-496,
-6861,
3687,
2983,
-2620,
3270,
4010,
-2521,
152,
2060,
-2586,
-27,
3312,
-892,
-860,
2289,
-238,
-1274,
1129,
373,
-720,
114,
90,
87,
107,
-249,
474,
201,
-934,
101,
378,
-820,
440,
1151,
-676,
-323,
807,
-455,
-717,
209,
-476,
-6647,
3941,
3290,
-2685,
2658,
3595,
-2385,
442,
2415,
-2388,
-441,
2734,
-1110,
-1157,
1863,
-213,
-1016,
1115,
312,
-616,
180,
83,
85,
-4,
-525,
238,
158,
-920,
96,
476,
-784,
141,
755,
-875,
-421,
823,
-242,
-541,
243,
-500,
-6842,
3771,
3012,
-2974,
2535,
3464,
-2543,
358,
2188,
-2776,
-850,
2193,
-1550,
-1086,
2196,
100,
-633,
1409,
417,
-481,
303,
92,
98,
40,
-355,
528,
159,
-1132,
237,
767,
-865,
-117,
671,
-710,
-90,
1011,
-228,
-376,
441,
-519,
-7137,
3375,
2407,
-3741,
1849,
2960,
-2906,
-55,
1573,
-3147,
-549,
2553,
-1687,
-1166,
2442,
33,
-1143,
976,
188,
-641,
222,
73,
102,
-23,
-606,
273,
118,
-1148,
111,
642,
-1061,
-442,
373,
-981,
-384,
799,
-366,
-435,
593,
-463,
-6784,
3947,
3380,
-2686,
2692,
3944,
-1892,
599,
2395,
-2000,
66,
2766,
-1043,
-552,
2296,
-345,
-1134,
1112,
116,
-799,
171,
86,
97,
12,
-513,
363,
179,
-1142,
70,
548,
-1240,
-378,
958,
-523,
-602,
616,
21,
-57,
632,
-452,
-6774,
4000,
3508,
-2508,
2920,
4315,
-1491,
614,
1967,
-2411,
-216,
2326,
-1443,
-470,
2758,
106,
-891,
1144,
90,
-744,
243,
101,
103,
108,
-258,
648,
381,
-805,
597,
950,
-958,
2,
1300,
-271,
-308,
721,
-229,
-349,
478,
-501,
-7018,
3714,
2981,
-3151,
2394,
3743,
-1803,
1135,
2707,
-2353,
-379,
2680,
-975,
-603,
2122,
-391,
-899,
1448,
384,
-655,
166,
62,
91,
-34,
-418,
572,
296,
-831,
658,
977,
-813,
299,
1497,
17,
244,
1066,
-125,
-11,
830,
-493,
-7081,
3948,
3484,
-2600,
2644,
3332,
-2582,
756,
2929,
-2029,
-483,
2189,
-1152,
-139,
2534,
-597,
-1449,
917,
65,
-651,
276,
82,
86,
-134,
-594,
547,
229,
-1206,
209,
504,
-1451,
-124,
1390,
-420,
-497,
847,
138,
-39,
483,
-481,
-6929,
3832,
3192,
-2632,
2944,
3514,
-2826,
225,
2372,
-2232,
43,
3063,
-709,
19,
2997,
-44,
-1172,
1100,
207,
-657,
267,
103,
88,
-51,
-547,
485,
353,
-938,
316,
641,
-1165,
-108,
999,
-896,
-833,
724,
193,
64,
571,
-497,
-7036,
3724,
2824,
-3338,
2488,
3711,
-2423,
484,
2616,
-2139,
-153,
2769,
-1232,
-707,
2844,
518,
-737,
1213,
399,
-500,
220,
51,
108,
13,
-439,
522,
285,
-1075,
63,
433,
-1165,
-185,
706,
-1005,
-673,
659,
-237,
-286,
551,
-515,
-7108,
3755,
3118,
-3149,
2328,
3651,
-2314,
422,
2605,
-2014,
-228,
2814,
-714,
-293,
2767,
291,
-950,
974,
237,
-566,
195,
48,
112,
55,
-404,
506,
387,
-806,
348,
782,
-716,
239,
1167,
-541,
-516,
543,
-377,
-460,
452,
-501,
-7233,
3477,
3178,
-2733,
2376,
3482,
-1858,
1017,
2193,
-3108,
-979,
2516,
-737,
59,
3246,
517,
-934,
845,
-118,
-954,
57,
75,
79,
1,
-408,
289,
-212,
-1332,
411,
1187,
-635,
-215,
624,
-683,
-359,
582,
-457,
-392,
629,
-512,
-7053,
3721,
3112,
-2794,
2796,
3689,
-2383,
547,
2310,
-2651,
-293,
3105,
-937,
-972,
2042,
-356,
-1407,
625,
-183,
-896,
123,
90,
70,
-35,
-321,
652,
169,
-1300,
-31,
413,
-1165,
-67,
965,
-571,
-40,
1232,
6,
-199,
787,
-482,
-7015,
3918,
3396,
-2597,
3046,
4099,
-2291,
198,
2482,
-1525,
704,
3220,
-998,
-529,
2654,
-34,
-1253,
897,
186,
-623,
237,
104,
84,
85,
-162,
683,
230,
-882,
561,
653,
-1303,
-95,
1280,
-116,
437,
1753,
348,
-264,
537,
-517,
-7185,
3724,
3218,
-2810,
2520,
3200,
-2837,
555,
2961,
-1907,
-204,
2607,
-1435,
-1325,
1825,
-124,
-711,
1358,
410,
-443,
305,
70,
121,
165,
-167,
459,
-227,
-1141,
888,
1214,
-1035,
-187,
981,
-481,
39,
1310,
88,
-234,
489,
-492,
-7104,
3621,
3092,
-2795,
2722,
3740,
-2126,
989,
3132,
-1851,
-506,
2054,
-1568,
-842,
2350,
-124,
-1279,
606,
-158,
-761,
179,
69,
89,
-1,
-385,
297,
-365,
-1444,
251,
420,
-1541,
-217,
1109,
-615,
-321,
1113,
108,
-330,
251,
-457,
-6963,
3788,
3181,
-2949,
2417,
3726,
-1896,
719,
2328,
-2152,
85,
2846,
-950,
-351,
2528,
-171,
-1159,
753,
-272,
-899,
193,
92,
81,
-68,
-514,
409,
84,
-1045,
383,
298,
-2023,
-853,
871,
-436,
-267,
833,
-211,
-444,
288,
-487,
-7037,
3895,
3221,
-2999,
2518,
3618,
-2389,
671,
3016,
-1554,
410,
3341,
-612,
-563,
2166,
-421,
-1458,
450,
-454,
-950,
271,
159,
59,
-61,
-538,
276,
12,
-1104,
243,
428,
-1547,
-548,
850,
-489,
-309,
773,
-78,
-49,
663,
-516,
-7168,
3751,
3337,
-2823,
2313,
3295,
-2342,
911,
2958,
-1912,
279,
3478,
-1053,
-1623,
1717,
-34,
-1222,
478,
-179,
-812,
55,
23,
101,
4,
-425,
390,
62,
-1124,
124,
420,
-1255,
-249,
945,
-340,
-15,
938,
-186,
-244,
651,
-468,
-7101,
3579,
3659,
-2114,
2659,
3978,
-978,
1436,
2121,
-2979,
-548,
3030,
-612,
-737,
2089,
-76,
-1137,
656,
-109,
-819,
49,
28,
92,
-64,
-524,
546,
648,
-646,
-1,
159,
-1234,
-315,
667,
-608,
-387,
553,
-198,
-48,
717,
-451,
-7163,
3061,
3083,
-2406,
2429,
3875,
-901,
1268,
1976,
-2280,
575,
3522,
-543,
-373,
2544,
79,
-1099,
739,
-105,
-896,
16,
36,
84,
-69,
-542,
393,
341,
-989,
-381,
-226,
-1268,
149,
1098,
-622,
-554,
475,
-360,
-217,
799,
-463,
-7085,
3221,
3222,
-2235,
2758,
3866,
-1852,
-31,
1270,
-2659,
-57,
2685,
-1575,
-1376,
2272,
435,
-854,
894,
196,
-745,
-53,
-9,
102,
-12,
-528,
295,
349,
-769,
-122,
91,
-896,
302,
1016,
-629,
-303,
861,
-217,
-494,
463,
-477,
-7129,
3074,
2794,
-2622,
2494,
3326,
-2079,
661,
1886,
-2684,
55,
3040,
-1318,
-1139,
2053,
-470,
-1566,
740,
136,
-737,
84,
48,
89,
-47,
-473,
575,
450,
-1060,
-243,
257,
-803,
510,
1397,
-523,
-466,
695,
-403,
-622,
455,
-492,
-7123,
3351,
2857,
-2685,
2907,
3847,
-1761,
1399,
2886,
-2386,
-335,
2716,
-1147,
-434,
2948,
186,
-1194,
924,
188,
-677,
175,
79,
84,
-36,
-440,
579,
330,
-1190,
-275,
96,
-1152,
209,
1162,
-590,
-98,
1231,
-60,
-285,
774,
-519,
-7223,
3795,
3160,
-3047,
2807,
4396,
-1660,
726,
2407,
-2416,
-372,
2781,
-980,
-718,
2363,
65,
-880,
1142,
260,
-634,
152,
53,
86,
-63,
-381,
747,
383,
-1228,
-134,
250,
-1487,
-525,
727,
-569,
-175,
1022,
46,
-134,
497,
-476,
-7172,
3886,
3672,
-2166,
3306,
4278,
-1846,
703,
2435,
-2107,
232,
3053,
-1264,
-1016,
2344,
154,
-712,
1341,
278,
-725,
135,
43,
123,
92,
-404,
479,
316,
-1048,
-112,
195,
-1233,
-53,
1012,
-641,
-405,
896,
-25,
-292,
419,
-471,
-6981,
3974,
3721,
-2018,
3293,
3849,
-2303,
595,
2395,
-2292,
90,
2920,
-1514,
-1193,
2268,
-40,
-913,
1396,
494,
-588,
148,
29,
124,
22,
-591,
303,
268,
-941,
150,
449,
-1181,
-76,
1098,
-509,
-209,
1281,
403,
-44,
533,
-431,
-6936,
4092,
3818,
-2045,
3354,
4202,
-1938,
830,
2862,
-1696,
223,
2766,
-1245,
-524,
2795,
139,
-995,
1156,
189,
-850,
45,
45,
97,
-29,
-624,
100,
-127,
-1271,
-2,
499,
-929,
71,
945,
-705,
-452,
722,
-113,
12,
858,
-452,
-6936,
3993,
3708,
-2219,
2970,
3951,
-1572,
1552,
3317,
-1534,
509,
3296,
-855,
-746,
2042,
-508,
-1197,
1138,
161,
-800,
154,
90,
89,
36,
-390,
404,
48,
-1189,
60,
366,
-1210,
21,
1108,
-642,
-409,
883,
-65,
-141,
737,
-485,
-7116,
3633,
3346,
-2667,
2465,
3889,
-1457,
1027,
2464,
-2093,
-18,
2893,
-659,
-392,
2182,
-159,
-810,
992,
-229,
-993,
74,
69,
70,
-106,
-492,
423,
-18,
-1394,
-227,
85,
-1264,
150,
1229,
-394,
-82,
929,
-201,
-176,
688,
-471,
-6906,
3762,
3181,
-2769,
2806,
4240,
-1519,
804,
2423,
-1775,
494,
2962,
-1156,
-777,
2088,
-384,
-1164,
759,
-335,
-1010,
99,
69,
77,
-116,
-552,
458,
229,
-959,
256,
319,
-1276,
345,
1686,
-106,
7,
1109,
29,
-103,
595,
-409,
-5826,
3290,
1392,
-4267,
2010,
3889,
-1364,
1159,
2336,
-2208,
422,
3208,
-1347,
-1279,
2045,
-159,
-1159,
905,
102,
-722,
197,
131,
37,
-152,
-457,
635,
383,
-1064,
-23,
299,
-1339,
-266,
1037,
-420,
-424,
549,
-329,
-359,
447,
-333,
-5624,
3907,
2529,
-3244,
2590,
4667,
-300,
1975,
3065,
-1621,
253,
2821,
-1101,
-1031,
1803,
-166,
-737,
1192,
195,
-669,
142,
60,
82,
-5,
-199,
995,
837,
-498,
528,
790,
-704,
433,
1496,
-52,
40,
757,
-491,
-393,
648,
-297,
-6373,
4004,
3671,
-1933,
3364,
4957,
-58,
2326,
3329,
-1480,
428,
3067,
-773,
-674,
2010,
-42,
-509,
1370,
161,
-770,
63,
-4,
136,
133,
-195,
862,
857,
-251,
650,
664,
-719,
587,
1501,
-127,
146,
1003,
-186,
-174,
583,
-337,
-6563,
3621,
3102,
-2174,
3596,
4794,
-879,
1655,
2845,
-2210,
106,
3625,
-199,
-611,
1968,
-152,
-958,
766,
-329,
-1070,
-1,
49,
82,
-9,
-254,
876,
773,
-338,
921,
1194,
-451,
674,
1905,
470,
568,
1344,
147,
16,
717,
-420,
-6570,
3389,
2628,
-2545,
3444,
4549,
-1144,
1782,
3302,
-1683,
590,
3759,
-437,
-631,
2274,
7,
-837,
1203,
157,
-839,
71,
56,
96,
37,
-369,
534,
314,
-1004,
136,
729,
-601,
330,
1234,
-227,
48,
1025,
-71,
-238,
473,
