-558,
-7047,
4914,
1688,
-6590,
1070,
2883,
-3568,
2142,
4973,
-3126,
-1904,
2304,
-2462,
-2042,
2927,
590,
-1193,
998,
50,
-937,
243,
174,
64,
-1,
-358,
704,
402,
-1005,
235,
247,
-1689,
-365,
448,
-1592,
-484,
1453,
-89,
-417,
830,
-603,
-7224,
5094,
1998,
-6473,
1208,
3032,
-3934,
1253,
4283,
-3243,
-1717,
2641,
-1912,
-1549,
2936,
105,
-1840,
506,
-147,
-967,
197,
139,
70,
-59,
-525,
422,
100,
-988,
663,
713,
-1341,
54,
885,
-1414,
-667,
1137,
-120,
-110,
1015,
-615,
-7212,
5158,
2191,
-6029,
1835,
3559,
-3623,
1459,
4521,
-2774,
-922,
3497,
-1413,
-1696,
2175,
-698,
-2069,
767,
153,
-820,
194,
96,
92,
-66,
-496,
732,
477,
-841,
878,
1100,
-1201,
25,
1064,
-1246,
-728,
1078,
-207,
-403,
755,
-612,
-7319,
5152,
2278,
-5741,
2205,
3651,
-3540,
1811,
4651,
-2900,
-789,
3653,
-1513,
-1706,
2222,
-782,
-1938,
1212,
589,
-506,
371,
135,
76,
-169,
-620,
786,
695,
-481,
1325,
1318,
-1255,
-144,
651,
-1639,
-634,
1177,
-579,
-706,
779,
-622,
-7272,
5441,
2507,
-5839,
2029,
3610,
-3505,
1935,
4848,
-2693,
-439,
4082,
-1455,
-2025,
2098,
-566,
-1840,
897,
56,
-869,
313,
167,
67,
-108,
-519,
714,
308,
-1190,
476,
605,
-1653,
13,
1479,
-697,
-210,
1288,
-362,
-516,
793,
-616,
-7189,
5372,
2429,
-5945,
1734,
3228,
-3992,
1308,
4394,
-3107,
-1300,
3182,
-1715,
-1909,
2195,
-324,
-1441,
1169,
82,
-977,
234,
150,
83,
12,
-352,
760,
297,
-1251,
193,
329,
-1528,
374,
1697,
-688,
-365,
1023,
-620,
-678,
793,
-628,
-7324,
5226,
2227,
-6360,
1213,
3024,
-3818,
1409,
4242,
-3264,
-1427,
2984,
-1740,
-1541,
2638,
-263,
-1705,
1039,
272,
-787,
188,
70,
114,
-23,
-506,
718,
490,
-926,
571,
705,
-1409,
-32,
997,
-1151,
-480,
1005,
-607,
-614,
790,
-609,
-7261,
5002,
1713,
-6612,
1405,
3217,
-3683,
1577,
4268,
-2946,
-457,
3731,
-1670,
-1368,
3078,
-38,
-1566,
1220,
262,
-876,
213,
111,
87,
-112,
-537,
805,
423,
-1262,
176,
297,
-1610,
266,
1220,
-1454,
-533,
1553,
-287,
-798,
601,
-609,
-7189,
5109,
1781,
-6806,
1196,
3337,
-3773,
1155,
4397,
-2484,
-447,
3937,
-1082,
-1595,
2194,
-384,
-1581,
988,
135,
-835,
180,
84,
83,
-162,
-610,
645,
238,
-1243,
409,
612,
-1321,
444,
1315,
-1457,
-680,
1435,
-320,
-920,
509,
-615,
-7201,
5155,
2134,
-6152,
1801,
3669,
-3635,
1305,
4593,
-2509,
-752,
3723,
-1092,
-1664,
1991,
-671,
-1912,
769,
41,
-925,
156,
117,
66,
-121,
-538,
528,
107,
-1152,
600,
876,
-1031,
572,
1568,
-903,
-470,
1173,
-293,
-630,
461,
-630,
-7434,
4918,
1705,
-6721,
1474,
3570,
-3869,
831,
4041,
-3059,
-1516,
2592,
-2120,
-2091,
1860,
-900,
-2063,
793,
56,
-943,
130,
78,
100,
-45,
-509,
602,
218,
-1182,
366,
440,
-1569,
258,
1659,
-587,
-150,
1348,
-298,
-607,
608,
-636,
-7463,
4969,
1913,
-6342,
1737,
3413,
-4073,
1090,
4568,
-2436,
-498,
3785,
-1337,
-1552,
2591,
-146,
-1562,
1092,
234,
-838,
221,
121,
84,
-81,
-583,
530,
297,
-899,
781,
940,
-936,
997,
2216,
-428,
-169,
1391,
-260,
-569,
736,
-631,
-7503,
4890,
1734,
-6532,
1674,
3383,
-4092,
1358,
4995,
-2583,
-1380,
3033,
-1407,
-1365,
2712,
130,
-1153,
1342,
326,
-801,
163,
59,
111,
-82,
-635,
523,
209,
-1164,
609,
1037,
-930,
597,
1777,
-485,
-139,
1194,
-366,
-447,
712,
-634,
-7364,
5208,
1998,
-6336,
1879,
3455,
-3939,
1688,
4881,
-3121,
-1590,
2992,
-1671,
-1449,
2688,
-416,
-1822,
1064,
187,
-872,
282,
137,
102,
-3,
-514,
668,
362,
-1204,
343,
604,
-1594,
-149,
1137,
-1052,
-396,
1466,
-52,
-478,
702,
-633,
-7355,
5316,
2410,
-5716,
2356,
3679,
-3985,
1176,
3952,
-3950,
-1825,
3270,
-1483,
-1697,
2329,
-639,
-2138,
662,
-23,
-959,
164,
84,
108,
-58,
-645,
480,
271,
-1070,
445,
535,
-1548,
-59,
971,
-1163,
-162,
1675,
-96,
-593,
565,
-644,
-7557,
4962,
2097,
-6279,
1374,
2942,
-4413,
434,
3294,
-3949,
-1831,
2701,
-2190,
-2120,
2288,
-342,
-1735,
991,
148,
-978,
130,
115,
82,
-58,
-591,
408,
167,
-1173,
127,
317,
-1301,
183,
852,
-1368,
-462,
1190,
-366,
-516,
604,
-640,
-7493,
5051,
2049,
-6458,
1428,
3382,
-3877,
1004,
4099,
-3073,
-1001,
3838,
-843,
-1270,
2548,
-200,
-1668,
885,
123,
-852,
199,
117,
73,
-125,
-587,
573,
212,
-1330,
124,
431,
-1534,
-295,
593,
-1483,
-632,
1140,
-323,
-599,
571,
-636,
-7436,
5138,
2062,
-6383,
1918,
4192,
-3129,
1824,
5130,
-2417,
-1075,
3491,
-1197,
-1735,
2136,
-408,
-1782,
836,
114,
-902,
166,
118,
84,
2,
-398,
654,
257,
-1259,
236,
786,
-1023,
-20,
713,
-1277,
-594,
851,
-648,
-775,
493,
-630,
-7551,
5026,
2146,
-6405,
1246,
3217,
-3732,
1293,
4211,
-3409,
-2011,
2380,
-2175,
-2296,
1781,
-404,
-1228,
1384,
251,
-920,
137,
74,
114,
14,
-499,
523,
112,
-1384,
111,
466,
-1402,
-215,
372,
-1918,
-1055,
652,
-895,
-984,
387,
-636,
-7455,
5119,
2336,
-6010,
1560,
2900,
-4713,
280,
3605,
-3684,
-1968,
2766,
-1849,
-2389,
1478,
-665,
-1451,
1325,
477,
-628,
274,
98,
108,
14,
-499,
470,
129,
-1089,
517,
665,
-1289,
126,
900,
-1420,
-611,
1126,
-410,
-618,
530,
-633,
-7337,
5320,
2153,
-6302,
1812,
3460,
-4031,
1168,
4133,
-3493,
-1250,
3780,
-1179,
-1711,
2123,
-743,
-2082,
738,
81,
-792,
283,
111,
98,
-88,
-617,
613,
360,
-1023,
670,
831,
-1482,
-80,
1120,
-1072,
-426,
1243,
-298,
-518,
572,
-637,
-7510,
4886,
2126,
-6064,
1748,
3637,
-3617,
977,
3761,
-3529,
-1515,
3583,
-544,
-777,
2752,
-319,
-1952,
618,
22,
-815,
251,
128,
80,
-98,
-646,
475,
422,
-801,
520,
664,
-956,
799,
1786,
-672,
-316,
1236,
-144,
-329,
709,
-620,
-7270,
5358,
2755,
-5488,
1965,
3504,
-3511,
1607,
4449,
-3112,
-1515,
2838,
-1625,
-1144,
3161,
115,
-1676,
906,
203,
-857,
105,
55,
106,
-51,
-531,
566,
129,
-1292,
459,
851,
-1124,
436,
1552,
-927,
-573,
1134,
-292,
-612,
589,
-643,
-7487,
5128,
2377,
-5818,
1868,
3370,
-3586,
1766,
4485,
-2923,
-580,
3747,
-1674,
-1716,
2631,
-316,
-1847,
963,
285,
-679,
334,
131,
94,
-38,
-493,
588,
64,
-1302,
608,
816,
-1505,
-50,
984,
-1486,
-764,
1233,
-173,
-412,
772,
-635,
-7474,
5075,
2072,
-6227,
1797,
3564,
-3581,
1729,
4775,
-2650,
-724,
3436,
-1987,
-2224,
1980,
-890,
-2297,
647,
82,
-832,
257,
120,
102,
17,
-440,
665,
355,
-1036,
438,
510,
-1653,
-430,
454,
-1562,
-678,
823,
-803,
-792,
557,
-621,
-7352,
5083,
1888,
-6467,
1587,
3339,
-3614,
2173,
5411,
-2313,
-519,
3997,
-1058,
-1250,
2790,
-257,
-1788,
942,
25,
-1063,
144,
114,
103,
45,
-415,
652,
319,
-1102,
456,
708,
-1457,
-317,
650,
-1360,
-663,
749,
-863,
-819,
675,
-619,
-7281,
5268,
2256,
-6156,
1740,
3563,
-3640,
1467,
4658,
-2660,
-1155,
3087,
-1237,
-860,
2819,
-467,
-1778,
973,
-63,
-1129,
99,
87,
106,
-2,
-500,
535,
120,
-1233,
486,
733,
-1470,
-333,
537,
-1388,
-362,
1074,
-792,
-738,
878,
-628,
-7378,
5059,
1886,
-6438,
1711,
3465,
-3880,
1460,
4722,
-2930,
-1475,
2838,
-1925,
-1794,
2409,
-501,
-1981,
831,
156,
-826,
245,
124,
87,
-87,
-648,
431,
138,
-1313,
132,
428,
-1338,
228,
1329,
-564,
306,
1500,
-617,
-737,
869,
-629,
-7377,
5281,
2280,
-6310,
1464,
3263,
-4071,
900,
4285,
-2457,
-399,
3725,
-1497,
-1835,
2095,
-577,
-1709,
1040,
204,
-739,
319,
109,
126,
77,
-479,
508,
211,
-1094,
333,
241,
-1763,
39,
1166,
-1281,
-690,
1004,
-596,
-784,
579,
-628,
-7401,
5046,
1977,
-6408,
1621,
3600,
-3608,
1408,
4706,
-2185,
-194,
3834,
-1653,
-2015,
2390,
-11,
-1472,
1002,
207,
-784,
212,
97,
99,
11,
-327,
840,
469,
-831,
791,
789,
-1393,
118,
1156,
-1092,
-313,
1360,
-369,
-719,
545,
-617,
-7240,
5349,
2466,
-5796,
1972,
3371,
-4047,
1216,
4530,
-2563,
-438,
3947,
-1384,
-1914,
2082,
-539,
-1747,
952,
1,
-1099,
49,
68,
108,
27,
-350,
774,
305,
-1249,
188,
356,
-1444,
310,
1361,
-972,
-320,
1222,
-489,
-703,
577,
-518,
-6580,
4596,
1102,
-6019,
2289,
2511,
-5929,
128,
5278,
-1089,
-32,
3288,
-1696,
-1511,
2384,
-614,
-1851,
832,
-255,
-1230,
193,
179,
82,
120,
-315,
320,
-259,
-1063,
1149,
1238,
-1346,
-228,
948,
-940,
-367,
774,
-943,
-869,
582,
-402,
-5461,
5034,
870,
-6360,
1879,
2053,
-6438,
-437,
5092,
-1015,
-633,
2085,
-2544,
-1971,
1963,
-662,
-1452,
1101,
-305,
-1301,
187,
166,
98,
117,
-440,
237,
-132,
-897,
1263,
1336,
-1534,
-692,
811,
-715,
-362,
640,
-792,
-620,
645,
-280,
-4775,
4304,
517,
-6247,
366,
598,
-6133,
-567,
4350,
-495,
-75,
1516,
-2765,
-1586,
1980,
-731,
-1256,
1192,
-486,
-1617,
-3,
160,
82,
121,
-501,
3,
-35,
-518,
1145,
1077,
-1279,
-495,
780,
-380,
121,
879,
-590,
-457,
696,
-287,
-4685,
4102,
381,
-5931,
854,
853,
-6250,
-1014,
3776,
-1033,
-536,
1204,
-2913,
-1562,
2268,
-361,
-1134,
1202,
-307,
-1381,
132,
202,
73,
178,
-403,
-25,
-46,
-377,
1107,
748,
-1489,
-413,
945,
-266,
152,
878,
-543,
-442,
636,
-299,
-4806,
4152,
662,
-5739,
1026,
1344,
-5955,
-1300,
3705,
-751,
-765,
698,
-2942,
-1408,
2375,
-30,
-881,
1057,
-504,
-1432,
98,
185,
74,
178,
-378,
-15,
-21,
-290,
1134,
719,
-1441,
-378,
864,
-438,
-185,
442,
-772,
-414,
701,
-307,
-5035,
3681,
542,
-5614,
545,
542,
-6345,
-1773,
2675,
-1669,
-1132,
494,
-3241,
-1747,
1946,
-574,
-1350,
827,
-573,
-1476,
68,
173,
92,
284,
-227,
94,
75,
-240,
1139,
909,
-1067,
-167,
885,
-334,
-9,
547,
-679,
-256,
882,
-301,
-4876,
4041,
929,
-5392,
674,
753,
-5953,
-1241,
3281,
-886,
-172,
1312,
-2659,
-1173,
2391,
-514,
-1426,
908,
-433,
-1346,
214,
240,
67,
225,
-338,
8,
10,
-534,
631,
473,
-1473,
-649,
597,
-354,
-88,
320,
-871,
-400,
720,
-313,
-4942,
4100,
948,
-5470,
851,
1107,
-6008,
-1501,
3505,
-501,
-186,
1293,
-2433,
-1101,
2298,
-545,
-1442,
1039,
-74,
-1115,
201,
218,
67,
239,
-268,
19,
-24,
-508,
603,
433,
-1287,
-321,
853,
-179,
15,
444,
-584,
-116,
799,
-305,
-4916,
4114,
957,
-5346,
870,
677,
-6519,
-1671,
3428,
-594,
-295,
824,
-3001,
-1136,
2498,
-508,
-1303,
1177,
-251,
-1335,
136,
191,
88,
249,
-330,
-11,
-106,
-668,
592,
524,
-1144,
90,
1275,
-157,
-66,
566,
-449,
-47,
828,
-297,
-4974,
4257,
1107,
-5446,
644,
464,
-6817,
-2068,
3093,
-711,
-96,
1295,
-2509,
-857,
2610,
-350,
-1069,
1269,
-368,
-1428,
186,
239,
69,
206,
-418,
-94,
-104,
-702,
407,
335,
-1167,
142,
1184,
-364,
-85,
790,
-338,
-163,
785,
-280,
-5005,
4205,
835,
-6028,
-193,
-370,
-7061,
-1721,
3204,
-1032,
-453,
700,
-3291,
-1081,
2808,
-458,
-1301,
1240,
-492,
-1674,
85,
236,
68,
197,
-449,
-67,
-90,
-822,
423,
639,
-927,
166,
1138,
-471,
-123,
963,
-228,
-244,
829,
-273,
-5110,
3996,
730,
-6403,
-1180,
-1011,
-6650,
-1216,
3094,
-1146,
-240,
865,
-3320,
-1252,
2546,
-579,
-1117,
1648,
-10,
-1337,
155,
216,
68,
111,
-602,
-239,
-400,
-1170,
371,
799,
-972,
-33,
1220,
-151,
-30,
809,
-264,
-192,
696,
-279,
-5204,
4013,
710,
-6358,
-756,
-621,
-6913,
-1605,
3476,
-282,
218,
693,
-3883,
-1951,
2136,
-401,
-667,
1871,
-55,
-1421,
113,
194,
83,
117,
-700,
-370,
-395,
-1124,
195,
428,
-1333,
-368,
949,
-199,
3,
639,
-494,
-229,
706,
-308,
-5169,
4310,
853,
-6144,
21,
-60,
-7022,
-1469,
3863,
-630,
-564,
544,
-3304,
-1224,
2620,
-132,
-361,
2251,
284,
-1125,
306,
232,
87,
175,
-553,
-189,
-383,
-1185,
282,
380,
-1607,
-376,
1107,
-455,
-454,
472,
-481,
-175,
837,
-327,
-5215,
4921,
1222,
-6357,
128,
335,
-6730,
-1173,
3450,
-2070,
-1555,
660,
-3149,
-1280,
2912,
168,
-601,
1747,
-40,
-1298,
128,
137,
126,
260,
-343,
80,
-328,
-1050,
832,
819,
-1509,
-87,
1483,
-423,
-493,
467,
-768,
-561,
660,
-356,
-5388,
5566,
1676,
-6583,
280,
762,
-6673,
-749,
4396,
-1534,
-1194,
1343,
-2967,
-1874,
2551,
260,
-784,
1286,
-213,
-1216,
106,
72,
153,
248,
-350,
234,
-196,
-1052,
968,
1172,
-1222,
-79,
1232,
-697,
-548,
529,
-817,
-698,
555,
-378,
-5685,
5894,
1891,
-6952,
104,
1085,
-6067,
20,
4820,
-1485,
-732,
2156,
-2454,
-1605,
2570,
-84,
-833,
1847,
275,
-1134,
75,
62,
162,
285,
-296,
285,
-295,
-1284,
931,
1327,
-1214,
-244,
1025,
-882,
-536,
730,
-644,
-523,
736,
-442,
-5895,
5736,
1873,
-6609,
755,
1512,
-5956,
88,
4613,
-1982,
-809,
2629,
-2114,
-1664,
2308,
-509,
-1376,
1381,
24,
-1183,
94,
67,
155,
213,
-372,
473,
178,
-901,
890,
907,
-1597,
-230,
1255,
-787,
-482,
961,
-360,
-378,
779,
-424,
-6059,
5998,
2293,
-6452,
695,
1211,
-6560,
-529,
4198,
-2110,
-392,
3497,
-1327,
-977,
3300,
577,
-777,
1525,
126,
-1046,
164,
92,
132,
138,
-404,
429,
48,
-936,
970,
899,
-1472,
282,
1771,
-483,
-40,
1440,
-351,
-711,
578,
-410,
-6104,
6121,
2561,
-6379,
423,
829,
-6900,
-773,
4142,
-2156,
-545,
3536,
-1171,
-1193,
2888,
450,
-777,
1436,
135,
-934,
205,
89,
129,
102,
-510,
147,
-444,
-1440,
693,
904,
-1400,
184,
1635,
-479,
-138,
1137,
-441,
-456,
744,
-442,
-6264,
5837,
2150,
-6859,
155,
903,
-6890,
-855,
4574,
-1472,
-642,
2687,
-1883,
-1422,
2990,
576,
-974,
1069,
7,
-897,
203,
98,
96,
-61,
-673,
144,
-247,
-1234,
661,
818,
-1286,
229,
1460,
-572,
-175,
925,
-613,
-387,
896,
-488,
-6430,
5756,
1956,
-6906,
718,
1928,
-5589,
317,
4802,
-1746,
-277,
3209,
-1967,
-1521,
3030,
212,
-1398,
1031,
30,
-971,
162,
76,
120,
8,
-605,
191,
-430,
-1614,
524,
852,
-1459,
109,
1614,
-479,
-187,
984,
-682,
-677,
628,
-522,
-6618,
5525,
1926,
-7022,
265,
1731,
-5397,
134,
4175,
-2295,
-688,
3034,
-1816,
-1623,
2397,
-360,
-1623,
887,
-72,
-967,
159,
53,
133,
37,
-459,
607,
95,
-1324,
534,
786,
-1534,
-32,
1388,
-741,
-325,
1000,
-804,
-965,
593,
-514,
-6634,
5679,
1932,
-7108,
470,
1924,
-5507,
110,
4346,
-2139,
-560,
2800,
-2671,
-2442,
2109,
-505,
-1809,
820,
-172,
-1163,
71,
57,
126,
-7,
-639,
352,
-38,
-1343,
677,
1256,
-948,
275,
1331,
-1077,
-752,
838,
-624,
-783,
578,
-514,
-6596,
5829,
2164,
-6618,
1226,
2506,
-5136,
493,
4334,
-2633,
-596,
3588,
-1820,
-1934,
2542,
-91,
-1619,
748,
-314,
-1187,
127,
77,
119,
-71,
-856,
-3,
-431,
-1592,
712,
1337,
-1113,
140,
1615,
-638,
-564,
1003,
-128,
-234,
776,
-532,
-6843,
5516,
1999,
-6801,
863,
2133,
-5757,
-525,
3550,
-3184,
-1599,
2584,
-2032,
-1800,
2434,
-402,
-2112,
291,
-413,
-1151,
69,
50,
124,
13,
-595,
234,
-276,
-1480,
493,
998,
-965,
389,
1458,
-491,
210,
1478,
-254,
-282,
990,
-563,
-6824,
5781,
2250,
-6583,
1462,
3093,
-4768,
372,
4164,
-3010,
-1668,
2506,
-1897,
-1229,
3180,
98,
-1666,
926,
72,
-1044,
55,
70,
106,
17,
-512,
205,
-516,
-1710,
344,
701,
-1407,
2,
1060,
-969,
-188,
1148,
-628,
-558,
901,
-585,
-7075,
5691,
2449,
-6463,
1298,
3120,
-4389,
493,
3808,
-3425,
-2109,
1758,
-2846,
-2061,
2656,
-31,
-1502,
1146,
212,
-1026,
-17,
26,
122,
51,
-380,
524,
-98,
-1392,
409,
565,
-1538,
-66,
961,
-1110,
-335,
1048,
-521,
-253,
1079,
-591,
-6970,
5754,
2715,
-5855,
1910,
3322,
-4551,
437,
4064,
-3009,
-1338,
2895,
-2170,
-2100,
2630,
-18,
-1839,
901,
369,
-811,
130,
108,
85,
-16,
-541,
411,
226,
-1114,
102,
341,
-1448,
-365,
502,
-1209,
-495,
752,
-565,
-259,
1037,
-605,
-7042,
5458,
2175,
-6275,
1769,
3087,
-5020,
70,
4111,
-2381,
-285,
3849,
-1641,
-2053,
2254,
-373,
-1845,
937,
279,
-835,
130,
84,
87,
-102,
-599,
483,
23,
-1470,
362,
1091,
-905,
46,
1023,
-821,
-364,
792,
-473,
-153,
946,
-569,
-6948,
4331,
1914,
-4943,
2247,
2893,
-3734,
1714,
4197,
-3029,
-588,
3837,
-1284,
-1434,
2680,
-28,
-1268,
1509,
502,
-854,
143,
115,
88,
7,
-524,
326,
31,
-1066,
540,
684,
-1298,
169,
1255,
-1011,
-614,
999,
-304,
-485,
701,
-501,
-6593,
3652,
1806,
-3973,
2470,
2547,
-3656,
1175,
2820,
-4060,
-1331,
3090,
-1587,
-1528,
2507,
93,
-973,
1616,
578,
-737,
195,
133,
77,
7,
-519,
191,
-143,
-1091,
583,
671,
-1540,
-391,
737,
-1287,
-890,
788,
-298,
-493,
666,
-557,
-6757,
4403,
1749,
-5407,
1845,
3033,
-3655,
935,
3316,
-3134,
-640,
3113,
-2207,
-2112,
2212,
-317,
-1540,
1134,
237,
-937,
86,
88,
86,
-23,
-408,
649,
321,
-820,
958,
1113,
-1248,
-159,
907,
-1160,
-659,
903,
-443,
-583,
662,
-582,
-6910,
4896,
1770,
-6134,
1617,
3031,
-4029,
1325,
4509,
-2688,
-830,
3329,
-1831,
-1832,
2730,
197,
-1341,
1276,
420,
-831,
145,
110,
87,
-11,
-499,
443,
125,
-1064,
662,
1000,
-1109,
145,
1384,
-665,
-435,
948,
-295,
-415,
647,
-598,
-7146,
4950,
1933,
-6132,
1556,
2989,
-3967,
1637,
4827,
-2762,
-1181,
3115,
-1829,
-1928,
2306,
-385,
-1848,
832,
93,
-887,
245,
150,
81,
-23,
-609,
195,
-211,
-1585,
-147,
426,
-743,
950,
1580,
-853,
-362,
874,
-743,
-613,
706,
-614,
-7215,
5096,
2246,
-5559,
2479,
3764,
-3766,
1404,
4234,
-3533,
-1443,
3550,
-1352,
-1671,
2668,
-3,
-1813,
702,
209,
-645,
308,
123,
93,
-19,
-485,
504,
45,
-1342,
270,
659,
-902,
936,
1926,
-601,
-356,
786,
-959,
-857,
719,
-607,
-7124,
5279,
2327,
-5634,
2489,
3877,
-3764,
1446,
4684,
-2765,
-814,
3794,
-1430,
-1943,
2359,
-86,
-1521,
1104,
318,
-792,
228,
144,
68,
-52,
-479,
487,
107,
-998,
754,
820,
-1325,
166,
1234,
-1023,
-464,
1071,
-416,
-425,
906,
-615,
-7167,
5289,
2390,
-5849,
1809,
3153,
-4171,
1253,
4641,
-2759,
-1111,
3265,
-1601,
-1617,
2650,
-198,
-1799,
1027,
426,
-711,
263,
169,
61,
28,
-253,
610,
-5,
-1117,
800,
917,
-1343,
50,
1213,
-894,
-429,
859,
-694,
-554,
953,
-638,
-7490,
4985,
2273,
-5878,
1848,
3450,
-3813,
1407,
4975,
-2100,
-777,
3170,
-1474,
-1291,
2662,
-401,
-1946,
849,
261,
-721,
270,
129,
90,
10,
-453,
449,
-1,
-1246,
350,
429,
-1492,
292,
1596,
-676,
-501,
651,
-786,
-517,
884,
-633,
-7466,
5129,
2297,
-6108,
1687,
3439,
-4139,
561,
3872,
-3268,
-1798,
2527,
-2074,
-2317,
1577,
-836,
-1741,
1152,
317,
-877,
90,
49,
132,
129,
-312,
617,
127,
-1287,
346,
744,
-1202,
204,
1573,
-272,
-8,
1024,
-407,
-180,
1141,
-615,
-7196,
5474,
2562,
-5793,
2041,
3636,
-3729,
1342,
4338,
-3201,
-1603,
2697,
-1935,
-1717,
2288,
-623,
-1728,
1276,
453,
-707,
250,
95,
108,
-38,
-589,
506,
146,
-1349,
229,
640,
-1243,
51,
841,
-1364,
-620,
950,
-415,
-159,
1167,
-629,
-7306,
5232,
2180,
-6241,
1573,
3155,
-4148,
1049,
4206,
-2993,
-921,
3635,
-1064,
-1064,
2636,
-543,
-1707,
1329,
467,
-705,
293,
120,
104,
-7,
-518,
622,
439,
-739,
1017,
1239,
-950,
260,
1084,
-1182,
-556,
875,
-646,
-472,
831,
-634,
-7374,
5153,
1995,
-6522,
1388,
3014,
-4407,
1046,
4739,
-2674,
-1436,
2888,
-1561,
-1616,
2171,
-536,
-1615,
1186,
423,
-611,
279,
91,
101,
-35,
-376,
901,
555,
-813,
764,
825,
-1140,
382,
1061,
-1265,
-208,
1393,
-472,
-499,
890,
-633,
-7455,
4892,
1894,
-6154,
2080,
3739,
-3881,
1269,
4716,
-2804,
-1442,
2990,
-1826,
-2253,
1830,
-562,
-1883,
782,
249,
-648,
262,
95,
104,
43,
-330,
610,
6,
-1244,
525,
468,
-1827,
-279,
808,
-1474,
-619,
1277,
-301,
-612,
641,
-631,
-7478,
4852,
1936,
-6124,
1876,
3492,
-3955,
866,
3705,
-3597,
-1507,
3055,
-1855,
-2049,
1963,
-794,
-2017,
883,
221,
-739,
304,
139,
80,
-100,
-623,
436,
14,
-1280,
709,
1062,
-1434,
-328,
817,
-1490,
-1109,
648,
-571,
-659,
629,
-614,
-7249,
5202,
2173,
-6222,
1529,
3115,
-4280,
697,
4063,
-2390,
244,
4537,
-1135,
-1804,
2289,
-258,
-1515,
1230,
442,
-691,
212,
88,
88,
-146,
-673,
515,
206,
-1142,
662,
1018,
-1184,
92,
1186,
-1044,
-624,
870,
-523,
-524,
735,
-632,
-7539,
5057,
2434,
-5769,
1882,
3510,
-3630,
1726,
5278,
-1943,
-574,
3579,
-1285,
-1683,
2285,
-29,
-1132,
1419,
507,
-654,
176,
44,
121,
-30,
-601,
354,
-101,
-1418,
339,
680,
-1308,
131,
1207,
-995,
-492,
1012,
-446,
-523,
796,
-619,
-7380,
5279,
2606,
-5518,
2324,
3921,
-3276,
2050,
5055,
-2848,
-1267,
3607,
-1007,
-1451,
2578,
194,
-1187,
1118,
155,
-805,
258,
114,
103,
39,
-370,
664,
108,
-1393,
468,
1105,
-1032,
-104,
861,
-1086,
-590,
746,
-580,
-454,
750,
-626,
-7414,
5291,
2558,
-5894,
1610,
3191,
-3866,
1668,
5246,
-2033,
-528,
3810,
-959,
-1187,
2886,
312,
-1208,
1102,
150,
-868,
187,
103,
96,
12,
-429,
473,
-98,
-1436,
293,
619,
-1284,
185,
1251,
-834,
-380,
785,
-706,
-430,
954,
-633,
-7538,
4957,
1938,
-6604,
1100,
2839,
-4321,
1062,
4599,
-2724,
-1216,
3383,
-1083,
-1436,
2265,
-283,
-1425,
1019,
-76,
-1115,
70,
78,
105,
52,
-294,
805,
471,
-653,
1097,
1110,
-1087,
438,
1491,
-885,
-414,
1099,
-386,
-369,
983,
-610,
-7294,
5356,
2368,
-6022,
2010,
3842,
-3523,
1552,
4717,
-2764,
-1106,
3552,
-889,
-980,
2765,
-179,
-1544,
1098,
256,
-714,
337,
153,
75,
-78,
-492,
607,
79,
-1279,
719,
1118,
-1190,
10,
929,
-1475,
-900,
810,
-686,
-776,
701,
-633,
-7351,
5170,
2062,
-6102,
2157,
3660,
-3961,
1332,
4407,
-3414,
-1664,
2999,
-1677,
-1382,
2872,
-416,
-2153,
829,
274,
-777,
269,
142,
85,
-31,
-513,
587,
314,
-966,
796,
1148,
-1028,
100,
901,
-1424,
-689,
1161,
-301,
-549,
770,
-627,
-7443,
5238,
2192,
-6258,
1584,
3064,
-3998,
1906,
5127,
-2711,
-717,
4088,
-1029,
-1375,
2793,
-73,
-1593,
1209,
484,
-647,
278,
116,
92,
-55,
-512,
582,
115,
-1187,
838,
1268,
-996,
189,
999,
-1399,
-589,
1245,
-455,
-812,
545,
-626,
-7483,
4958,
2077,
-5925,
2144,
3673,
-3568,
1963,
5091,
-2704,
-1028,
3440,
-1635,
-1741,
2742,
58,
-1691,
802,
107,
-802,
293,
160,
66,
-82,
-542,
427,
-62,
-1255,
712,
944,
-1435,
-198,
844,
-1424,
-840,
831,
-603,
-649,
706,
-646,
-7465,
5039,
2106,
-5995,
2093,
3498,
-4275,
824,
4246,
-2967,
-1161,
3284,
-1607,
-1903,
2033,
-508,
-1506,
1190,
128,
-938,
231,
133,
93,
23,
-385,
615,
37,
-1358,
581,
1136,
-825,
484,
1217,
-1334,
-848,
787,
-565,
-456,
883,
-628,
-7354,
5366,
2492,
-5786,
2047,
3284,
-4402,
838,
4143,
-3028,
-723,
3928,
-1334,
-1790,
2279,
-506,
-1976,
643,
-114,
-909,
279,
115,
114,
32,
-373,
899,
364,
-1577,
-27,
529,
-1639,
-387,
909,
-1235,
-807,
903,
-344,
-352,
1018,
-623,
-7279,
5437,
2399,
-5749,
2541,
3924,
-3839,
1406,
4574,
-2714,
-455,
3715,
-1980,
-2074,
2343,
-710,
-2235,
730,
10,
-1003,
172,
102,
109,
17,
-449,
651,
129,
-1486,
176,
478,
-1724,
-281,
1029,
-1039,
-431,
1226,
-56,
-30,
1002,
-615,
-7356,
5434,
2527,
-5912,
2020,
3851,
-3298,
1886,
4974,
-2318,
-604,
3355,
-1561,
-1137,
3080,
50,
-1328,
1320,
221,
-889,
254,
139,
83,
-27,
-356,
771,
46,
-1558,
433,
962,
-1289,
-140,
838,
-1144,
-141,
1491,
-241,
-384,
891,
-613,
-7292,
5406,
2679,
-5725,
1795,
3447,
-3612,
1369,
4396,
-2339,
-169,
3468,
-2128,
-1931,
2569,
-328,
-1808,
1056,
337,
-760,
223,
101,
97,
-54,
-525,
634,
276,
-1138,
572,
888,
-1258,
30,
1039,
-1132,
-473,
1041,
-631,
-790,
560,
-621,
-7382,
5166,
2441,
-5645,
2134,
3543,
-3841,
1335,
4473,
-2855,
-939,
3483,
-1695,
-2256,
1615,
-1071,
-2267,
694,
173,
-772,
217,
106,
79,
-143,
-681,
360,
-19,
-1299,
307,
313,
-1722,
20,
1117,
-1283,
-603,
1163,
-342,
-403,
979,
-636,
-7520,
5313,
2951,
-5015,
2578,
3588,
-4174,
914,
4141,
-3245,
-1384,
3378,
-1259,
-1662,
1885,
-1219,
-2590,
505,
217,
-674,
221,
77,
103,
-34,
-487,
547,
83,
-1134,
741,
945,
-1243,
92,
966,
-1292,
-494,
1123,
-508,
-545,
844,
-627,
-7402,
5163,
2484,
-5595,
2247,
3573,
-4290,
871,
4878,
-2120,
-719,
3810,
-732,
-1151,
2718,
-29,
-1829,
644,
267,
-560,
290,
100,
99,
-2,
-424,
652,
333,
-1020,
398,
449,
-1652,
-316,
819,
-1128,
-472,
1076,
-330,
-495,
563,
-615,
-7243,
5426,
2305,
-6185,
1753,
3292,
-4112,
1421,
4989,
-2233,
-408,
3641,
-1850,
-1940,
2733,
211,
-1354,
1194,
373,
-671,
316,
139,
76,
-123,
-584,
641,
255,
-1415,
-106,
6,
-1799,
92,
1222,
-1243,
-494,
1469,
-134,
-621,
560,
-624,
-7511,
5112,
2359,
-5825,
1911,
3354,
-3755,
1820,
5217,
-1819,
223,
4000,
-2086,
-2794,
1631,
-466,
-1560,
852,
-182,
-1011,
228,
110,
99,
-80,
-633,
489,
125,
-1303,
296,
427,
-1582,
123,
1118,
-1492,
-958,
800,
-697,
-802,
572,
-617,
-7384,
5376,
2543,
-6045,
1403,
2978,
-3956,
1562,
4833,
-2430,
-630,
3436,
-1898,
-2243,
1953,
-343,
-1324,
1236,
145,
-880,
229,
101,
101,
-73,
-637,
404,
-50,
-1418,
455,
886,
-1159,
240,
1262,
-954,
-382,
942,
-827,
-868,
576,
-608,
-7217,
5385,
2589,
-5571,
2062,
3385,
-3508,
2097,
4549,
-3581,
-1375,
3472,
-1785,
-2107,
2276,
-302,
-1642,
1077,
193,
-896,
190,
109,
90,
-59,
-469,
727,
170,
-1536,
220,
790,
-1373,
-171,
1206,
-391,
338,
1418,
-548,
-679,
637,
-609,
-7252,
5447,
2583,
-5711,
2135,
3749,
-3356,
1884,
4401,
-3509,
-1235,
3667,
-1607,
-2025,
2410,
-114,
-1527,
1237,
430,
-771,
218,
128,
83,
-7,
-387,
690,
240,
-1093,
799,
1183,
-1278,
-411,
823,
-697,
0,
1027,
-716,
-567,
836,
