-1030,
-12321,
5688,
2926,
-9001,
579,
2546,
-8402,
-2781,
2133,
-6047,
-2033,
5897,
484,
-525,
3733,
-666,
-2969,
927,
482,
-909,
280,
144,
121,
-81,
-982,
157,
-95,
-1546,
1058,
2280,
-202,
768,
1703,
-952,
-172,
1839,
-182,
-709,
731,
-903,
-11913,
5557,
2080,
-10174,
-418,
1942,
-9010,
-3908,
556,
-7581,
-2837,
6244,
1341,
-53,
3955,
-435,
-3074,
629,
546,
-626,
386,
140,
118,
-167,
-1248,
-290,
-537,
-1790,
1031,
2461,
101,
982,
1730,
-1132,
-469,
1805,
147,
-466,
761,
-902,
-12083,
5325,
1786,
-10524,
-873,
1474,
-9045,
-3322,
1162,
-7633,
-3537,
5465,
1047,
60,
3893,
-808,
-3415,
378,
238,
-936,
175,
56,
156,
-99,
-1227,
-310,
-528,
-1629,
1304,
2658,
234,
1121,
1813,
-1042,
-340,
1839,
214,
-214,
923,
-987,
-12252,
5254,
2157,
-9615,
425,
3073,
-7246,
-1461,
2905,
-6423,
-3133,
5302,
672,
-152,
4266,
-59,
-3002,
323,
105,
-969,
215,
87,
160,
66,
-897,
-160,
-652,
-1776,
1251,
2608,
84,
900,
1636,
-1257,
-697,
1562,
150,
-301,
709,
-945,
-12761,
4364,
1082,
-10402,
350,
3698,
-6487,
-1167,
2805,
-6459,
-2987,
5635,
1327,
547,
4521,
-202,
-3346,
-262,
-471,
-1181,
224,
78,
189,
240,
-544,
221,
-542,
-1959,
950,
2305,
45,
1189,
1747,
-1538,
-1063,
1044,
-630,
-806,
777,
-961,
-12787,
4365,
1037,
-10453,
405,
3735,
-6535,
-1027,
3203,
-6205,
-3178,
5127,
816,
262,
4430,
-306,
-3513,
-389,
-533,
-1186,
256,
92,
184,
154,
-852,
-128,
-675,
-2206,
275,
1741,
128,
1636,
2227,
-960,
-472,
1425,
-447,
-797,
571,
-933,
-12822,
4327,
916,
-10790,
-127,
3345,
-6503,
-894,
2974,
-6596,
-3301,
5262,
1152,
856,
4986,
-180,
-3747,
-660,
-637,
-1116,
365,
134,
168,
171,
-619,
306,
-391,
-2174,
318,
1722,
-186,
1295,
2179,
-846,
-315,
1704,
-132,
-612,
648,
-914,
-12331,
4839,
1023,
-11024,
-278,
3486,
-5781,
588,
4544,
-5665,
-2868,
5443,
1087,
908,
5458,
428,
-3290,
-336,
-474,
-1148,
282,
123,
142,
-22,
-947,
18,
-541,
-2109,
629,
2030,
-141,
1154,
1885,
-1423,
-962,
1378,
-158,
-578,
682,
-886,
-12373,
4531,
400,
-11617,
-679,
3139,
-5501,
2171,
6262,
-5670,
-4315,
4137,
415,
658,
5656,
897,
-2890,
-156,
-633,
-1486,
157,
161,
116,
-4,
-810,
268,
-170,
-1950,
404,
1871,
-108,
1086,
1978,
-928,
-582,
1318,
-344,
-641,
779,
-847,
-12322,
4280,
-15,
-11954,
-677,
3909,
-4167,
3248,
6909,
-5295,
-4730,
2655,
-1426,
-795,
4945,
1030,
-2355,
182,
-520,
-1404,
202,
167,
115,
24,
-727,
274,
-258,
-1957,
307,
1497,
-375,
1030,
1649,
-1451,
-850,
1127,
-644,
-740,
891,
-833,
-12208,
4512,
-161,
-12545,
-1020,
4094,
-3726,
3978,
8139,
-3852,
-3780,
2832,
-1514,
-720,
5019,
1093,
-2105,
387,
-588,
-1541,
114,
109,
150,
41,
-890,
27,
-435,
-1970,
454,
1597,
-369,
1222,
2048,
-1203,
-901,
990,
-690,
-790,
750,
-878,
-12374,
4532,
362,
-12098,
-1379,
3508,
-3895,
3613,
7229,
-4627,
-4251,
2042,
-2706,
-1757,
4344,
516,
-2618,
169,
-586,
-1567,
84,
122,
142,
71,
-852,
-103,
-580,
-1821,
813,
1837,
-429,
961,
1880,
-1111,
-599,
1445,
-229,
-536,
829,
-888,
-12549,
4581,
801,
-11456,
-828,
3749,
-4028,
3553,
7787,
-3852,
-4030,
1901,
-2604,
-1402,
4838,
1261,
-1831,
562,
-612,
-1680,
62,
135,
128,
-11,
-1005,
-116,
-282,
-1429,
1040,
1871,
-607,
641,
1593,
-1455,
-1107,
1021,
-400,
-541,
931,
-923,
-12591,
4355,
592,
-11454,
-932,
3025,
-5375,
2284,
7363,
-3408,
-3371,
2193,
-2807,
-1832,
4586,
1311,
-1624,
887,
-234,
-1516,
-17,
78,
139,
-6,
-864,
172,
-173,
-1624,
909,
2068,
-434,
477,
1557,
-995,
-797,
664,
-826,
-548,
955,
-916,
-12707,
4402,
824,
-11126,
-622,
3243,
-5022,
2989,
8049,
-3232,
-3595,
1956,
-2963,
-2092,
4124,
980,
-1371,
1510,
109,
-1570,
-113,
74,
121,
-111,
-997,
216,
99,
-1449,
734,
1734,
-680,
273,
1319,
-1132,
-728,
792,
-812,
-598,
948,
-1009,
-13145,
4109,
514,
-11326,
-549,
2827,
-6356,
1448,
6868,
-4009,
-4092,
1364,
-3761,
-2898,
3183,
-9,
-1931,
1310,
-22,
-1560,
-62,
41,
158,
-69,
-974,
495,
539,
-1123,
913,
1651,
-776,
758,
2084,
-675,
-175,
1632,
-384,
-678,
965,
-989,
-13258,
4107,
936,
-10696,
-222,
3081,
-5682,
2282,
7619,
-2807,
-2413,
2266,
-4379,
-3907,
3151,
780,
-1085,
2067,
600,
-1317,
-81,
32,
150,
-56,
-918,
306,
-8,
-1646,
652,
1481,
-916,
725,
1999,
-996,
-598,
1279,
-668,
-875,
856,
-952,
-13365,
3804,
663,
-11004,
-833,
2390,
-6134,
2140,
7680,
-3095,
-3343,
1340,
-5020,
-4869,
1788,
-377,
-1707,
1939,
679,
-1361,
-195,
-6,
170,
37,
-828,
382,
320,
-1161,
979,
1895,
-327,
1031,
2013,
-966,
-527,
1562,
-134,
-543,
942,
-1026,
-13327,
3953,
677,
-11002,
-353,
3073,
-6074,
1601,
7398,
-2669,
-2485,
2373,
-3787,
-3627,
2709,
255,
-1281,
2020,
564,
-1297,
12,
90,
136,
25,
-743,
349,
-73,
-1647,
663,
1372,
-1325,
-124,
1043,
-1502,
-598,
1390,
-794,
-1239,
553,
-1056,
-13452,
3972,
892,
-10813,
-332,
2877,
-6672,
759,
6840,
-2862,
-2509,
2501,
-3799,
-3958,
2603,
576,
-1047,
2091,
715,
-1225,
-42,
78,
129,
61,
-545,
646,
345,
-1165,
885,
1421,
-1003,
418,
1415,
-1409,
-597,
1602,
-360,
-974,
562,
-1098,
-13836,
3958,
1652,
-9715,
383,
3210,
-6395,
871,
6578,
-3360,
-2779,
2957,
-2707,
-2992,
2906,
336,
-1463,
1840,
754,
-1077,
54,
124,
96,
-16,
-537,
719,
381,
-1227,
701,
1232,
-1140,
180,
1225,
-1207,
-288,
1586,
-385,
-692,
825,
-1157,
-14484,
4083,
1738,
-9902,
739,
3410,
-6875,
658,
6451,
-3918,
-2750,
3776,
-2190,
-2867,
2946,
29,
-1988,
1437,
476,
-1189,
56,
104,
121,
16,
-553,
730,
304,
-1274,
937,
1230,
-1761,
-298,
1399,
-836,
-47,
1785,
-83,
-286,
1046,
-1311,
-15837,
4866,
2265,
-10564,
1528,
4462,
-7721,
-159,
6336,
-4512,
-2733,
4515,
-2469,
-3543,
2923,
-245,
-2548,
1343,
546,
-1176,
148,
132,
130,
-13,
-679,
819,
426,
-1482,
845,
1386,
-1713,
-126,
1614,
-1116,
-464,
1619,
-400,
-699,
916,
-1352,
-16179,
5205,
2723,
-10264,
2260,
5139,
-7863,
-664,
5852,
-4972,
-2729,
4959,
-2153,
-3299,
3222,
-184,
-2626,
1361,
528,
-1198,
225,
167,
135,
18,
-733,
793,
548,
-1452,
697,
1296,
-1650,
12,
1685,
-1217,
-590,
1601,
-451,
-798,
939,
-1382,
-16483,
5285,
2702,
-10564,
2203,
5126,
-8143,
-797,
5852,
-5185,
-2888,
4962,
-2285,
-3444,
3219,
-243,
-2723,
1355,
515,
-1239,
220,
167,
139,
25,
-739,
819,
569,
-1471,
722,
1333,
-1672,
22,
1727,
-1234,
-595,
1636,
-461,
-816,
957,
-2307,
-19692,
12044,
5907,
-14451,
5229,
9151,
-11298,
0,
9934,
-7054,
-3511,
8350,
-2874,
-4710,
5367,
0,
-3813,
2343,
967,
-1773,
406,
280,
199,
0,
-1168,
1197,
787,
-2350,
986,
1933,
-2610,
0,
2601,
-1924,
-985,
2375,
-817,
-1313,
1429,
-1365,
-16311,
5260,
2765,
-10311,
2344,
5248,
-7884,
-636,
5931,
-4987,
-2715,
5051,
-2120,
-3286,
3276,
-174,
-2644,
1376,
534,
-1213,
222,
167,
136,
22,
-721,
847,
641,
-1330,
886,
1536,
-1395,
307,
2003,
-936,
-334,
1837,
-279,
-706,
942,
-1298,
-15799,
4822,
2503,
-9973,
2109,
4893,
-7653,
-746,
5530,
-4881,
-2698,
4738,
-2092,
-3198,
3072,
-218,
-2570,
1279,
485,
-1175,
203,
157,
131,
23,
-684,
823,
644,
-1220,
911,
1545,
-1245,
386,
2008,
-801,
-232,
1833,
-201,
-634,
905,
-1278,
-15701,
4615,
2310,
-10062,
1845,
4790,
-7268,
-265,
5824,
-4812,
-2914,
4602,
-1902,
-3172,
2810,
-256,
-2422,
1265,
455,
-1079,
283,
183,
105,
-117,
-943,
409,
95,
-1724,
536,
1268,
-1344,
494,
2172,
-738,
-362,
1521,
-558,
-908,
769,
-1254,
-15584,
4387,
2072,
-10217,
1449,
4463,
-7192,
-135,
5847,
-4830,
-3079,
4538,
-1718,
-3280,
2336,
-485,
-2403,
1147,
308,
-1112,
253,
161,
110,
-113,
-883,
507,
154,
-1664,
601,
1286,
-1340,
515,
2198,
-684,
-277,
1610,
-478,
-889,
699,
-1349,
-16164,
5171,
2691,
-10278,
2219,
5118,
-7818,
-608,
5885,
-4961,
-2747,
4966,
-2088,
-3260,
3217,
-148,
-2560,
1393,
546,
-1169,
245,
173,
130,
-3,
-766,
746,
485,
-1513,
643,
1241,
-1694,
-19,
1652,
-1244,
-605,
1583,
-483,
-844,
881,
-1304,
-15843,
4860,
2488,
-10084,
2044,
4853,
-7718,
-746,
5563,
-4921,
-2759,
4682,
-2194,
-3288,
3043,
-237,
-2589,
1277,
479,
-1182,
206,
157,
132,
19,
-718,
744,
492,
-1455,
615,
1174,
-1705,
-117,
1500,
-1281,
-629,
1525,
-450,
-783,
894,
-1393,
-16543,
5415,
2822,
-10534,
2351,
5305,
-8062,
-650,
6055,
-5070,
-2757,
5151,
-2161,
-3338,
3365,
-139,
-2652,
1442,
577,
-1207,
247,
177,
136,
9,
-772,
784,
518,
-1550,
656,
1274,
-1752,
-44,
1673,
-1314,
-667,
1589,
-519,
-874,
921,
-1332,
-16022,
5085,
2652,
-10162,
2193,
5040,
-7784,
-678,
5757,
-4918,
-2702,
4886,
-2127,
-3255,
3183,
-174,
-2581,
1353,
532,
-1173,
229,
167,
131,
12,
-735,
765,
518,
-1463,
652,
1239,
-1668,
-27,
1625,
-1233,
-610,
1553,
-472,
-814,
902,
-1333,
-16032,
5081,
2645,
-10176,
2184,
5030,
-7803,
-700,
5734,
-4949,
-2733,
4861,
-2151,
-3273,
3176,
-176,
-2583,
1352,
529,
-1176,
229,
169,
130,
8,
-739,
762,
515,
-1474,
623,
1191,
-1727,
-83,
1578,
-1273,
-635,
1547,
-472,
-826,
874,
-1314,
-15906,
4926,
2529,
-10130,
2065,
4878,
-7785,
-776,
5574,
-4968,
-2779,
4721,
-2192,
-3294,
3078,
-222,
-2592,
1296,
490,
-1184,
211,
161,
131,
18,
-713,
775,
538,
-1420,
654,
1213,
-1673,
-54,
1586,
-1227,
-597,
1561,
-427,
-777,
895,
-1415,
-16722,
5541,
2890,
-10661,
2407,
5393,
-8176,
-666,
6124,
-5172,
-2831,
5185,
-2237,
-3432,
3370,
-182,
-2729,
1428,
558,
-1244,
238,
175,
141,
22,
-756,
843,
595,
-1485,
761,
1389,
-1685,
45,
1791,
-1226,
-566,
1711,
-446,
-824,
981,
-1308,
-15829,
4946,
2577,
-10021,
2140,
4957,
-7644,
-645,
5692,
-4809,
-2636,
4820,
-2089,
-3204,
3127,
-175,
-2544,
1326,
521,
-1153,
228,
167,
127,
3,
-741,
724,
481,
-1450,
659,
1266,
-1576,
35,
1644,
-1184,
-580,
1545,
-439,
-766,
922,
-1315,
-14611,
6546,
3743,
-9646,
1864,
4085,
-8574,
-838,
6119,
-4225,
-1882,
5634,
-1463,
-2733,
3372,
-319,
-3006,
638,
-197,
-1575,
76,
106,
161,
23,
-808,
717,
442,
-1664,
461,
1174,
-1626,
111,
1781,
-1103,
-413,
1738,
-474,
-871,
982,
-1110,
-12263,
6504,
3575,
-8882,
774,
2444,
-8415,
-921,
5383,
-4000,
-2271,
3865,
-2428,
-2837,
3036,
-163,
-2359,
837,
-214,
-1474,
107,
113,
141,
-5,
-791,
495,
119,
-1632,
668,
1396,
-1294,
249,
1767,
-892,
-319,
1482,
-642,
-965,
693,
-772,
-8591,
6524,
2690,
-7858,
1238,
3056,
-5832,
771,
5256,
-3549,
-1696,
3503,
-2733,
-3102,
2458,
-264,
-1864,
1550,
549,
-1114,
116,
151,
104,
80,
-521,
486,
138,
-1358,
590,
1234,
-1256,
-324,
919,
-994,
-186,
1459,
-336,
-646,
688,
-324,
-6168,
5131,
844,
-8484,
-2770,
-2005,
-6079,
1395,
2553,
-4901,
-388,
2692,
-4951,
-3150,
2679,
-1725,
-2622,
2462,
1100,
-1597,
-326,
121,
60,
64,
-27,
1052,
-400,
-2711,
-41,
1347,
-1519,
-749,
1016,
-1039,
-1062,
391,
-771,
-501,
855,
-212,
-5626,
4309,
-324,
-8637,
-3507,
-4025,
-6756,
2167,
1736,
-6938,
-1407,
1968,
-6019,
-3808,
1691,
-3209,
-3157,
2452,
464,
-2152,
-366,
113,
94,
148,
165,
1412,
-516,
-3126,
108,
1339,
-2162,
-921,
1109,
-1465,
-1082,
873,
-912,
-731,
1337,
-206,
-5410,
4224,
0,
-7761,
-2538,
-2796,
-5603,
2893,
2775,
-5916,
-1290,
2312,
-4865,
-3245,
1769,
-2506,
-2503,
2404,
358,
-2052,
-281,
141,
92,
169,
-64,
811,
-841,
-3122,
-234,
862,
-2488,
-1443,
758,
-1343,
-1149,
696,
-623,
-316,
1702,
-227,
-5576,
4420,
18,
-8223,
-2498,
-1975,
-5305,
2292,
2329,
-6017,
-1575,
1961,
-5228,
-3733,
1641,
-2231,
-2605,
1885,
85,
-2025,
-284,
97,
123,
180,
-264,
625,
-633,
-2874,
-327,
907,
-2299,
-1896,
-115,
-1768,
-1191,
719,
-508,
-364,
1440,
-241,
-5389,
4713,
-52,
-7916,
-1595,
-1983,
-5636,
3288,
3087,
-6552,
-1305,
3238,
-4788,
-3895,
1766,
-2007,
-2256,
2192,
-9,
-2045,
-43,
170,
140,
206,
-462,
439,
-644,
-2789,
-114,
875,
-2751,
-2145,
-145,
-2117,
-1499,
889,
-278,
-435,
1155,
-238,
-5290,
4444,
106,
-7331,
-1373,
-1895,
-5543,
3208,
3322,
-6285,
-1500,
3539,
-4076,
-4123,
1300,
-1599,
-1889,
2065,
-8,
-1992,
-77,
189,
126,
291,
-388,
251,
-526,
-2410,
-340,
588,
-2408,
-1968,
-209,
-1845,
-1495,
487,
-296,
-309,
993,
-240,
-5322,
4802,
341,
-7471,
-1118,
-1171,
-5275,
3087,
3517,
-6119,
-1718,
3490,
-3847,
-3949,
1628,
-1186,
-1914,
1843,
75,
-1849,
-120,
147,
130,
237,
-516,
169,
-392,
-2295,
-595,
378,
-2111,
-1666,
-306,
-1939,
-1486,
244,
-627,
-266,
1352,
-228,
-5329,
5131,
-434,
-8537,
-748,
-1301,
-6854,
2534,
3746,
-7098,
-2762,
3229,
-4600,
-4874,
1482,
-1281,
-2394,
1480,
-40,
-1834,
-104,
101,
173,
280,
-531,
364,
-96,
-2122,
-416,
498,
-1972,
-1224,
-24,
-2094,
-1424,
478,
-791,
-448,
1476,
-203,
-5332,
4389,
-707,
-8295,
-975,
-1342,
-6786,
1932,
3803,
-6263,
-3111,
2502,
-4177,
-4680,
1055,
-1002,
-1940,
1355,
-30,
-1602,
-53,
107,
152,
253,
-550,
158,
-258,
-2218,
-886,
131,
-1804,
-1261,
-350,
-2191,
-1667,
74,
-803,
-433,
1238,
-179,
-5006,
4428,
-617,
-7591,
-86,
-928,
-6325,
3189,
5287,
-5365,
-2437,
3434,
-3427,
-4448,
1155,
-789,
-1752,
1543,
244,
-1393,
-5,
102,
152,
249,
-489,
300,
-136,
-2119,
-739,
191,
-1978,
-1409,
-158,
-1878,
-1566,
111,
-652,
-380,
1107,
-168,
-5061,
4232,
-1016,
-7636,
-41,
-1715,
-6846,
3991,
5795,
-5593,
-1752,
4414,
-3621,
-4949,
930,
-1294,
-2060,
1741,
254,
-1546,
28,
127,
171,
327,
-427,
489,
52,
-2120,
-688,
63,
-2664,
-2010,
-179,
-1820,
-1626,
173,
-592,
-454,
1003,
-188,
-5072,
3877,
-1300,
-7925,
-773,
-2527,
-7663,
2750,
4574,
-6383,
-2425,
4006,
-3697,
-5248,
606,
-1187,
-1995,
1590,
306,
-1433,
-1,
126,
145,
286,
-343,
523,
88,
-1795,
-294,
340,
-2257,
-1582,
-68,
-1909,
-1701,
39,
-882,
-838,
639,
-198,
-4933,
3553,
-1555,
-7888,
-612,
-1761,
-6676,
2787,
4236,
-6052,
-2123,
3779,
-3672,
-4665,
1370,
-561,
-1795,
1431,
143,
-1557,
-106,
114,
127,
218,
-431,
391,
153,
-1392,
181,
919,
-1489,
-1201,
-351,
-2242,
-1730,
35,
-1028,
-1053,
399,
-152,
-4849,
3500,
-2234,
-8262,
-107,
-1728,
-7005,
3270,
4390,
-6860,
-2480,
3700,
-4099,
-4344,
2149,
-665,
-2096,
1538,
-147,
-2100,
-280,
98,
152,
241,
-538,
501,
500,
-1162,
595,
1663,
-903,
-815,
14,
-2047,
-1705,
-109,
-1417,
-1402,
263,
-160,
-4787,
3375,
-2122,
-8060,
-193,
-1509,
-6469,
3230,
4158,
-6652,
-2678,
2957,
-4237,
-4006,
2086,
-791,
-1841,
1786,
-69,
-2021,
-235,
94,
154,
221,
-567,
437,
309,
-1384,
503,
1693,
-731,
-377,
705,
-1305,
-1115,
217,
-1359,
-1509,
113,
-170,
-4873,
2934,
-2024,
-7794,
-435,
-1008,
-5392,
3106,
3667,
-6424,
-3103,
2002,
-4110,
-3464,
1984,
-902,
-1714,
1784,
-97,
-2017,
-240,
119,
137,
284,
-401,
498,
467,
-1189,
240,
1439,
-451,
-251,
610,
-759,
-156,
921,
-777,
-1073,
124,
-177,
-4879,
2699,
-1775,
-7505,
-518,
-168,
-4107,
3103,
3617,
-5449,
-2760,
1902,
-3101,
-2517,
1832,
-950,
-1467,
1579,
-330,
-1885,
-89,
162,
110,
190,
-473,
532,
688,
-979,
158,
1380,
-308,
-313,
501,
-466,
226,
1154,
-486,
-864,
148,
-198,
-5058,
2463,
-2598,
-8181,
-523,
-688,
-4993,
2699,
2665,
-6820,
-3128,
1701,
-3667,
-2322,
1865,
-2071,
-2122,
1728,
-647,
-2284,
-55,
169,
155,
263,
-452,
911,
955,
-1240,
333,
2055,
40,
50,
903,
-731,
-156,
1224,
-533,
-990,
367,
-236,
-5028,
2992,
-2015,
-7946,
58,
449,
-4434,
2501,
2846,
-6317,
-2946,
2416,
-1969,
-1055,
2080,
-1884,
-1599,
2117,
-413,
-2100,
-5,
167,
143,
206,
-458,
835,
569,
-1716,
100,
1998,
53,
128,
900,
-862,
-262,
1105,
-778,
-1183,
397,
-310,
-5466,
3223,
-1288,
-7701,
372,
1347,
-4838,
802,
2611,
-5850,
-3881,
2195,
-633,
-1071,
889,
-2059,
-1603,
1654,
-280,
-1801,
-178,
70,
135,
179,
-403,
543,
205,
-1536,
255,
1968,
441,
436,
627,
-1121,
-312,
1081,
-661,
-1134,
249,
-351,
-5791,
3176,
-1536,
-7405,
1432,
1152,
-6219,
-42,
1671,
-6850,
-3584,
2351,
-1721,
-1643,
759,
-2982,
-2238,
1791,
-349,
-1922,
-106,
42,
180,
129,
-574,
769,
331,
-1761,
503,
2128,
-160,
222,
828,
-1494,
-468,
1596,
-468,
-1164,
424,
-313,
-5431,
3075,
-2193,
-7878,
1092,
393,
-6676,
-62,
1013,
-7284,
-2846,
2220,
-3429,
-2656,
757,
-3212,
-2216,
2266,
-313,
-2183,
-197,
-1,
219,
156,
-583,
1140,
839,
-1625,
538,
2111,
-360,
441,
1594,
-865,
-136,
1786,
-342,
-801,
924,
-339,
-5630,
3015,
-1737,
-7037,
1957,
1048,
-6631,
-373,
1357,
-6333,
-2065,
2812,
-3249,
-3145,
700,
-2371,
-1776,
2051,
-231,
-1927,
-179,
8,
174,
48,
-534,
1057,
582,
-1615,
584,
1908,
-400,
613,
1722,
-661,
-41,
1528,
-511,
-700,
941,
-348,
-5753,
2791,
-933,
-6323,
975,
297,
-6204,
-811,
627,
-5698,
-1550,
2644,
-2876,
-3201,
-200,
-2278,
-1075,
1858,
-446,
-1608,
-100,
-35,
146,
-45,
-170,
1366,
152,
-1768,
758,
1323,
-772,
1226,
1856,
-1096,
177,
1858,
-617,
-553,
1201,
-450,
-6464,
3467,
-94,
-6194,
1689,
1252,
-6352,
-1224,
777,
-5773,
-2027,
2282,
-3136,
-3326,
-79,
-2175,
-1128,
1720,
-630,
-1689,
-38,
3,
141,
-5,
-87,
1439,
274,
-1321,
1423,
1507,
-1044,
1332,
2234,
-1173,
-121,
1818,
-603,
-608,
1221,
-536,
-6838,
5182,
680,
-6775,
2988,
2502,
-7296,
-1271,
1504,
-6785,
-2454,
3155,
-3975,
-4150,
1757,
-706,
-1681,
1473,
-384,
-1929,
-150,
80,
133,
93,
-279,
1197,
608,
-1270,
972,
1480,
-1405,
57,
1486,
-1304,
-710,
1480,
-192,
-450,
1050,
-569,
-7213,
5697,
848,
-7264,
3613,
3696,
-7500,
-1806,
2278,
-5762,
-2140,
3133,
-4514,
-5097,
1320,
-812,
-2160,
993,
-492,
-1951,
-167,
96,
131,
147,
-282,
1045,
517,
-1351,
843,
1618,
-1188,
6,
1660,
-778,
-622,
1106,
-407,
-599,
790,
-518,
-6965,
5936,
397,
-7549,
4516,
4096,
-8887,
-3210,
2031,
-5727,
-2169,
3177,
-4735,
-5494,
1068,
-1035,
-2265,
1225,
-221,
-1924,
-214,
109,
109,
132,
-171,
1067,
308,
-1366,
1068,
1403,
-1814,
-348,
1473,
-1112,
-761,
1249,
-293,
-497,
907,
-523,
-6832,
6743,
744,
-8234,
4217,
4642,
-8779,
-3672,
2141,
-4912,
-1413,
3526,
-4631,
-5343,
1351,
-859,
-2255,
1292,
-111,
-1924,
-248,
115,
96,
95,
-191,
1136,
511,
-1216,
1022,
1355,
-1828,
-566,
1230,
-982,
-459,
1337,
-273,
-351,
1013,
-525,
-6830,
7192,
1065,
-8504,
4123,
5060,
-8790,
-4226,
2013,
-4722,
-1549,
3618,
-3907,
-4821,
1270,
-985,
-2198,
1335,
-104,
-1900,
-213,
132,
99,
170,
-85,
1172,
590,
-1142,
879,
1282,
-1602,
-545,
945,
-921,
-81,
1363,
-614,
-640,
871,
-538,
-6984,
7568,
1414,
-8473,
4529,
5727,
-8593,
-4269,
1889,
-5531,
-2627,
3455,
-3365,
-4551,
1246,
-1003,
-2342,
1167,
-24,
-1756,
-228,
97,
99,
104,
-177,
1033,
376,
-1043,
1451,
1537,
-2124,
-974,
1146,
-856,
-465,
1282,
-224,
-379,
894,
-533,
-6976,
7421,
1194,
-8495,
4820,
6147,
-8382,
-4484,
1449,
-5637,
-2148,
4078,
-3134,
-4694,
1079,
-1011,
-2218,
1338,
123,
-1662,
-206,
72,
130,
185,
-224,
858,
348,
-845,
1590,
1467,
-2134,
-704,
1402,
-1049,
-972,
1044,
8,
-98,
847,
-533,
-7033,
6951,
1518,
-7410,
4690,
4773,
-8781,
-3200,
2680,
-6051,
-3406,
3753,
-2957,
-5401,
381,
-469,
-1496,
1181,
-309,
-1799,
-195,
74,
144,
274,
-179,
761,
305,
-871,
1399,
1439,
-1849,
-435,
1743,
-570,
-854,
776,
-169,
-156,
780,
-502,
-6428,
6761,
782,
-7736,
4262,
3843,
-8424,
-1247,
3279,
-7505,
-3901,
5342,
-1191,
-4784,
-48,
-1202,
-1643,
1600,
-9,
-1777,
-242,
58,
130,
134,
-308,
744,
-26,
-1480,
1213,
1664,
-1665,
-242,
1881,
-693,
-988,
759,
-272,
-319,
660,
-508,
-6622,
5994,
520,
-7453,
3925,
3767,
-7196,
-417,
2842,
-7590,
-3472,
5129,
-1539,
-4741,
-346,
-1606,
-1427,
1809,
-292,
-1966,
-194,
59,
147,
113,
-363,
926,
104,
-1793,
990,
1969,
-1295,
-140,
1882,
-612,
-691,
1067,
-446,
-818,
429,
-518,
-7219,
4992,
393,
-6896,
3770,
3731,
-6074,
590,
3196,
-7239,
-3865,
3846,
-2099,
-4633,
-834,
-1998,
-948,
2074,
-723,
-2261,
-162,
76,
154,
103,
-372,
1081,
210,
-2005,
795,
2183,
-861,
18,
1500,
-1203,
-869,
1276,
-426,
-1062,
225,
-558,
-7535,
4906,
276,
-7199,
3673,
3847,
-6069,
680,
3704,
-6640,
-3803,
3350,
-2511,
-4702,
-1061,
-2561,
-1359,
1997,
-693,
-2183,
-85,
63,
201,
311,
-124,
1336,
482,
-1799,
918,
2205,
-1055,
-340,
1294,
-1017,
-471,
1472,
-472,
-969,
600,
-584,
-7954,
4782,
193,
-7507,
3573,
4252,
-5230,
1990,
5112,
-5804,
-3437,
3591,
-2700,
-5288,
-1372,
-2529,
-1424,
1778,
-946,
-2376,
-109,
86,
209,
381,
-258,
1065,
743,
-1238,
968,
2160,
-664,
-204,
977,
-1104,
-518,
979,
-883,
-857,
850,
-610,
-8154,
4922,
265,
-8184,
2662,
4146,
-4984,
1317,
3903,
-6024,
-2551,
4490,
-2066,
-4545,
-714,
-2291,
-1427,
1684,
-1191,
-2596,
-142,
95,
221,
413,
-444,
687,
583,
-1251,
728,
1908,
-693,
-387,
533,
-1445,
-849,
442,
-1255,
-898,
706,
-640,
-8361,
5244,
397,
-8405,
2999,
4710,
-5006,
1357,
4561,
-5245,
-1876,
4969,
-2105,
-4676,
-313,
-1758,
-1383,
1331,
-1543,
-2672,
16,
187,
200,
444,
-435,
607,
583,
-1182,
651,
1714,
-721,
-110,
906,
-1268,
-896,
298,
-1444,
-1047,
744,
-698,
-8810,
5337,
343,
-8915,
2978,
5116,
-4958,
1357,
4660,
-5725,
-2687,
4554,
-2378,
-4953,
-139,
-1458,
-1585,
1043,
-1407,
-2466,
19,
173,
190,
432,
-352,
617,
524,
-868,
1158,
1637,
-1206,
-93,
1405,
-1063,
-1174,
-49,
-1635,
-1181,
619,
-691,
-9099,
4905,
-234,
-9473,
2756,
5216,
-4952,
1117,
4579,
-5300,
-2113,
4470,
-3333,
-6022,
-659,
-1606,
-1642,
1118,
-1305,
-2485,
-15,
177,
187,
429,
-432,
497,
600,
-618,
1458,
2123,
-658,
140,
1473,
-785,
-760,
336,
-1277,
-912,
782,
-660,
-9210,
4895,
-546,
-10045,
2716,
5824,
-4331,
1694,
5470,
-4314,
-1635,
4147,
-4189,
-6715,
-705,
-1186,
-1147,
1557,
-1013,
-2447,
-81,
178,
165,
385,
-405,
326,
63,
-1065,
1386,
2063,
-920,
-182,
1172,
-857,
-413,
782,
-1058,
-810,
783,
-719,
-9971,
4741,
-403,
-10350,
2335,
5677,
-4757,
1348,
6173,
-3127,
-1186,
3831,
-4888,
-7501,
-890,
-799,
-1099,
1277,
-978,
-2294,
-140,
128,
164,
353,
-263,
771,
740,
-419,
1589,
1981,
-613,
496,
1613,
-649,
-40,
1170,
-1031,
-972,
845,
-767,
-10500,
4701,
-177,
-10387,
2303,
5796,
-5082,
547,
5713,
-2859,
-369,
5001,
-3808,
-6963,
-736,
-666,
-872,
1681,
-501,
-2087,
-204,
86,
158,
254,
-393,
630,
370,
-1189,
652,
1321,
-865,
479,
1723,
-503,
30,
1199,
-1021,
-1043,
810,
-832,
-11037,
4712,
178,
-10251,
2143,
5378,
-5535,
433,
5872,
-2683,
-304,
4838,
-3898,
-6536,
-187,
-622,
-1174,
1418,
-612,
-2018,
-76,
127,
147,
217,
-399,
748,
449,
-1321,
432,
1232,
-705,
574,
1145,
-1489,
-373,
1422,
-906,
-1155,
713,
-882,
-11737,
4393,
325,
-10297,
1790,
5281,
-5576,
-135,
5500,
-1937,
690,
4839,
-4539,
-6955,
-336,
-798,
-1505,
1093,
-629,
-1847,
-68,
72,
158,
139,
-446,
874,
500,
-1379,
346,
853,
-1208,
534,
1361,
-1524,
-389,
1681,
-711,
-1163,
684,
-944,
-12265,
4216,
508,
-10170,
1515,
4506,
-6257,
40,
6145,
-1727,
504,
4711,
-4492,
-6616,
116,
-739,
-1577,
1483,
-138,
-1776,
-162,
62,
154,
172,
-321,
1070,
602,
-1685,
-170,
654,
-1239,
501,
1798,
-841,
-328,
1357,
-684,
-1025,
549,
-1007,
-12749,
4108,
634,
-10409,
1015,
4345,
-6011,
342,
6289,
-1908,
19,
4481,
-4043,
-5928,
424,
-763,
-1619,
1458,
-154,
-1702,
-71,
71,
171,
221,
-361,
985,
619,
-1570,
-85,
529,
-1614,
119,
1498,
-1212,
-515,
1694,
-211,
-861,
604,
-1044,
-13024,
4120,
853,
-10208,
1322,
4660,
-6149,
-290,
5491,
-2742,
-608,
4407,
-3704,
-5437,
1046,
-282,
-1480,
1655,
281,
-1382,
60,
140,
126,
149,
-413,
779,
415,
-1510,
56,
630,
-1472,
132,
1371,
-1214,
-479,
1666,
-61,
-668,
475,
-1097,
-13661,
3907,
1076,
-10009,
1358,
4582,
-6325,
-448,
5356,
-3038,
-940,
4602,
-2719,
-4214,
1738,
-328,
-1980,
1101,
-5,
-1386,
124,
174,
98,
65,
-380,
947,
536,
-1286,
535,
948,
-1605,
-114,
1249,
-1385,
-833,
1236,
-308,
-596,
672,
-1131,
-14153,
4130,
1907,
-9164,
2072,
5069,
-6266,
-852,
4669,
-3632,
-1388,
4004,
-3081,
-3765,
2352,
-352,
-2224,
1143,
96,
-1400,
85,
150,
111,
47,
-527,
736,
354,
-1369,
690,
1350,
-1215,
-37,
1072,
-1348,
-415,
1578,
-321,
-751,
525,
-1186,
-14565,
4282,
1722,
-9607,
2248,
4571,
-8101,
-2070,
4490,
-4037,
-1497,
4775,
-2649,
-4297,
1457,
-1181,
-2715,
1080,
166,
-1333,
152,
155,
127,
87,
-526,
753,
317,
-1449,
779,
1449,
-1216,
285,
1599,
-1312,
-809,
1269,
-453,
-685,
760,
-1109,
-14244,
3636,
1271,
-9449,
2088,
5025,
-6449,
-1142,
4164,
-4193,
-1301,
5210,
-1489,
-3061,
2080,
-524,
-1828,
1572,
241,
-1362,
96,
145,
101,
-62,
-607,
893,
415,
-1820,
-50,
701,
-1596,
-14,
1173,
-1782,
-1142,
1340,
-54,
-447,
764,
-1092,
-13979,
3732,
1414,
-9162,
2153,
4975,
-6153,
-826,
3854,
-4910,
-1904,
4585,
-2398,
-3966,
1547,
-769,
-2038,
1364,
121,
-1373,
161,
198,
74,
-55,
-437,
1185,
865,
-1168,
491,
916,
-1394,
303,
1294,
-1810,
-968,
1664,
246,
-75,
1168,
-1008,
-13899,
3544,
1246,
-9020,
2632,
5699,
-5906,
-1597,
3048,
-4771,
-1362,
4944,
-2182,
-4186,
965,
-809,
-1447,
1660,
-148,
-1712,
9,
177,
64,
-106,
-368,
1392,
819,
-1568,
248,
1104,
-1090,
511,
1459,
-1786,
-1211,
1255,
-163,
-342,
1084,
-970,
-13575,
3757,
1341,
-8927,
2706,
5665,
-6208,
-2180,
2605,
-4702,
-1070,
4917,
-2551,
-4478,
929,
-807,
-1509,
1687,
-37,
-1680,
-27,
165,
58,
-174,
-482,
1403,
1070,
-1285,
340,
1104,
-986,
826,
2013,
-1176,
-774,
1513,
-95,
-549,
746,
