-366,
-6194,
1836,
-842,
-6596,
-253,
2039,
-2225,
1304,
2937,
-1946,
-83,
2529,
-1503,
-1159,
2110,
-26,
-1052,
884,
164,
-654,
73,
16,
99,
7,
-322,
608,
370,
-793,
186,
277,
-1079,
-23,
499,
-1011,
-141,
1040,
-194,
-107,
803,
-340,
-5979,
2182,
-541,
-6532,
-358,
2133,
-1630,
2063,
3129,
-2446,
-813,
1786,
-2146,
-1447,
1986,
-329,
-1220,
1106,
371,
-629,
142,
75,
86,
18,
-441,
308,
186,
-778,
276,
376,
-1125,
-151,
574,
-921,
-293,
1012,
82,
58,
709,
-343,
-5972,
2157,
-578,
-6686,
-711,
1837,
-1626,
2185,
3148,
-2418,
-582,
2169,
-1973,
-1883,
1046,
-1209,
-1783,
663,
3,
-793,
118,
79,
65,
-155,
-709,
186,
122,
-961,
221,
580,
-887,
178,
1090,
-613,
-395,
736,
-384,
-588,
352,
-334,
-5783,
2424,
-410,
-6598,
-407,
2362,
-1417,
1684,
2390,
-2610,
-224,
2198,
-2618,
-2491,
1123,
-603,
-1118,
1117,
208,
-738,
127,
80,
65,
-150,
-645,
408,
449,
-726,
332,
722,
-711,
265,
1170,
-346,
-18,
968,
-340,
-560,
452,
-342,
-5793,
2365,
-601,
-6764,
-582,
1800,
-2063,
1634,
2578,
-2774,
-264,
2693,
-2014,
-1911,
1894,
28,
-942,
1220,
529,
-451,
230,
104,
59,
-53,
-353,
588,
396,
-635,
504,
535,
-953,
435,
1337,
-594,
-374,
802,
-295,
-382,
506,
-340,
-5979,
2057,
-1064,
-7168,
-765,
1647,
-2174,
1810,
2877,
-2614,
-81,
3045,
-1637,
-1717,
1737,
-383,
-1249,
1092,
375,
-607,
183,
98,
77,
68,
-165,
746,
510,
-497,
766,
939,
-606,
412,
908,
-1086,
-691,
543,
-587,
-610,
387,
-317,
-5891,
2246,
-708,
-6886,
-549,
2274,
-1297,
2428,
3502,
-2047,
-542,
1676,
-2528,
-1707,
1961,
-229,
-1019,
1305,
430,
-618,
215,
127,
60,
-26,
-424,
410,
311,
-673,
381,
444,
-1022,
184,
985,
-794,
-377,
904,
-176,
-245,
736,
-317,
-5903,
2231,
-922,
-7226,
-709,
2248,
-1446,
2030,
2797,
-2827,
-918,
1754,
-2446,
-1986,
1249,
-1193,
-1856,
817,
141,
-916,
-43,
43,
76,
-43,
-423,
513,
493,
-452,
556,
545,
-855,
478,
1404,
-178,
179,
1024,
-228,
-140,
703,
-316,
-5906,
1995,
-859,
-6764,
-382,
2577,
-850,
2447,
2896,
-2633,
-473,
2447,
-1537,
-1067,
2094,
-466,
-1399,
1184,
647,
-520,
58,
37,
82,
-15,
-405,
442,
463,
-358,
588,
613,
-576,
481,
715,
-1115,
-538,
444,
-735,
-431,
655,
-352,
-6085,
1889,
-725,
-6513,
-336,
2191,
-1589,
1905,
2980,
-2344,
-429,
2485,
-1570,
-1604,
1470,
-574,
-1458,
647,
40,
-759,
53,
53,
75,
-11,
-340,
536,
508,
-321,
647,
488,
-1013,
125,
856,
-701,
-169,
846,
-418,
-444,
609,
-360,
-6005,
2051,
-447,
-6181,
-238,
1871,
-2064,
1488,
2497,
-2745,
-435,
2652,
-1584,
-1681,
1515,
-375,
-1017,
1228,
435,
-634,
75,
59,
74,
-17,
-370,
479,
423,
-467,
420,
224,
-1191,
155,
1131,
-256,
211,
910,
-630,
-722,
324,
-347,
-6038,
1928,
-940,
-6844,
-693,
1371,
-2730,
1104,
2427,
-2766,
-235,
3125,
-1154,
-1400,
1605,
-575,
-1246,
1256,
557,
-609,
62,
62,
65,
-90,
-558,
253,
326,
-435,
389,
69,
-1237,
327,
1236,
-336,
239,
1121,
-458,
-588,
507,
-349,
-5977,
2236,
-697,
-6907,
-643,
1927,
-1972,
1527,
2429,
-3009,
-782,
2293,
-1745,
-1420,
1769,
-511,
-1105,
1449,
625,
-562,
155,
92,
74,
14,
-377,
414,
385,
-373,
685,
519,
-945,
396,
1145,
-630,
-130,
954,
-427,
-595,
374,
-298,
-5982,
1289,
-923,
-6208,
-808,
1816,
-910,
1836,
1964,
-2046,
571,
2402,
-1302,
-298,
1612,
-1591,
-1524,
1276,
174,
-765,
180,
62,
99,
-62,
-623,
324,
329,
-721,
304,
396,
-1012,
247,
1112,
-511,
-209,
568,
-629,
-371,
575,
-278,
-5928,
1023,
-1093,
-6109,
-1014,
1285,
-1210,
1661,
1565,
-2425,
321,
1935,
-1856,
-417,
1826,
-1548,
-1630,
1303,
209,
-880,
104,
88,
69,
-98,
-581,
351,
419,
-425,
568,
414,
-1008,
361,
1107,
-613,
-155,
614,
-866,
-569,
801,
-311,
-5891,
1723,
-967,
-6598,
-522,
2120,
-1385,
1537,
1834,
-3131,
-642,
2081,
-1798,
-1112,
1893,
-651,
-1352,
1065,
298,
-679,
107,
72,
62,
-99,
-440,
590,
553,
-564,
146,
-73,
-1356,
91,
729,
-1161,
-645,
526,
-622,
-438,
649,
-324,
-5898,
1995,
-751,
-6785,
-923,
1671,
-1813,
1447,
2072,
-3004,
-561,
2488,
-1278,
-776,
2188,
-437,
-1400,
1019,
497,
-444,
213,
101,
51,
-94,
-366,
702,
737,
-232,
592,
401,
-938,
441,
1132,
-649,
-147,
944,
-274,
-236,
688,
-338,
-5915,
1984,
-590,
-6469,
-935,
1122,
-2307,
1447,
2372,
-2634,
-523,
1832,
-1937,
-658,
2489,
-584,
-1582,
979,
266,
-775,
33,
46,
82,
-13,
-351,
533,
311,
-732,
303,
250,
-1110,
317,
1059,
-719,
-173,
848,
-502,
-331,
842,
-321,
-5813,
2132,
-579,
-6357,
-196,
2121,
-1972,
1183,
2099,
-3106,
-1412,
932,
-2719,
-1352,
2400,
80,
-841,
1432,
567,
-654,
-24,
6,
84,
-97,
-572,
287,
272,
-579,
393,
293,
-1063,
78,
558,
-975,
-135,
751,
-760,
-433,
941,
-328,
-5762,
2305,
-380,
-6466,
-775,
1510,
-2103,
1224,
1784,
-3347,
-924,
1760,
-2260,
-1249,
2396,
30,
-847,
1439,
461,
-744,
24,
56,
62,
-146,
-627,
226,
106,
-820,
440,
676,
-714,
447,
1114,
-592,
61,
1312,
51,
1,
1012,
-352,
-5901,
2250,
-406,
-6437,
-685,
1446,
-2187,
1427,
1901,
-3625,
-938,
2419,
-1726,
-1620,
1445,
-748,
-1244,
1200,
338,
-646,
206,
117,
58,
-80,
-529,
211,
-176,
-1428,
-319,
128,
-871,
546,
1418,
-34,
516,
1219,
-395,
-382,
701,
-345,
-5977,
2118,
-411,
-6321,
-400,
2098,
-1663,
1340,
1988,
-2866,
-490,
2170,
-1758,
-1229,
1613,
-847,
-1227,
1380,
518,
-620,
78,
38,
81,
-98,
-505,
592,
670,
-497,
81,
-146,
-1296,
285,
944,
-945,
-326,
915,
-340,
-291,
789,
-342,
-5983,
2138,
-569,
-6663,
-589,
2073,
-1815,
1143,
1837,
-3295,
-1173,
1615,
-2244,
-1686,
1584,
-431,
-807,
1584,
494,
-745,
64,
67,
87,
28,
-443,
341,
319,
-759,
-55,
-120,
-1447,
-173,
812,
-623,
-188,
904,
-86,
-20,
821,
-354,
-6044,
2096,
-700,
-6787,
-745,
1661,
-1998,
1705,
2616,
-2606,
-187,
2614,
-1689,
-1212,
2066,
-451,
-1282,
1179,
379,
-662,
162,
93,
79,
-1,
-472,
266,
89,
-888,
286,
491,
-992,
20,
858,
-460,
218,
1259,
56,
36,
729,
-333,
-6031,
1948,
-904,
-6864,
-681,
1894,
-1596,
1958,
2466,
-2921,
-458,
2233,
-2086,
-1273,
2171,
-658,
-1694,
1001,
419,
-667,
126,
106,
52,
-76,
-452,
437,
388,
-526,
515,
547,
-782,
495,
1222,
-340,
344,
1349,
-80,
-140,
702,
-356,
-6072,
2067,
-737,
-6890,
-694,
1967,
-2065,
1096,
2396,
-2215,
39,
2610,
-1580,
-1186,
1964,
-538,
-1506,
932,
376,
-640,
67,
59,
70,
-45,
-472,
264,
180,
-598,
448,
383,
-1045,
-33,
518,
-824,
142,
1259,
-89,
-127,
711,
-325,
-5821,
2116,
-871,
-6883,
-594,
1988,
-1831,
1364,
1864,
-3354,
-737,
2117,
-2329,
-1977,
1408,
-881,
-1572,
1026,
398,
-623,
133,
81,
69,
-70,
-591,
71,
-20,
-694,
413,
86,
-1576,
-352,
406,
-1020,
-62,
1062,
-425,
-373,
755,
-341,
-5754,
2331,
-551,
-6606,
-403,
2097,
-1847,
1425,
2325,
-2703,
-429,
2108,
-2259,
-1843,
1341,
-1110,
-1770,
892,
329,
-583,
216,
105,
74,
18,
-363,
373,
35,
-1024,
194,
358,
-1133,
80,
995,
-527,
63,
1135,
-248,
-336,
702,
-327,
-5808,
2259,
-747,
-6962,
-781,
1779,
-2062,
1448,
2443,
-2985,
-1161,
1519,
-2310,
-1523,
1711,
-868,
-1594,
1141,
527,
-603,
129,
100,
54,
-68,
-434,
391,
249,
-541,
863,
1020,
-654,
412,
1370,
-158,
257,
1305,
50,
-149,
634,
-344,
-6057,
2011,
-838,
-6975,
-764,
1925,
-1959,
1415,
2596,
-2623,
-792,
2134,
-1450,
-947,
1968,
-620,
-1480,
1089,
620,
-376,
251,
117,
51,
-85,
-473,
377,
294,
-699,
161,
38,
-1299,
210,
1250,
-457,
-140,
1129,
161,
-122,
394,
-331,
-5954,
1970,
-1047,
-7145,
-846,
1764,
-2175,
1162,
2072,
-3314,
-1165,
2087,
-1598,
-1265,
1789,
-498,
-1244,
1152,
529,
-410,
254,
86,
82,
-30,
-482,
427,
350,
-883,
-130,
-37,
-1191,
343,
1385,
-337,
5,
1368,
400,
62,
641,
-332,
-5919,
1828,
-908,
-6585,
-524,
1669,
-2186,
1294,
2127,
-3277,
-1294,
1557,
-2128,
-1317,
1941,
-556,
-1380,
1162,
545,
-540,
125,
69,
72,
-36,
-427,
414,
288,
-757,
127,
160,
-1016,
365,
1064,
-748,
-386,
687,
-398,
-318,
605,
-280,
-5615,
1535,
-1325,
-6709,
-824,
1255,
-2348,
1033,
1866,
-2921,
-877,
1301,
-2277,
-670,
2736,
-113,
-1062,
1413,
593,
-677,
-71,
-15,
92,
-27,
-303,
624,
246,
-952,
128,
257,
-890,
611,
1104,
-949,
-204,
1167,
-390,
-664,
543,
-257,
-5484,
1395,
-1199,
-6398,
-1233,
524,
-2406,
1272,
2226,
-1599,
838,
1896,
-2410,
-365,
3120,
-238,
-1255,
1526,
836,
-471,
44,
6,
103,
74,
-186,
500,
68,
-568,
776,
212,
-1372,
463,
877,
-1580,
-509,
1287,
-564,
-1126,
255,
-235,
-5481,
1002,
-1395,
-6248,
-1311,
412,
-2326,
970,
1593,
-1831,
975,
1922,
-2469,
-199,
3493,
-105,
-1557,
1154,
586,
-693,
-44,
38,
70,
18,
-237,
471,
190,
-555,
497,
154,
-1105,
526,
867,
-1238,
-27,
1670,
-243,
-829,
655,
-235,
-5481,
982,
-937,
-5530,
-1134,
319,
-2128,
982,
1219,
-2034,
858,
1563,
-2693,
-269,
3012,
-834,
-1986,
932,
412,
-654,
100,
77,
66,
-34,
-334,
521,
151,
-1134,
-242,
-145,
-1275,
165,
783,
-875,
322,
1877,
-32,
-769,
453,
-235,
-5531,
729,
-1445,
-6143,
-1550,
241,
-2026,
1244,
1739,
-1556,
1096,
1953,
-2196,
-291,
2738,
-508,
-1270,
1264,
340,
-787,
-4,
32,
81,
-29,
-388,
388,
118,
-878,
-16,
-273,
-1363,
426,
949,
-1187,
-331,
1182,
-389,
-599,
819,
-241,
-5430,
849,
-1235,
-5944,
-1181,
970,
-1771,
666,
1536,
-1189,
875,
1328,
-2604,
-1032,
1870,
-575,
-1041,
1070,
199,
-677,
6,
4,
69,
-154,
-515,
265,
-105,
-1041,
7,
-68,
-1023,
607,
834,
-1255,
-201,
1324,
-255,
-528,
665,
-217,
-5541,
610,
-1008,
-5675,
-1423,
1368,
-427,
1393,
1375,
-1494,
143,
448,
-2545,
-425,
1941,
-961,
-1381,
872,
94,
-761,
-57,
-9,
75,
-101,
-496,
142,
-153,
-908,
113,
-22,
-1122,
261,
727,
-860,
134,
1460,
67,
-179,
786,
-202,
-5530,
907,
-449,
-5746,
-2524,
515,
-251,
1511,
901,
-1676,
395,
434,
-2870,
-754,
1741,
-868,
-1188,
807,
39,
-508,
203,
59,
52,
-154,
-430,
344,
-12,
-696,
427,
-63,
-1343,
504,
1016,
-1241,
-512,
1019,
-415,
-674,
590,
-218,
-5615,
876,
-517,
-5866,
-2594,
416,
-526,
1044,
311,
-2122,
357,
563,
-2983,
-1026,
1545,
-1049,
-1399,
687,
11,
-524,
198,
62,
56,
-116,
-373,
426,
169,
-517,
468,
83,
-936,
786,
1008,
-1160,
-295,
1089,
-372,
-502,
731,
-251,
-5789,
1114,
-37,
-5317,
-1696,
1467,
184,
1597,
783,
-2174,
271,
1343,
-2014,
-981,
1069,
-1265,
-1386,
779,
149,
-464,
221,
100,
27,
-162,
-413,
316,
111,
-420,
592,
161,
-885,
866,
1234,
-938,
-375,
843,
-495,
-564,
593,
-282,
-5887,
1606,
98,
-5807,
-1979,
1048,
-739,
927,
428,
-2510,
222,
1152,
-2684,
-1212,
1496,
-972,
-1231,
987,
96,
-649,
200,
115,
37,
-91,
-323,
384,
28,
-600,
608,
268,
-909,
822,
1072,
-1258,
-423,
989,
-634,
-757,
651,
-314,
-5959,
1666,
-216,
-5904,
-1258,
1423,
-761,
1729,
960,
-3384,
-294,
1812,
-2335,
-1357,
1702,
-622,
-988,
1259,
228,
-677,
178,
85,
75,
-2,
-315,
430,
-17,
-1039,
186,
152,
-1351,
85,
1104,
-432,
112,
1132,
-174,
-185,
730,
-303,
-5851,
1695,
-379,
-6118,
-1257,
1465,
-1001,
1644,
1518,
-2880,
-606,
1209,
-2551,
-1404,
1460,
-1007,
-1250,
1312,
389,
-718,
54,
68,
52,
-134,
-523,
317,
218,
-585,
466,
309,
-1075,
281,
943,
-814,
-123,
1192,
-97,
-337,
548,
-321,
-6142,
1561,
-561,
-6443,
-1471,
1422,
-746,
2347,
2140,
-2738,
-350,
1926,
-1904,
-1047,
1775,
-835,
-1356,
1227,
573,
-404,
267,
115,
59,
-31,
-388,
381,
282,
-506,
448,
309,
-882,
472,
950,
-891,
-399,
611,
-510,
-282,
687,
-337,
-6094,
1831,
-343,
-6191,
-950,
1738,
-882,
2179,
2037,
-2822,
-237,
2093,
-1896,
-1155,
1521,
-1067,
-1309,
1269,
419,
-470,
268,
65,
100,
12,
-356,
580,
299,
-862,
255,
292,
-1200,
103,
931,
-706,
-206,
584,
-899,
-602,
774,
-332,
-5982,
2041,
-676,
-6940,
-1223,
1631,
-1664,
1158,
1460,
-3092,
-362,
2074,
-1868,
-813,
2075,
-1052,
-1825,
1026,
531,
-457,
195,
56,
93,
3,
-347,
582,
312,
-853,
266,
420,
-894,
437,
977,
-1020,
-342,
1032,
-389,
-593,
551,
-260,
-5287,
1557,
-950,
-6275,
-1219,
859,
-2371,
314,
1151,
-2375,
-276,
1140,
-2057,
-258,
2016,
-1659,
-2457,
360,
33,
-651,
117,
29,
95,
-28,
-435,
498,
555,
-301,
425,
208,
-472,
1525,
1712,
-815,
-53,
1441,
-250,
-614,
785,
-135,
-3896,
2344,
-632,
-6292,
-2426,
-1309,
-4296,
-1115,
94,
-2849,
-488,
651,
-2636,
-451,
2385,
-903,
-1796,
578,
-92,
-848,
30,
42,
73,
-64,
-448,
347,
250,
-668,
-165,
-634,
-1325,
727,
1045,
-1163,
-287,
1130,
-281,
-330,
825,
21,
-2655,
1513,
-1934,
-5990,
-1583,
-1161,
-4976,
-1883,
639,
-1701,
-376,
1016,
-1090,
287,
2002,
-814,
-1550,
305,
-209,
-644,
150,
67,
67,
-21,
-422,
144,
-69,
-896,
105,
426,
-633,
136,
546,
-919,
-609,
343,
-518,
-524,
341,
94,
-2415,
129,
-2885,
-5505,
-1631,
-1509,
-4268,
-1005,
1258,
-752,
332,
1050,
-1409,
-323,
1473,
-1181,
-2409,
-628,
-411,
-649,
-41,
14,
57,
40,
-155,
183,
-268,
-860,
327,
713,
-277,
396,
804,
-686,
-720,
220,
-290,
-372,
296,
127,
-2401,
-709,
-3079,
-4768,
-1790,
-2369,
-4326,
-360,
2041,
-145,
486,
1196,
-1296,
-985,
716,
-1129,
-2314,
-834,
-271,
-370,
-17,
2,
51,
129,
145,
396,
-86,
-535,
378,
518,
-321,
220,
542,
-480,
-452,
-1,
-540,
-361,
287,
136,
-2418,
-915,
-3143,
-4682,
-1783,
-2037,
-3574,
64,
2096,
167,
779,
877,
-1843,
-1119,
968,
-785,
-1976,
-479,
102,
-49,
165,
48,
33,
34,
3,
494,
361,
-166,
378,
292,
-824,
-575,
-53,
-720,
-761,
-375,
-723,
-589,
-103,
135,
-2353,
-859,
-3143,
-4765,
-1616,
-1131,
-2257,
931,
2412,
195,
181,
-290,
-2560,
-1085,
897,
-1130,
-1830,
207,
602,
57,
184,
72,
25,
46,
1,
439,
357,
-115,
343,
231,
-627,
-118,
173,
-1032,
-1109,
-208,
-392,
-605,
-228,
138,
-2291,
-833,
-2852,
-4341,
-1599,
-1399,
-2251,
1330,
2874,
353,
162,
1,
-2059,
-730,
1358,
-519,
-1563,
214,
722,
89,
38,
11,
31,
36,
-37,
246,
130,
-207,
177,
90,
-373,
208,
177,
-1039,
-1023,
-319,
-544,
-558,
-182,
137,
-2444,
-984,
-3075,
-4735,
-2346,
-2459,
-2992,
1107,
2401,
-727,
-1014,
-747,
-2107,
-483,
966,
-1506,
-2325,
-280,
254,
-178,
-100,
-101,
101,
106,
-92,
312,
253,
-86,
511,
352,
-473,
144,
322,
-788,
-441,
403,
-232,
-506,
-71,
136,
-2293,
-726,
-2880,
-4739,
-2279,
-2128,
-2715,
1198,
2404,
-1154,
-1762,
-778,
-1259,
215,
1182,
-1228,
-1769,
322,
593,
-147,
-70,
-17,
44,
31,
-126,
142,
55,
-270,
196,
228,
-275,
112,
87,
-685,
-268,
230,
-381,
-388,
31,
149,
-2308,
-915,
-2686,
-4569,
-2768,
-2269,
-2062,
1575,
2447,
-1020,
-2040,
-1162,
-933,
579,
912,
-1425,
-1454,
643,
535,
-405,
-178,
11,
22,
57,
-63,
94,
82,
-179,
170,
473,
293,
340,
102,
-311,
123,
331,
-225,
-188,
56,
151,
-2454,
-1057,
-2838,
-4441,
-2201,
-1753,
-1902,
1622,
2601,
-695,
-1809,
-1397,
-1270,
568,
876,
-1440,
-1020,
991,
358,
-496,
-14,
50,
46,
91,
-195,
15,
20,
-420,
146,
737,
344,
324,
321,
-237,
-57,
261,
-159,
-17,
408,
145,
-2681,
-1143,
-2899,
-4467,
-2079,
-1763,
-2084,
1666,
2759,
-793,
-2088,
-1907,
-2042,
191,
1157,
-1253,
-1237,
854,
415,
-476,
-20,
56,
47,
125,
-157,
15,
-37,
-591,
-14,
783,
520,
524,
546,
-96,
33,
469,
-19,
-172,
170,
142,
-2627,
-1007,
-3177,
-4972,
-2286,
-2020,
-2417,
1781,
2817,
-1297,
-2486,
-2014,
-2404,
-245,
997,
-1421,
-1516,
758,
547,
-359,
-32,
34,
42,
66,
-136,
186,
167,
-304,
199,
588,
261,
574,
523,
-194,
251,
630,
-226,
-312,
221,
151,
-2486,
-1145,
-2920,
-4590,
-2463,
-1856,
-1630,
2128,
2979,
-788,
-2234,
-1664,
-1348,
448,
831,
-1451,
-1267,
740,
420,
-341,
30,
52,
50,
161,
-59,
67,
39,
-295,
265,
704,
107,
-102,
3,
-131,
341,
598,
-89,
-219,
198,
149,
-2575,
-1319,
-3214,
-4865,
-2529,
-1810,
-1794,
1583,
2317,
-1120,
-2276,
-1864,
-1815,
-99,
342,
-1590,
-975,
887,
136,
-574,
62,
92,
42,
150,
-52,
169,
36,
-553,
102,
676,
-152,
-271,
321,
106,
112,
422,
7,
-159,
196,
153,
-2455,
-1296,
-3071,
-4402,
-2063,
-1642,
-1689,
1887,
2744,
-584,
-1605,
-1343,
-1636,
65,
777,
-1112,
-740,
951,
206,
-493,
110,
113,
24,
73,
-164,
64,
-77,
-798,
-309,
443,
119,
130,
294,
-168,
17,
404,
-98,
-203,
221,
157,
-2457,
-1453,
-2877,
-4204,
-2368,
-1706,
-1471,
1638,
2665,
-63,
-1474,
-1711,
-1866,
-124,
661,
-1171,
-1267,
317,
117,
-493,
-89,
47,
21,
105,
-21,
20,
-212,
-813,
-643,
-110,
34,
274,
156,
-390,
-154,
278,
22,
73,
386,
152,
-2363,
-1238,
-2835,
-4300,
-2159,
-1271,
-1326,
1354,
2206,
-422,
-1602,
-1630,
-1581,
284,
908,
-1097,
-1003,
813,
518,
-304,
-25,
48,
36,
167,
33,
24,
-220,
-731,
-464,
-49,
-123,
161,
330,
-41,
99,
326,
3,
100,
373,
161,
-2477,
-1398,
-3147,
-4533,
-2264,
-1636,
-1547,
1789,
2180,
-1648,
-2507,
-1268,
-1161,
77,
747,
-1051,
-1126,
636,
516,
-249,
-46,
9,
63,
235,
135,
316,
222,
-561,
-710,
-243,
25,
353,
366,
49,
274,
320,
-178,
16,
413,
155,
-2612,
-1355,
-3157,
-4651,
-2438,
-1991,
-1608,
2323,
2334,
-2278,
-2797,
-727,
-633,
-18,
363,
-1052,
-767,
700,
305,
-226,
90,
33,
47,
90,
65,
628,
508,
-500,
-491,
-16,
85,
661,
780,
36,
-12,
61,
-367,
2,
466,
115,
-2709,
-597,
-2874,
-4922,
-1751,
-1238,
-2015,
2124,
3248,
-967,
-1871,
-1234,
-2329,
-708,
861,
-1287,
-1497,
844,
836,
-57,
171,
118,
5,
50,
68,
578,
436,
-400,
-214,
60,
-41,
777,
946,
-133,
-81,
381,
-72,
163,
691,
33,
-3510,
531,
-3111,
-7122,
-2010,
-478,
-2769,
1532,
2958,
-2254,
-2404,
-570,
-2237,
-663,
1267,
-1776,
-2317,
702,
710,
-298,
194,
140,
34,
83,
-209,
117,
-78,
-820,
-188,
103,
-367,
638,
876,
-569,
-207,
706,
-83,
-65,
644,
-16,
-3657,
2528,
-2174,
-8416,
-1983,
1035,
-2071,
1541,
2433,
-2839,
-1449,
477,
-3235,
-1631,
2165,
-648,
-2187,
173,
71,
-469,
327,
119,
98,
155,
-334,
272,
341,
-504,
218,
418,
-415,
684,
1077,
-553,
-299,
489,
-285,
139,
879,
-29,
-3960,
2331,
-2619,
-9087,
-2443,
727,
-2245,
1515,
2034,
-3409,
-1275,
1116,
-2923,
-1449,
2415,
-561,
-2167,
174,
-82,
-632,
229,
46,
148,
212,
-405,
189,
153,
-765,
260,
502,
-761,
366,
1137,
-526,
-303,
696,
-213,
-89,
694,
-77,
-4100,
2420,
-2087,
-8290,
-1505,
1864,
-1349,
1803,
2392,
-2505,
-592,
1032,
-3166,
-1256,
2839,
-377,
-2235,
287,
356,
-233,
388,
91,
111,
64,
-563,
159,
316,
-550,
242,
266,
-932,
215,
748,
-936,
-298,
916,
-300,
-357,
685,
-71,
-4438,
2208,
-2463,
-9093,
-2298,
1439,
-1622,
1586,
2376,
-2433,
-552,
1163,
-3072,
-1498,
2438,
-560,
-2250,
264,
371,
-172,
424,
107,
101,
88,
-380,
332,
227,
-732,
150,
119,
-1033,
483,
1216,
-694,
-392,
512,
-881,
-736,
644,
-88,
-4523,
2300,
-2287,
-8930,
-2087,
1556,
-1711,
1501,
2194,
-3074,
-1190,
1393,
-2248,
-1133,
2085,
-1065,
-2518,
119,
112,
-501,
254,
103,
76,
3,
-412,
417,
291,
-899,
-58,
300,
-588,
774,
1498,
-176,
144,
993,
-301,
-276,
717,
-124,
-4504,
2548,
-1986,
-8755,
-1861,
1795,
-1889,
963,
1946,
-2869,
-1016,
1361,
-2326,
-1316,
1840,
-1075,
-2400,
37,
-28,
-483,
300,
100,
78,
-22,
-437,
469,
452,
-560,
309,
316,
-966,
215,
788,
-902,
-289,
921,
-97,
62,
900,
-141,
-4582,
2679,
-1666,
-8385,
-1876,
1227,
-1960,
1992,
2897,
-2595,
-667,
1629,
-2690,
-1664,
1939,
-918,
-2056,
754,
546,
-291,
379,
138,
77,
54,
-364,
329,
127,
-836,
163,
196,
-1002,
392,
1055,
-685,
-118,
1002,
-62,
190,
1033,
-165,
-4821,
2434,
-1647,
-8166,
-1501,
1964,
-1301,
1928,
2586,
-2402,
-160,
1999,
-2520,
-1537,
2203,
-654,
-2057,
643,
507,
-375,
277,
112,
93,
175,
-263,
145,
-91,
-760,
323,
364,
-595,
879,
1306,
-616,
-114,
837,
-477,
-290,
767,
-163,
-4945,
2492,
-1647,
-8604,
-2116,
1682,
-1396,
1655,
2329,
-2511,
-403,
1840,
-2186,
-1304,
1763,
-1087,
-2030,
499,
53,
-557,
370,
147,
91,
141,
-321,
179,
-200,
-1176,
102,
593,
-429,
769,
1338,
-294,
213,
1013,
-421,
-335,
686,
-154,
-4895,
2283,
-1632,
-8073,
-1740,
1543,
-1364,
2319,
3054,
-2394,
-722,
1703,
-1913,
-777,
2363,
-668,
-1969,
439,
99,
-568,
250,
108,
75,
42,
-265,
529,
186,
-969,
174,
592,
-480,
765,
1424,
-306,
-25,
821,
-337,
-265,
471,
-215,
-5195,
2089,
-1679,
-7852,
-1292,
1543,
-2040,
1778,
2891,
-2763,
-1041,
1932,
-1866,
-1404,
1936,
-420,
-1627,
593,
216,
-529,
206,
94,
68,
-4,
-327,
501,
247,
-875,
194,
539,
-630,
408,
832,
-941,
-319,
993,
-78,
-107,
780,
-204,
-5091,
2294,
-1360,
-7532,
-1041,
1829,
-1779,
1772,
2690,
-2931,
-1322,
1386,
-2368,
-1571,
2006,
-344,
-1729,
305,
6,
-467,
400,
191,
31,
-37,
-337,
368,
133,
-723,
278,
206,
-965,
434,
1005,
-681,
64,
1223,
-57,
-76,
804,
-224,
-5147,
2258,
-1557,
-7698,
-1043,
1657,
-2020,
1687,
2610,
-2656,
-630,
1593,
-2484,
-1129,
2311,
-739,
-1756,
946,
457,
-345,
447,
182,
39,
-150,
-638,
210,
195,
-532,
542,
135,
-1290,
670,
1731,
-253,
186,
1312,
-30,
54,
1089,
-224,
-5289,
2025,
-1679,
-8032,
-1879,
902,
-2369,
1405,
2474,
-2429,
-222,
2075,
-2042,
-921,
2419,
-666,
-1853,
857,
501,
-363,
378,
165,
47,
-113,
-691,
6,
-47,
-986,
-16,
248,
-529,
1123,
1579,
-746,
-473,
828,
-324,
-394,
718,
-223,
-5257,
2108,
-1536,
-7844,
-1903,
490,
-2586,
1847,
2806,
-2719,
-227,
2710,
-1713,
-1004,
2691,
-256,
-1903,
589,
286,
-620,
190,
127,
68,
82,
-256,
528,
515,
-497,
161,
181,
-621,
1006,
1402,
-985,
-805,
529,
-433,
-422,
602,
-234,
-5156,
2347,
-1307,
-7608,
-1498,
960,
-2239,
2056,
2960,
-2516,
-60,
2720,
-1680,
-977,
2357,
-715,
-1970,
704,
229,
-709,
172,
126,
57,
-25,
-412,
431,
356,
-736,
-56,
-137,
-1053,
678,
1303,
-678,
-108,
1064,
-284,
-276,
785,
-272,
-5499,
2107,
-1180,
-7525,
-1721,
875,
-2295,
1679,
2789,
-2455,
-423,
2475,
-1222,
-827,
1728,
-1172,
-1963,
757,
358,
-527,
196,
102,
51,
-97,
-435,
433,
97,
-1237,
-387,
-39,
-803,
558,
796,
-1011,
80,
1497,
-60,
-328,
751,
-271,
-5432,
2417,
-1059,
-7545,
-1092,
1943,
-1807,
1760,
3197,
-2147,
-777,
1963,
-1429,
-878,
1846,
-801,
-1565,
1028,
514,
-512,
149,
93,
59,
9,
-262,
358,
-83,
-875,
471,
518,
-811,
480,
943,
-841,
103,
1505,
66,
-167,
848,
-266,
-5445,
2351,
-1159,
-7547,
-1150,
1578,
-2136,
1726,
2998,
-2498,
-714,
2045,
-2008,
-1582,
1643,
-865,
-1791,
861,
522,
-380,
319,
164,
34,
-37,
-291,
389,
-165,
-1287,
17,
345,
-909,
384,
1037,
-878,
-433,
894,
-120,
-107,
839,
-283,
-5564,
2104,
-1147,
-7423,
-1424,
1190,
-2281,
1540,
2781,
-2471,
-581,
2195,
-1808,
-1553,
1583,
-617,
-1376,
1013,
391,
-589,
153,
102,
57,
-16,
-311,
524,
344,
-701,
271,
495,
-631,
471,
929,
-849,
-481,
519,
-472,
-238,
711,
-304,
-5540,
2513,
-465,
-6793,
-887,
1761,
-1670,
2038,
3032,
-2422,
-692,
1893,
-2200,
-1938,
1224,
-701,
-1024,
1385,
420,
-693,
136,
112,
56,
7,
-272,
469,
143,
-778,
452,
531,
-866,
387,
995,
-893,
-404,
773,
-441,
-388,
693,
-330,
-5871,
2324,
-571,
-7071,
-1339,
1275,
-2144,
1615,
2763,
-2478,
-648,
1862,
-2189,
-1525,
2004,
-161,
-1159,
879,
119,
-674,
197,
99,
80,
48,
-341,
364,
176,
-644,
513,
470,
-945,
432,
1158,
-874,
-689,
474,
-509,
-464,
461,
-323,
-5797,
2334,
-572,
-6802,
-726,
1943,
-1559,
2036,
2651,
-3060,
-929,
2095,
-2056,
-1602,
2180,
199,
-1009,
905,
219,
-642,
105,
52,
88,
49,
-265,
478,
184,
-628,
682,
607,
-993,
372,
1243,
-663,
-414,
664,
-530,
-566,
455,
-321,
-5761,
2318,
-729,
-7083,
-977,
1815,
-1793,
1314,
1590,
-3775,
-1106,
1956,
-2368,
-1929,
1721,
-399,
-1248,
1231,
651,
-458,
158,
101,
34,
-157,
-467,
409,
163,
-811,
207,
42,
-1242,
386,
1126,
-806,
-260,
904,
-400,
-310,
801,
-339,
-5903,
2138,
-782,
-6748,
-465,
1874,
-2059,
1566,
2386,
-3203,
-949,
2071,
-2227,
-1978,
1401,
-837,
-1571,
1059,
501,
-588,
93,
70,
61,
-105,
-538,
251,
52,
-958,
-32,
-225,
-1625,
-60,
978,
-645,
-182,
870,
-299,
-139,
882,
-335,
-5928,
2123,
-950,
-7008,
-548,
1884,
-2127,
1653,
2654,
-3274,
-1455,
1792,
-1962,
-1651,
1417,
-919,
-1516,
1165,
562,
-519,
179,
102,
58,
-78,
-560,
94,
-97,
-950,
68,
-33,
-1313,
80,
793,
-726,
84,
1070,
-464,
-490,
565,
-323,
-5712,
2402,
-845,
-7152,
-575,
2105,
-2215,
1114,
2465,
-2802,
-1052,
1687,
-2286,
-1977,
1140,
-983,
-1374,
1263,
542,
-513,
228,
112,
64,
-79,
-607,
184,
190,
-763,
135,
166,
-1095,
300,
1350,
-55,
309,
1007,
-426,
-426,
568,
