-1089,
-12523,
5381,
3140,
-7667,
2610,
4317,
-6899,
-719,
4497,
-4966,
-2948,
3700,
-2361,
-3365,
2086,
-889,
-2916,
541,
-99,
-1367,
74,
117,
135,
94,
-586,
645,
484,
-1273,
302,
763,
-1507,
-72,
1108,
-1460,
-896,
1008,
-548,
-666,
738,
-1064,
-12561,
5012,
2988,
-7524,
2634,
4647,
-6091,
-106,
4947,
-4457,
-3037,
2914,
-3180,
-4150,
1386,
-1061,
-2791,
495,
-151,
-1309,
79,
100,
140,
145,
-381,
838,
503,
-1086,
874,
1367,
-1205,
-107,
836,
-1669,
-779,
1195,
-717,
-1054,
544,
-1065,
-12523,
5274,
3454,
-7202,
2669,
4689,
-6068,
-553,
4255,
-4599,
-2641,
3133,
-3329,
-4429,
1021,
-1381,
-2781,
738,
0,
-1312,
35,
82,
139,
60,
-607,
611,
406,
-1105,
818,
1223,
-1324,
66,
1376,
-1079,
-449,
1339,
-509,
-780,
640,
-1083,
-12696,
5338,
3408,
-7352,
2946,
5101,
-6071,
-523,
4772,
-3979,
-2291,
3249,
-3244,
-4155,
1306,
-1466,
-3074,
567,
-152,
-1486,
-15,
88,
147,
120,
-552,
770,
762,
-955,
547,
921,
-1550,
-241,
1225,
-1074,
-695,
1100,
-173,
-153,
1048,
-1080,
-12708,
5114,
2939,
-7844,
2691,
5168,
-5835,
-374,
4812,
-3851,
-1980,
3867,
-2137,
-2818,
2399,
-742,
-2805,
359,
-366,
-1446,
-12,
36,
163,
78,
-465,
1074,
776,
-1120,
956,
1760,
-858,
335,
1633,
-1043,
-803,
964,
-539,
-595,
750,
-1080,
-12774,
5009,
2993,
-7548,
3020,
5447,
-5425,
108,
4970,
-4091,
-2222,
3774,
-2297,
-2969,
2495,
-540,
-2650,
614,
-44,
-1270,
36,
53,
153,
52,
-521,
1048,
853,
-1211,
500,
1362,
-930,
192,
1282,
-1208,
-709,
986,
-711,
-794,
707,
-1065,
-12756,
4899,
3000,
-7423,
3061,
5662,
-4825,
845,
5690,
-3518,
-2033,
3744,
-2238,
-2927,
2354,
-867,
-3065,
433,
151,
-1036,
98,
53,
158,
129,
-324,
1280,
1143,
-893,
602,
1297,
-998,
-214,
391,
-1914,
-700,
1443,
-272,
-547,
832,
-1073,
-13007,
4782,
2895,
-7911,
2165,
4764,
-5449,
443,
5286,
-4195,
-2981,
2856,
-3037,
-3904,
1452,
-1206,
-3119,
73,
-422,
-1386,
40,
88,
127,
91,
-221,
1371,
1042,
-927,
678,
1049,
-1337,
112,
1163,
-1470,
-515,
1710,
-111,
-567,
857,
-1075,
-12821,
4890,
2806,
-8016,
2252,
4719,
-6107,
-565,
4582,
-4593,
-3415,
2608,
-2713,
-3281,
1862,
-971,
-2759,
454,
-292,
-1418,
45,
90,
152,
210,
-246,
1148,
1074,
-602,
710,
666,
-1709,
-50,
1200,
-1351,
-689,
1167,
-534,
-638,
871,
-1066,
-12740,
5021,
3078,
-7849,
1947,
4210,
-6304,
-509,
4606,
-4542,
-3156,
3039,
-2329,
-3007,
2234,
-550,
-2688,
258,
-262,
-1210,
114,
87,
138,
140,
-273,
959,
493,
-964,
1078,
1107,
-1754,
-193,
1128,
-1682,
-1170,
903,
-631,
-736,
824,
-1061,
-12602,
4983,
2757,
-8305,
1643,
4332,
-5690,
291,
5113,
-4499,
-3359,
2819,
-2597,
-3484,
1597,
-1051,
-2914,
151,
-351,
-1246,
101,
77,
133,
40,
-432,
896,
372,
-1323,
728,
918,
-1950,
-278,
1420,
-1163,
-719,
1150,
-669,
-934,
715,
-1044,
-12433,
4932,
2074,
-9320,
1002,
4281,
-5148,
1252,
5811,
-4450,
-3778,
1954,
-3612,
-3884,
1887,
-580,
-2383,
609,
-301,
-1473,
-61,
31,
145,
-47,
-727,
763,
716,
-934,
747,
965,
-1508,
106,
1397,
-1093,
-155,
1874,
-115,
-596,
766,
-929,
-11722,
5402,
1857,
-10106,
242,
4181,
-4410,
2429,
6885,
-3683,
-3315,
2017,
-3774,
-3661,
2646,
201,
-1748,
1238,
52,
-1494,
-72,
87,
121,
26,
-549,
859,
842,
-757,
703,
621,
-2087,
-581,
909,
-1342,
-443,
1578,
-241,
-643,
744,
-805,
-11263,
5392,
1561,
-10659,
-1028,
2749,
-4865,
3039,
7914,
-2820,
-2947,
2218,
-3244,
-3010,
3069,
359,
-2056,
491,
-525,
-1645,
-93,
80,
103,
-102,
-653,
879,
888,
-541,
1162,
864,
-2273,
-727,
1077,
-1104,
-308,
1569,
-475,
-934,
717,
-776,
-11065,
5523,
1341,
-11109,
-1585,
1912,
-5652,
2660,
7434,
-3493,
-3073,
2477,
-3355,
-3297,
3043,
457,
-1970,
495,
-679,
-1737,
-24,
109,
117,
-48,
-728,
749,
845,
-626,
1254,
1563,
-1433,
-659,
474,
-1583,
-469,
1454,
-564,
-974,
583,
-778,
-10712,
5718,
1158,
-11349,
-1318,
2607,
-5188,
2667,
7150,
-4139,
-3823,
2456,
-2475,
-2281,
3641,
689,
-1760,
1014,
29,
-1255,
166,
165,
93,
-79,
-808,
431,
383,
-978,
1030,
1442,
-1306,
-79,
1450,
-803,
-344,
1379,
-357,
-863,
321,
-731,
-10274,
5541,
765,
-11654,
-2136,
1634,
-5082,
3656,
7685,
-4482,
-4372,
2341,
-2292,
-2588,
2508,
-545,
-2334,
1031,
241,
-1033,
306,
185,
109,
7,
-759,
412,
459,
-760,
1161,
1339,
-1436,
-1,
1617,
-771,
-375,
1348,
-605,
-1281,
160,
-695,
-9982,
4761,
-353,
-12083,
-2412,
943,
-5970,
2635,
6468,
-5668,
-5018,
2593,
-2003,
-3617,
730,
-1362,
-2179,
1114,
203,
-857,
481,
201,
136,
136,
-657,
402,
522,
-609,
1001,
901,
-1650,
-222,
815,
-1693,
-635,
1590,
-338,
-1051,
332,
-650,
-9517,
3848,
-1042,
-10900,
-1194,
753,
-5795,
4161,
7719,
-5256,
-3925,
4766,
-158,
-2830,
955,
-1350,
-2308,
1038,
146,
-998,
444,
262,
93,
128,
-543,
396,
459,
-443,
1312,
1092,
-1670,
-285,
1123,
-939,
-40,
1654,
-374,
-775,
734,
-585,
-9165,
2793,
-1481,
-9758,
-854,
248,
-5167,
5133,
8219,
-3908,
-2296,
5027,
-240,
-2211,
1210,
-1707,
-2496,
901,
-70,
-1016,
449,
217,
99,
33,
-445,
827,
452,
-858,
1214,
792,
-2351,
-143,
1772,
-1211,
-603,
1837,
-132,
-803,
917,
-579,
-9177,
2324,
-1754,
-9603,
-1154,
-255,
-4873,
5351,
7479,
-4311,
-2000,
4666,
-817,
-1827,
1571,
-2227,
-3011,
836,
-76,
-1118,
252,
99,
123,
-81,
-475,
1075,
363,
-1199,
1304,
900,
-2464,
188,
2178,
-1374,
-636,
2229,
-7,
-949,
824,
-599,
-9151,
2396,
-1552,
-9056,
-205,
588,
-4834,
4488,
6268,
-5260,
-2568,
4097,
-1428,
-1865,
2186,
-1710,
-2746,
1229,
178,
-1252,
159,
157,
70,
-203,
-670,
916,
628,
-903,
1018,
710,
-2055,
282,
1677,
-1654,
-645,
2149,
41,
-871,
649,
-606,
-8909,
2679,
-1227,
-8652,
61,
323,
-5564,
3846,
5862,
-5662,
-2698,
4493,
-1100,
-1973,
2099,
-1687,
-2930,
1150,
574,
-748,
357,
148,
106,
-92,
-665,
798,
606,
-864,
964,
709,
-2017,
119,
1514,
-1508,
-399,
2254,
76,
-868,
629,
-577,
-8939,
2649,
-1674,
-9832,
-1278,
-437,
-5997,
3071,
4600,
-7127,
-3788,
4150,
-1268,
-2574,
1458,
-2006,
-3194,
892,
450,
-861,
242,
111,
128,
35,
-525,
799,
661,
-655,
1177,
982,
-1876,
-268,
1084,
-1334,
-77,
2253,
51,
-847,
525,
-609,
-9043,
2817,
-1245,
-9315,
-793,
-202,
-6005,
3399,
5671,
-5724,
-2728,
4586,
-1213,
-2314,
2089,
-1539,
-3053,
1225,
1007,
-554,
300,
145,
99,
9,
-472,
745,
435,
-998,
682,
602,
-1848,
-241,
679,
-1854,
-374,
2067,
-95,
-935,
427,
-654,
-9610,
2674,
-1135,
-9300,
-625,
35,
-6089,
3524,
6638,
-4825,
-3050,
3689,
-1455,
-2004,
2469,
-921,
-2431,
1177,
511,
-815,
281,
142,
98,
-56,
-591,
624,
257,
-1055,
840,
635,
-1829,
196,
1075,
-1934,
-247,
2627,
79,
-1253,
282,
-644,
-9597,
3103,
-1113,
-9750,
-431,
711,
-5608,
4423,
7795,
-4800,
-3797,
3671,
-935,
-1762,
2662,
-631,
-2347,
1201,
701,
-616,
373,
161,
100,
-22,
-582,
681,
585,
-656,
934,
592,
-1733,
302,
1089,
-2014,
-487,
2454,
242,
-1017,
310,
-686,
-9775,
3446,
-1297,
-10746,
-674,
1175,
-6205,
3107,
7486,
-4252,
-3296,
4308,
-200,
-1541,
2496,
-746,
-2517,
980,
752,
-375,
479,
148,
115,
-28,
-590,
845,
789,
-777,
719,
860,
-1194,
577,
1317,
-1678,
-581,
1966,
107,
-820,
263,
-672,
-10073,
3893,
-1072,
-11633,
-1470,
1491,
-5488,
3811,
8819,
-2375,
-1948,
4750,
-51,
-1498,
2013,
-1532,
-2926,
834,
382,
-787,
352,
163,
101,
-50,
-589,
888,
786,
-909,
530,
505,
-1904,
-56,
1398,
-1094,
-201,
1959,
18,
-761,
430,
-717,
-10154,
4697,
-239,
-11835,
-1970,
1629,
-5279,
3243,
7698,
-3270,
-2470,
4013,
-1100,
-2199,
1752,
-1815,
-3021,
1187,
596,
-1011,
160,
159,
86,
-45,
-567,
873,
844,
-793,
644,
751,
-1607,
45,
1408,
-1034,
-253,
1745,
-187,
-837,
500,
-736,
-10138,
5000,
-101,
-12233,
-2329,
1719,
-5386,
2510,
6989,
-3422,
-2370,
4141,
-630,
-1177,
2970,
-1070,
-3045,
855,
483,
-1005,
82,
117,
84,
-116,
-644,
719,
522,
-998,
731,
880,
-1526,
174,
1494,
-1058,
-411,
1312,
-746,
-1142,
459,
-728,
-10182,
5375,
339,
-12268,
-2698,
1437,
-5399,
2735,
7301,
-3075,
-1945,
4457,
-572,
-1071,
3445,
-408,
-2666,
713,
117,
-1139,
159,
150,
84,
-106,
-651,
748,
450,
-1269,
590,
838,
-1994,
-434,
1553,
-496,
41,
1680,
-336,
-829,
674,
-703,
-10244,
5485,
228,
-12793,
-3068,
1540,
-5221,
2762,
7335,
-3129,
-2366,
3742,
-1285,
-1666,
2985,
-666,
-2785,
521,
-190,
-1374,
94,
146,
102,
38,
-492,
692,
453,
-808,
1153,
1033,
-1911,
-329,
1292,
-1034,
-281,
1597,
-328,
-715,
733,
-756,
-10446,
5340,
293,
-12288,
-2327,
1713,
-5780,
2241,
7139,
-3275,
-2355,
3819,
-1729,
-2527,
2301,
-1325,
-3737,
-299,
-466,
-1317,
140,
113,
154,
238,
-309,
845,
628,
-835,
943,
989,
-1962,
-607,
1335,
-481,
117,
1744,
17,
-349,
851,
-821,
-10462,
5596,
927,
-11356,
-1193,
2738,
-5321,
2266,
7223,
-3251,
-2586,
3825,
-1369,
-2438,
2126,
-1114,
-3083,
392,
72,
-998,
257,
153,
119,
104,
-478,
624,
372,
-1021,
694,
512,
-2386,
-700,
1347,
-600,
-20,
1647,
-117,
-455,
796,
-773,
-10749,
5488,
1316,
-11236,
-1970,
1943,
-5703,
1857,
7562,
-1663,
-1382,
3690,
-1921,
-3078,
1326,
-1311,
-2592,
756,
257,
-704,
435,
159,
128,
116,
-373,
859,
531,
-984,
714,
620,
-1977,
-104,
1644,
-520,
309,
2064,
60,
-288,
1087,
-751,
-10754,
5498,
1857,
-10678,
-2247,
1444,
-6117,
818,
6704,
-1031,
-169,
4201,
-1862,
-3276,
630,
-2087,
-2890,
920,
566,
-567,
380,
124,
131,
116,
-337,
781,
278,
-1091,
1081,
1530,
-893,
378,
1226,
-1283,
-326,
1548,
-325,
-515,
894,
-646,
-10573,
5644,
1212,
-11909,
-3180,
812,
-6298,
1465,
7133,
-1642,
-827,
3953,
-2363,
-3844,
392,
-2414,
-3443,
445,
244,
-657,
490,
178,
127,
134,
-254,
1279,
1208,
-370,
1362,
1690,
-788,
382,
1215,
-1306,
-217,
1977,
97,
-490,
773,
-651,
-10294,
5915,
1125,
-11983,
-2873,
850,
-6643,
1540,
7377,
-1984,
-1321,
3915,
-1916,
-2747,
1874,
-1498,
-3323,
313,
77,
-841,
435,
205,
106,
98,
-292,
1175,
989,
-721,
868,
1013,
-1522,
-20,
1265,
-1190,
-255,
2001,
249,
-441,
657,
-750,
-10421,
5933,
1435,
-11514,
-2616,
835,
-6554,
1733,
7279,
-2163,
-1112,
4208,
-1884,
-2568,
2427,
-972,
-3078,
330,
-96,
-1094,
262,
150,
127,
134,
-303,
1002,
503,
-1326,
556,
885,
-1765,
-38,
1722,
-795,
-270,
1893,
211,
-520,
577,
-811,
-10693,
5877,
1708,
-10955,
-1721,
1721,
-6443,
1182,
7216,
-1296,
30,
5127,
-1447,
-2959,
1535,
-1489,
-3034,
450,
-153,
-1246,
137,
110,
139,
151,
-345,
861,
483,
-1041,
905,
1160,
-1350,
402,
1870,
-795,
-259,
1700,
-122,
-626,
690,
-906,
-10991,
5984,
2433,
-9727,
-402,
2612,
-5908,
1730,
7593,
-1319,
-155,
4870,
-1828,
-3198,
1610,
-1280,
-2851,
557,
-98,
-1161,
192,
83,
181,
269,
-313,
848,
550,
-869,
1238,
1569,
-1192,
210,
1658,
-833,
-362,
1450,
-106,
-174,
1128,
-969,
-11350,
5899,
2822,
-8748,
938,
3525,
-5596,
2083,
7943,
-1437,
-360,
4866,
-2124,
-3770,
1267,
-1510,
-3149,
449,
-46,
-1172,
204,
138,
137,
139,
-449,
870,
847,
-627,
1130,
1416,
-1160,
145,
1300,
-1272,
-503,
1727,
168,
-280,
884,
-1009,
-11749,
5660,
3027,
-8258,
1290,
3590,
-5826,
1314,
6823,
-2098,
-489,
4590,
-2462,
-3745,
1311,
-1584,
-2843,
1053,
332,
-1035,
274,
146,
151,
226,
-272,
1091,
857,
-909,
912,
1465,
-1073,
89,
1212,
-1166,
-190,
1981,
239,
-249,
917,
-1048,
-12236,
5245,
2953,
-8098,
1436,
3479,
-6450,
416,
6147,
-2787,
-1476,
3949,
-2349,
-3332,
1747,
-1324,
-3183,
410,
59,
-1036,
251,
156,
119,
171,
-143,
1173,
631,
-1183,
738,
1279,
-1165,
151,
1351,
-815,
348,
2306,
222,
-348,
891,
-1052,
-12308,
5129,
2922,
-7864,
2001,
4037,
-6590,
-532,
5198,
-3227,
-1711,
3772,
-2284,
-3117,
1982,
-1030,
-3002,
328,
-83,
-1120,
161,
122,
104,
-9,
-437,
910,
419,
-1275,
664,
945,
-1529,
167,
1351,
-1322,
-213,
2128,
71,
-667,
696,
-1069,
-12615,
4950,
2752,
-8031,
2065,
4151,
-6747,
-950,
4499,
-4203,
-2644,
3083,
-2770,
-3331,
2051,
-814,
-2668,
702,
139,
-1033,
219,
139,
102,
-67,
-649,
686,
327,
-1380,
538,
894,
-1800,
-474,
867,
-1383,
-380,
1592,
-350,
-684,
773,
-1056,
-12858,
4888,
3123,
-7724,
1910,
4263,
-6011,
-523,
4320,
-4120,
-2004,
3849,
-2211,
-3296,
1697,
-785,
-2172,
924,
-67,
-1261,
95,
94,
117,
-20,
-505,
797,
115,
-1800,
238,
828,
-1606,
-164,
1129,
-984,
119,
1729,
-490,
-663,
850,
-1072,
-12952,
4858,
2815,
-8398,
1325,
3792,
-6644,
-971,
4290,
-4169,
-1982,
4426,
-1556,
-3212,
1495,
-1016,
-2609,
448,
-285,
-1277,
138,
107,
134,
111,
-385,
841,
375,
-1340,
442,
675,
-1715,
104,
1508,
-1103,
-352,
1667,
-265,
-786,
599,
-1099,
-13114,
5061,
3150,
-7900,
2107,
4294,
-6392,
-366,
4817,
-4194,
-2228,
3835,
-2376,
-3229,
2200,
-589,
-2277,
1060,
83,
-1244,
202,
155,
124,
56,
-608,
626,
285,
-1477,
519,
1190,
-1292,
147,
1500,
-1139,
-567,
1453,
-336,
-733,
748,
-1087,
-13093,
4858,
3009,
-7823,
2253,
4575,
-6059,
-276,
4783,
-4268,
-2611,
3302,
-2641,
-3255,
2264,
-515,
-2345,
971,
180,
-1164,
119,
100,
130,
-17,
-746,
549,
363,
-1309,
664,
1408,
-1004,
233,
1443,
-1035,
-455,
1322,
-511,
-742,
844,
-1073,
-13175,
4472,
2564,
-8186,
1838,
4261,
-6167,
-322,
4960,
-3805,
-2279,
3537,
-2044,
-2534,
2535,
-624,
-2437,
1040,
302,
-1149,
57,
82,
135,
77,
-471,
813,
547,
-1043,
802,
1197,
-1270,
-10,
956,
-1534,
-581,
1383,
-525,
-807,
736,
-1068,
-13067,
4750,
3021,
-7846,
1940,
4559,
-5486,
233,
5015,
-4079,
-2630,
3184,
-2541,
-3414,
1392,
-1522,
-2790,
1104,
525,
-971,
101,
58,
162,
179,
-358,
842,
430,
-1249,
630,
1049,
-1464,
-165,
879,
-1680,
-816,
1166,
-759,
-1057,
598,
-1074,
-12881,
4828,
2907,
-7580,
2578,
4407,
-6487,
-432,
4667,
-4679,
-2989,
3201,
-2766,
-3662,
1584,
-1334,
-2978,
811,
324,
-1067,
128,
114,
119,
35,
-514,
810,
597,
-1024,
617,
778,
-1586,
14,
984,
-1747,
-771,
1249,
-826,
-1058,
769,
-1069,
-12722,
5047,
3226,
-7447,
2226,
3850,
-6895,
-650,
4684,
-4544,
-3001,
3249,
-2266,
-2894,
2127,
-1251,
-3283,
374,
10,
-1172,
171,
161,
98,
40,
-383,
1034,
762,
-1005,
700,
986,
-1616,
-94,
1486,
-955,
-571,
1147,
-602,
-870,
585,
-1087,
-12633,
5146,
2805,
-7968,
2594,
4787,
-6184,
-285,
4545,
-5037,
-3128,
3392,
-2415,
-3040,
2336,
-866,
-2781,
808,
17,
-1408,
35,
113,
131,
90,
-487,
867,
624,
-1132,
786,
1264,
-1509,
-87,
1635,
-889,
-643,
1279,
-311,
-718,
691,
-1047,
-12031,
5207,
2509,
-8469,
1585,
3856,
-6185,
593,
6033,
-3463,
-2404,
3425,
-2233,
-3006,
1948,
-871,
-2370,
805,
-286,
-1512,
1,
74,
133,
-42,
-734,
610,
319,
-1326,
767,
1215,
-1536,
-31,
1565,
-977,
-624,
1048,
-806,
-1042,
504,
-589,
-9305,
2730,
-1166,
-7910,
1879,
-243,
-10139,
955,
8594,
-1856,
-1670,
4536,
-1441,
-3391,
2117,
770,
-1564,
-84,
-823,
-1058,
400,
165,
97,
-69,
-668,
413,
113,
-811,
1308,
896,
-1991,
-175,
1200,
-1232,
-49,
2143,
106,
-656,
497,
-381,
-6671,
2861,
-119,
-5336,
2483,
746,
-7659,
817,
7012,
-2119,
-2610,
3668,
-623,
-3789,
715,
1245,
-1004,
-672,
-549,
-345,
389,
97,
88,
74,
-365,
126,
117,
129,
1553,
622,
-1546,
-181,
626,
-1061,
-81,
1345,
-147,
-499,
403,
-248,
-5051,
3240,
-73,
-6091,
-515,
-1783,
-7936,
61,
5368,
-2683,
-3058,
2301,
-1823,
-4672,
-177,
578,
-1855,
-1633,
-878,
-439,
99,
0,
75,
53,
-133,
310,
248,
531,
1745,
689,
-636,
1198,
1398,
-780,
104,
1412,
-106,
-529,
215,
-177,
-4174,
3136,
-141,
-5667,
-356,
-1149,
-7124,
-831,
4023,
-2378,
-2667,
1763,
-1543,
-3592,
218,
571,
-1687,
-1553,
-782,
-279,
75,
-45,
63,
-52,
-63,
510,
145,
358,
1914,
795,
-1093,
476,
1013,
-765,
203,
1605,
327,
-158,
225,
-156,
-3766,
3062,
-6,
-5028,
-30,
-1091,
-6900,
-876,
3663,
-2669,
-3137,
1303,
-1316,
-3172,
153,
610,
-1174,
-1128,
-662,
-285,
-28,
-113,
69,
-190,
-271,
415,
-6,
135,
1819,
601,
-1598,
83,
976,
-846,
-77,
1392,
170,
-348,
213,
-124,
-3574,
2572,
-265,
-4717,
15,
-1263,
-7210,
-1517,
3712,
-1797,
-3124,
562,
-1211,
-2600,
129,
416,
-1093,
-1126,
-899,
-539,
-136,
-132,
92,
-48,
-173,
287,
-151,
31,
1692,
667,
-1535,
-190,
883,
-528,
-37,
1110,
150,
-137,
398,
-94,
-3565,
1974,
-588,
-4518,
-169,
-1710,
-7463,
-1822,
3532,
-1866,
-3728,
-68,
-995,
-2224,
-76,
53,
-1314,
-1378,
-1217,
-824,
-268,
-138,
96,
67,
31,
411,
66,
401,
1920,
838,
-1217,
37,
878,
-604,
-13,
1350,
392,
-160,
385,
-84,
-3501,
1723,
-395,
-4028,
-214,
-1554,
-6647,
-1473,
3394,
-1563,
-3287,
127,
-817,
-2297,
-298,
277,
-962,
-1336,
-1136,
-693,
-330,
-182,
82,
-24,
49,
403,
-94,
440,
2015,
551,
-1529,
-17,
649,
-1027,
-220,
1282,
253,
-286,
292,
-79,
-3439,
1651,
-226,
-3783,
-275,
-1369,
-6015,
-1154,
3336,
-1604,
-3573,
-409,
-1117,
-2377,
-309,
481,
-661,
-1185,
-1035,
-512,
-169,
-132,
62,
-110,
-114,
341,
-7,
360,
1786,
524,
-1522,
-131,
802,
-761,
-383,
959,
87,
-574,
-12,
-85,
-3489,
1675,
-356,
-3904,
-80,
-1142,
-5917,
-1014,
3365,
-1733,
-3750,
-837,
-1551,
-2303,
-193,
244,
-634,
-818,
-950,
-608,
-115,
-85,
56,
-119,
-156,
484,
310,
371,
1434,
258,
-1604,
-301,
482,
-1027,
-536,
744,
-145,
-563,
170,
-95,
-3665,
1382,
-591,
-4060,
-322,
-1363,
-6089,
-1551,
2601,
-2033,
-3863,
-1430,
-2210,
-2648,
-621,
-197,
-804,
-1034,
-1222,
-623,
-74,
-130,
95,
-35,
20,
807,
497,
451,
1679,
497,
-1530,
-353,
280,
-1073,
-245,
909,
-125,
-255,
507,
-104,
-3733,
1499,
-370,
-4004,
-400,
-1356,
-6127,
-1829,
2412,
-1812,
-3500,
-1156,
-1893,
-2373,
-530,
-67,
-568,
-920,
-1186,
-508,
32,
-96,
76,
-94,
14,
788,
274,
164,
1528,
342,
-1825,
-841,
-405,
-1546,
-194,
1025,
-332,
-466,
518,
-113,
-3891,
1520,
-432,
-4322,
-541,
-1260,
-6415,
-2475,
2068,
-2023,
-4186,
-1962,
-2193,
-2456,
-887,
-534,
-877,
-1176,
-1474,
-707,
-41,
-119,
89,
-76,
66,
1062,
666,
302,
1600,
808,
-1228,
-560,
-270,
-1335,
34,
1254,
-165,
-402,
671,
-131,
-3782,
1885,
59,
-3853,
61,
-440,
-5609,
-1930,
2317,
-1791,
-3573,
-1105,
-1567,
-1941,
-204,
-56,
-792,
-1016,
-1120,
-464,
82,
-50,
52,
-134,
-34,
762,
272,
27,
1460,
689,
-1467,
-850,
-392,
-1425,
-263,
901,
-471,
-740,
447,
-137,
-3757,
2001,
220,
-3868,
98,
63,
-5187,
-2182,
2087,
-1503,
-3348,
-941,
-981,
-1453,
-394,
-421,
-839,
-925,
-1055,
-378,
166,
-19,
44,
-120,
36,
791,
78,
-345,
1320,
938,
-1388,
-1275,
-709,
-1218,
-74,
692,
-687,
-651,
645,
-152,
-3824,
2296,
352,
-3910,
511,
447,
-5460,
-2445,
2165,
-1666,
-3623,
-809,
-672,
-1310,
-392,
-570,
-1062,
-1013,
-1031,
-369,
174,
-9,
47,
-38,
195,
862,
76,
-238,
1385,
712,
-1534,
-941,
-336,
-1241,
-166,
755,
-661,
-607,
811,
-168,
-3956,
2521,
548,
-3860,
804,
732,
-5540,
-2663,
1897,
-1986,
-3785,
-835,
-551,
-964,
-313,
-946,
-1144,
-647,
-924,
-545,
164,
46,
43,
93,
308,
678,
-102,
-143,
1324,
395,
-1452,
-474,
-192,
-1342,
-156,
604,
-897,
-508,
944,
-171,
-4123,
2390,
518,
-4037,
435,
576,
-5593,
-3198,
1114,
-2443,
-4181,
-1348,
-709,
-917,
-626,
-1276,
-1082,
-705,
-1354,
-850,
135,
44,
61,
157,
370,
805,
40,
-33,
1626,
829,
-1296,
-482,
26,
-1125,
-199,
659,
-582,
-315,
910,
-182,
-4091,
2753,
1022,
-3654,
899,
1301,
-4855,
-2680,
1392,
-2349,
-3955,
-644,
197,
-314,
-156,
-535,
-338,
-407,
-1321,
-742,
246,
65,
48,
13,
116,
728,
34,
-340,
1209,
585,
-1629,
-942,
-224,
-1350,
-710,
226,
-658,
-386,
632,
-197,
-4316,
2990,
909,
-4144,
901,
1222,
-5440,
-2964,
881,
-3869,
-5122,
-734,
-84,
-1084,
-726,
-1000,
-684,
-325,
-1217,
-927,
80,
31,
61,
38,
90,
774,
209,
-256,
1264,
805,
-1324,
-453,
450,
-1067,
-909,
202,
-377,
-153,
761,
-207,
-4400,
3461,
1372,
-4025,
1151,
1479,
-5491,
-2976,
955,
-3943,
-5091,
-454,
259,
-754,
-560,
-944,
-309,
219,
-1018,
-922,
154,
55,
71,
26,
-121,
489,
-97,
-682,
1059,
927,
-1407,
-693,
506,
-1054,
-1246,
-9,
-337,
-289,
484,
-236,
-4556,
3981,
1561,
-4443,
1299,
2021,
-5445,
-3154,
900,
-3876,
-4881,
-569,
-237,
-837,
-242,
-817,
-274,
230,
-1165,
-951,
276,
88,
69,
-59,
-249,
627,
34,
-880,
985,
1042,
-1529,
-785,
740,
-814,
-1091,
139,
-358,
-417,
437,
-253,
-4685,
4191,
1258,
-4960,
1717,
2391,
-6140,
-3650,
1212,
-3588,
-4770,
-833,
-1251,
-1619,
-154,
-893,
-898,
-275,
-1524,
-1299,
176,
111,
75,
69,
-127,
718,
304,
-699,
756,
747,
-1523,
-493,
1279,
-155,
-562,
464,
-206,
-409,
469,
-255,
-4605,
4466,
1086,
-5239,
2151,
2869,
-5956,
-2960,
1868,
-3823,
-4850,
-117,
-681,
-1419,
123,
-776,
-1032,
-278,
-1411,
-1275,
148,
98,
80,
66,
-112,
827,
363,
-932,
347,
445,
-1698,
-713,
988,
-274,
-395,
631,
-197,
-384,
492,
-257,
-4600,
4746,
985,
-5721,
2222,
3414,
-5720,
-3051,
1785,
-3742,
-4672,
-164,
-832,
-1220,
393,
-821,
-1071,
-195,
-1419,
-1249,
240,
104,
101,
93,
-133,
975,
541,
-1026,
285,
564,
-1789,
-963,
891,
-366,
-582,
551,
-147,
-316,
506,
-259,
-4800,
4790,
677,
-6228,
2400,
3777,
-6089,
-3830,
1029,
-4505,
-5335,
-695,
-1276,
-1578,
-54,
-1246,
-1200,
-360,
-1812,
-1444,
261,
79,
145,
200,
-49,
1196,
859,
-655,
804,
882,
-1836,
-811,
1325,
-145,
-469,
852,
143,
-165,
639,
-269,
-4745,
5288,
702,
-6087,
3712,
4676,
-6237,
-3194,
2178,
-4229,
-5034,
148,
-771,
-1234,
369,
-1211,
-1071,
314,
-1282,
-1301,
377,
144,
130,
177,
-186,
929,
526,
-999,
506,
513,
-2274,
-1100,
1085,
-498,
-804,
533,
-161,
-300,
524,
-279,
-4848,
5506,
689,
-6133,
4130,
4748,
-6667,
-3206,
2274,
-4413,
-4779,
612,
-849,
-1475,
132,
-1733,
-1399,
473,
-1077,
-1196,
455,
152,
139,
170,
-220,
967,
530,
-1048,
470,
297,
-2424,
-789,
1272,
-786,
-824,
846,
-194,
-529,
494,
-286,
-4963,
5614,
583,
-6425,
4147,
4771,
-6843,
-3098,
2450,
-4615,
-4900,
631,
-1358,
-2294,
-270,
-1822,
-1503,
480,
-936,
-1143,
389,
112,
149,
165,
-227,
964,
507,
-1001,
618,
421,
-2314,
-644,
1296,
-909,
-921,
871,
73,
-68,
727,
-291,
-4927,
5765,
347,
-6559,
4714,
5107,
-6760,
-2092,
3463,
-4932,
-5376,
800,
-1502,
-2622,
19,
-1417,
-1452,
567,
-710,
-978,
465,
121,
153,
117,
-390,
980,
715,
-1173,
112,
295,
-2100,
-744,
895,
-1100,
-858,
846,
-61,
-38,
891,
-295,
-4977,
5682,
248,
-6622,
4691,
5052,
-6832,
-2109,
3412,
-5050,
-5362,
892,
-1592,
-2687,
187,
-1476,
-1932,
233,
-692,
-976,
384,
101,
150,
102,
-431,
890,
754,
-904,
356,
326,
-2091,
-526,
1178,
-1083,
-1037,
829,
39,
-70,
850,
-297,
-5068,
5682,
231,
-6429,
5071,
4830,
-7583,
-2296,
3819,
-4949,
-5701,
696,
-1312,
-2354,
-96,
-2090,
-2113,
322,
-762,
-1004,
469,
116,
166,
149,
-420,
883,
761,
-676,
751,
244,
-2608,
-627,
1398,
-1166,
-1115,
1021,
80,
-183,
887,
-305,
-5199,
5791,
479,
-6058,
5517,
4895,
-7875,
-2360,
3990,
-4865,
-5658,
737,
-1315,
-2365,
-201,
-2201,
-1966,
598,
-559,
-791,
622,
127,
178,
131,
-473,
978,
842,
-739,
849,
414,
-2733,
-849,
1270,
-1404,
-1345,
1007,
56,
-344,
766,
-316,
-5280,
5665,
513,
-6134,
5198,
4969,
-7553,
-2786,
3145,
-4981,
-5191,
960,
-1461,
-2598,
-350,
-2272,
-2011,
646,
-465,
-849,
493,
100,
170,
120,
-407,
1008,
704,
-977,
780,
758,
-2217,
-572,
1446,
-1125,
-1243,
843,
-79,
-390,
675,
-332,
-5349,
6023,
737,
-6445,
4757,
4677,
-7490,
-2317,
3399,
-5113,
-5129,
1012,
-1875,
-2819,
165,
-1562,
-1628,
722,
-552,
-964,
410,
61,
183,
86,
-513,
909,
522,
-1236,
687,
829,
-2172,
-560,
1433,
-1164,
-1237,
846,
-105,
-360,
682,
-343,
-5427,
6210,
562,
-6732,
5061,
4670,
-8284,
-2670,
3615,
-5157,
-5148,
945,
-2646,
-3374,
753,
-928,
-1742,
565,
-487,
-1031,
307,
57,
178,
129,
-485,
725,
343,
-1099,
921,
927,
-1957,
-185,
1572,
-1272,
-1268,
834,
-223,
-385,
768,
-362,
-5624,
5942,
434,
-6615,
5222,
4671,
-8345,
-2690,
3351,
-5818,
-5593,
1263,
-1993,
-2976,
879,
-1024,
-2004,
436,
-452,
-1080,
214,
42,
175,
149,
-433,
738,
389,
-985,
905,
695,
-2212,
-243,
1654,
-1315,
-1417,
861,
-78,
-336,
822,
-375,
-5667,
5698,
318,
-6276,
5373,
4270,
-8114,
-1678,
3209,
-7040,
-5403,
2808,
-1436,
-3394,
1096,
-323,
-1790,
290,
-516,
-1128,
109,
4,
168,
71,
-397,
1021,
602,
-1111,
636,
526,
-2225,
-165,
1635,
-1516,
-1632,
742,
-145,
-379,
783,
-379,
-5541,
5079,
800,
-5208,
3984,
2121,
-7302,
178,
3041,
-7549,
-4486,
3713,
-1619,
-4034,
645,
-387,
-1670,
271,
-505,
-896,
304,
34,
170,
74,
-410,
946,
406,
-1240,
773,
738,
-2175,
-169,
1728,
-1362,
-1453,
954,
46,
-248,
884,
-398,
-5699,
5289,
1520,
-4990,
3264,
1731,
-7113,
-151,
2641,
-7138,
-4133,
3485,
-1627,
-3752,
744,
-281,
-1477,
288,
-542,
-799,
409,
56,
172,
92,
-423,
979,
736,
-690,
1090,
779,
-2067,
15,
1829,
-1262,
-1288,
1108,
168,
-108,
1042,
-442,
-6096,
5621,
1939,
-5167,
3505,
2907,
-6404,
-585,
2323,
-6712,
-3829,
3418,
-1410,
-3233,
1104,
-132,
-1500,
116,
-584,
-640,
504,
49,
187,
155,
-264,
1167,
795,
-749,
853,
356,
-2237,
247,
1971,
-1270,
-1073,
1372,
174,
-173,
1088,
