-742,
-10122,
4069,
1444,
-6502,
3059,
2481,
-8573,
-1565,
4246,
-5387,
-5221,
1519,
-1319,
-1597,
1340,
-2188,
-2670,
1285,
196,
-1390,
-22,
133,
74,
-66,
-557,
549,
126,
-1153,
1007,
1374,
-1129,
302,
1528,
-975,
-373,
1566,
26,
-337,
776,
-781,
-10351,
4098,
1650,
-6401,
3071,
2660,
-8225,
-1711,
3171,
-6487,
-5561,
1029,
-2725,
-3026,
693,
-2342,
-2659,
1325,
100,
-1524,
-61,
111,
108,
68,
-397,
793,
460,
-853,
1302,
1519,
-1396,
34,
1802,
-540,
-278,
1584,
209,
-208,
759,
-821,
-10293,
4441,
1988,
-6474,
3157,
3740,
-6684,
-697,
3916,
-5356,
-4166,
2280,
-1859,
-2510,
1168,
-1984,
-2768,
1073,
209,
-1237,
110,
171,
82,
70,
-361,
628,
234,
-827,
1299,
1222,
-1615,
145,
1987,
-529,
-435,
1486,
383,
89,
895,
-829,
-10220,
4780,
2301,
-6283,
3357,
3740,
-6849,
-616,
4279,
-4919,
-3857,
2357,
-1601,
-1800,
1855,
-1442,
-2135,
1356,
-63,
-1472,
71,
122,
131,
151,
-341,
791,
402,
-924,
1146,
1302,
-1155,
873,
2386,
-701,
-742,
1099,
-249,
-452,
587,
-858,
-10239,
4751,
2142,
-6507,
3423,
4269,
-6141,
-58,
4805,
-4208,
-3322,
2215,
-2122,
-2078,
1729,
-1868,
-2744,
1084,
98,
-1303,
31,
80,
124,
-2,
-598,
569,
325,
-736,
1371,
1205,
-1346,
946,
2615,
-393,
-405,
1110,
-554,
-550,
824,
-853,
-10009,
4941,
2010,
-6870,
3180,
3885,
-7216,
-1421,
4009,
-4437,
-3520,
1619,
-3314,
-3279,
1396,
-1680,
-2953,
604,
-134,
-1355,
-4,
70,
129,
34,
-588,
500,
296,
-665,
1561,
1492,
-1347,
553,
2543,
185,
205,
1344,
-550,
-601,
854,
-837,
-10159,
4413,
1404,
-7097,
3137,
3588,
-7665,
-1773,
3689,
-4626,
-3368,
1819,
-3270,
-2828,
2468,
-827,
-2873,
395,
-129,
-1213,
82,
91,
112,
-88,
-802,
356,
144,
-1059,
1103,
1177,
-1775,
13,
2243,
0,
-7,
1477,
-131,
-435,
814,
-808,
-10187,
4225,
1243,
-7132,
2986,
3095,
-8523,
-2581,
3732,
-3736,
-2788,
1540,
-3613,
-2702,
2636,
-926,
-3053,
232,
-317,
-1357,
31,
75,
128,
-40,
-823,
267,
74,
-1267,
713,
1147,
-1190,
478,
2103,
-193,
134,
1605,
-216,
-619,
516,
-792,
-10151,
4163,
1363,
-6707,
3302,
3165,
-8112,
-1511,
4787,
-3401,
-2907,
1578,
-3272,
-2090,
3383,
-441,
-2829,
639,
190,
-1177,
-28,
46,
139,
43,
-655,
397,
157,
-1141,
863,
1168,
-1367,
390,
2325,
-54,
-102,
1364,
-235,
-578,
653,
-718,
-9732,
4268,
1307,
-6476,
3616,
3093,
-8497,
-1812,
4853,
-2979,
-2533,
1671,
-2978,
-1230,
4322,
-3,
-2847,
549,
235,
-1136,
-112,
-4,
137,
-16,
-517,
824,
460,
-1086,
791,
771,
-1973,
126,
2336,
-318,
-745,
682,
-572,
-482,
812,
-695,
-9622,
4309,
1116,
-6709,
3596,
2881,
-9178,
-2135,
5267,
-2881,
-3009,
1781,
-2202,
-782,
4399,
67,
-2963,
380,
399,
-796,
118,
75,
113,
-9,
-580,
459,
55,
-1293,
536,
642,
-1560,
614,
2339,
-415,
-609,
685,
-838,
-630,
897,
-646,
-8779,
5188,
2210,
-5064,
5282,
3874,
-8630,
-1269,
6572,
-1699,
-2462,
1774,
-2382,
-1251,
3423,
-836,
-3300,
94,
-179,
-1201,
46,
55,
148,
71,
-696,
226,
77,
-910,
1039,
1015,
-1377,
585,
2086,
-623,
-500,
869,
-823,
-553,
1139,
-546,
-7829,
5764,
3066,
-3797,
6088,
4541,
-7853,
-1392,
5648,
-2430,
-3130,
1101,
-2537,
-1206,
3262,
-937,
-3542,
-585,
-764,
-1348,
23,
9,
186,
160,
-697,
99,
-32,
-957,
997,
1145,
-1081,
655,
1967,
-526,
-202,
1267,
-347,
-375,
954,
-444,
-7242,
6055,
3601,
-2593,
7045,
4448,
-8667,
-2340,
4790,
-3332,
-4297,
-79,
-3265,
-1578,
2980,
-989,
-3307,
-305,
-521,
-1089,
227,
86,
151,
93,
-667,
267,
215,
-643,
1290,
1231,
-1157,
669,
2125,
-357,
-86,
1281,
-509,
-619,
833,
-389,
-7132,
6164,
3936,
-2057,
7121,
3838,
-9088,
-2159,
4580,
-4441,
-5211,
-69,
-3163,
-2067,
2445,
-991,
-3024,
-145,
-482,
-1038,
257,
65,
183,
229,
-513,
335,
103,
-967,
872,
864,
-1385,
713,
2525,
308,
690,
1943,
-204,
-600,
849,
-372,
-6940,
6268,
3869,
-2412,
6535,
3479,
-8992,
-2001,
4428,
-4763,
-5349,
-37,
-3445,
-2821,
1842,
-950,
-2607,
209,
-359,
-1117,
151,
39,
193,
309,
-315,
589,
358,
-900,
589,
619,
-1153,
1052,
2417,
-66,
514,
2042,
27,
-331,
1072,
-353,
-5798,
5894,
2634,
-3439,
5468,
3377,
-7429,
-1174,
3284,
-5132,
-3228,
2649,
-2140,
-2803,
1567,
-770,
-2123,
419,
-339,
-960,
307,
84,
156,
111,
-472,
698,
279,
-1470,
229,
1007,
-708,
689,
1451,
-890,
56,
1783,
-50,
-297,
974,
-171,
-4359,
4833,
1389,
-4014,
3506,
2198,
-6678,
-2381,
36,
-7170,
-4448,
1825,
-1363,
-1607,
2230,
370,
-1041,
605,
-200,
-646,
343,
40,
182,
296,
-142,
815,
432,
-1071,
315,
978,
-413,
679,
1085,
-987,
-64,
1502,
-56,
-284,
777,
-70,
-3396,
3964,
-46,
-4746,
2118,
492,
-6892,
-2079,
-423,
-7122,
-3619,
2029,
-1383,
-861,
2730,
-58,
-1396,
537,
-629,
-1066,
384,
109,
200,
409,
-369,
350,
343,
-1083,
-22,
695,
-597,
531,
1392,
-673,
-564,
870,
-59,
-302,
456,
-55,
-2993,
3570,
-712,
-5309,
1168,
-245,
-6497,
-1102,
473,
-6108,
-2562,
2676,
-1233,
-974,
2527,
-368,
-1784,
255,
-772,
-1110,
475,
187,
172,
374,
-536,
142,
553,
-697,
29,
656,
-583,
490,
1713,
-127,
-602,
533,
24,
-111,
462,
-53,
-3180,
3566,
-1053,
-6258,
381,
-557,
-6854,
-1174,
1249,
-5357,
-2603,
2417,
-1454,
-1371,
2378,
-261,
-2107,
-320,
-1002,
-1169,
375,
167,
154,
313,
-515,
233,
588,
-890,
-337,
528,
-517,
324,
1611,
238,
-302,
366,
-203,
-153,
465,
-61,
-3235,
3467,
-1276,
-6545,
262,
-501,
-6776,
-952,
1714,
-4828,
-2050,
2767,
-1847,
-2033,
2545,
333,
-2130,
-592,
-957,
-1191,
211,
150,
118,
239,
-457,
214,
551,
-609,
-33,
496,
-644,
222,
1485,
308,
-86,
353,
-391,
-252,
384,
-53,
-3244,
3461,
-1328,
-6854,
-216,
-568,
-6340,
-625,
1934,
-4120,
-1137,
3122,
-1852,
-1854,
2758,
403,
-2014,
-521,
-1124,
-1372,
205,
175,
115,
245,
-509,
217,
855,
-231,
-90,
82,
-907,
146,
1318,
200,
92,
547,
-471,
-466,
239,
-45,
-3238,
3412,
-1184,
-6759,
-503,
-867,
-6459,
-698,
2059,
-4068,
-1372,
3405,
-1226,
-2382,
1494,
154,
-1577,
-628,
-1450,
-1336,
312,
170,
128,
218,
-666,
80,
965,
20,
-38,
0,
-791,
327,
1239,
12,
140,
762,
-449,
-690,
84,
-77,
-3464,
3244,
-1225,
-6686,
-674,
-1425,
-6589,
-144,
2151,
-4748,
-1838,
3278,
-1705,
-3227,
857,
130,
-1258,
-587,
-1655,
-1414,
271,
121,
138,
134,
-693,
242,
1016,
143,
322,
-61,
-1221,
268,
1173,
-422,
63,
1095,
-318,
-699,
18,
-93,
-3527,
3049,
-1148,
-6307,
-633,
-1631,
-6126,
928,
2746,
-4942,
-2186,
3137,
-1663,
-3021,
1034,
126,
-1176,
-257,
-1396,
-1404,
234,
122,
145,
242,
-481,
467,
1308,
518,
651,
193,
-1011,
395,
1197,
-611,
-393,
804,
-71,
-325,
98,
-69,
-3425,
3164,
-1236,
-6522,
-780,
-1895,
-6435,
1082,
3239,
-4647,
-1934,
3612,
-1328,
-3087,
743,
-128,
-1084,
137,
-1192,
-1465,
216,
131,
163,
308,
-649,
114,
1207,
514,
553,
449,
-452,
615,
1055,
-833,
-723,
486,
-225,
-429,
59,
-66,
-3405,
3468,
-901,
-6635,
-1146,
-1879,
-6047,
1410,
3533,
-4298,
-1801,
3530,
-1418,
-3347,
379,
-98,
-696,
426,
-1052,
-1381,
221,
137,
138,
247,
-526,
226,
1012,
480,
878,
508,
-602,
763,
1056,
-1270,
-885,
765,
-54,
-363,
207,
-65,
-3574,
3533,
-676,
-6577,
-1236,
-1967,
-6114,
1702,
4322,
-3639,
-1419,
4044,
-1302,
-4025,
-121,
-41,
-795,
248,
-943,
-1347,
111,
128,
117,
256,
-471,
-19,
622,
388,
945,
596,
-356,
1094,
1419,
-976,
-1009,
402,
-161,
-414,
-75,
-55,
-3571,
3612,
-498,
-6343,
-1038,
-2011,
-6484,
1379,
4377,
-3508,
-1489,
3981,
-1372,
-4369,
-596,
-429,
-1133,
74,
-865,
-1278,
56,
102,
115,
247,
-405,
4,
374,
-41,
749,
865,
15,
1132,
1361,
-783,
-861,
196,
-448,
-485,
14,
-50,
-3537,
4032,
-313,
-6468,
-875,
-2060,
-7170,
1121,
4880,
-3390,
-1930,
3835,
-1319,
-4656,
-836,
-129,
-695,
205,
-848,
-1227,
17,
55,
125,
241,
-265,
289,
428,
-129,
887,
1008,
-102,
970,
1328,
-692,
-754,
109,
-595,
-383,
233,
-74,
-3575,
4304,
-258,
-6560,
-676,
-2128,
-7683,
678,
4210,
-4182,
-1928,
4143,
-1579,
-4872,
-790,
-459,
-1035,
382,
-613,
-1249,
-69,
21,
125,
127,
-390,
436,
482,
-442,
781,
1080,
-485,
552,
1390,
-700,
-989,
142,
-432,
-408,
156,
-101,
-3614,
4280,
-257,
-6351,
-185,
-1751,
-7711,
486,
4100,
-4224,
-1897,
4339,
-1119,
-4254,
-469,
-625,
-1262,
351,
-611,
-1211,
37,
53,
136,
162,
-476,
352,
518,
-509,
698,
1185,
-544,
218,
1219,
-713,
-1051,
221,
-278,
-460,
41,
-120,
-3779,
4178,
-335,
-6192,
129,
-1961,
-8425,
-291,
2995,
-5385,
-2197,
4477,
-1330,
-4277,
-207,
-1006,
-2154,
-132,
-642,
-1174,
61,
50,
158,
282,
-309,
530,
645,
-483,
763,
1307,
-509,
280,
1364,
-740,
-1164,
392,
57,
-300,
68,
-124,
-3758,
4095,
-489,
-6103,
513,
-1629,
-8205,
-115,
2925,
-5573,
-2131,
4635,
-1354,
-4292,
-33,
-824,
-2269,
-528,
-869,
-1065,
156,
43,
154,
176,
-369,
681,
721,
-481,
921,
1307,
-786,
132,
1350,
-689,
-751,
967,
302,
-315,
-44,
-130,
-3679,
4254,
-526,
-6465,
406,
-1036,
-7496,
85,
2739,
-5941,
-2430,
4757,
-1111,
-4284,
192,
-347,
-2183,
-649,
-672,
-861,
116,
15,
142,
140,
-303,
769,
806,
-366,
836,
1147,
-613,
247,
907,
-1110,
-658,
1019,
-20,
-555,
-2,
-141,
-3643,
3907,
-669,
-6082,
777,
-607,
-6805,
172,
2184,
-5792,
-1763,
4666,
-1356,
-3766,
546,
-644,
-2274,
-454,
-693,
-933,
151,
27,
134,
32,
-426,
871,
754,
-865,
516,
1217,
-813,
-203,
791,
-1062,
-866,
743,
-167,
-741,
-202,
-156,
-3707,
3775,
-704,
-6043,
908,
-243,
-6735,
-433,
1915,
-5259,
-1741,
3869,
-1593,
-3391,
360,
-1245,
-2473,
-371,
-686,
-1000,
35,
-46,
160,
17,
-442,
1023,
916,
-961,
316,
1387,
-245,
98,
624,
-950,
-286,
1059,
-193,
-563,
84,
-175,
-3810,
3576,
-659,
-5688,
1328,
246,
-6418,
-707,
1593,
-4887,
-1315,
3502,
-2119,
-3200,
830,
-1231,
-2640,
-155,
-274,
-848,
-49,
-108,
181,
-26,
-663,
829,
969,
-962,
11,
1203,
-52,
269,
590,
-976,
-269,
1096,
-82,
-500,
-11,
-201,
-4003,
3839,
-348,
-5710,
1238,
206,
-6237,
-88,
1972,
-5427,
-2244,
2784,
-2623,
-3234,
1385,
-678,
-2439,
-49,
-162,
-860,
-152,
-162,
200,
-24,
-683,
880,
1071,
-867,
127,
1278,
-33,
407,
783,
-996,
-435,
947,
-263,
-600,
177,
-214,
-4234,
3894,
-2,
-5444,
1165,
269,
-5310,
1111,
2331,
-5448,
-2103,
2245,
-3653,
-3431,
1652,
-910,
-2592,
285,
65,
-840,
-93,
-143,
215,
43,
-636,
945,
986,
-1241,
-15,
1801,
734,
819,
732,
-1282,
-768,
579,
-559,
-622,
334,
-223,
-4450,
3878,
-318,
-6119,
682,
-92,
-5752,
554,
1330,
-6468,
-2389,
1814,
-5007,
-4484,
1484,
-1299,
-3396,
-196,
-128,
-1006,
-156,
-149,
227,
92,
-607,
1073,
1292,
-834,
639,
2601,
1077,
635,
549,
-1275,
-601,
938,
-229,
-464,
490,
-250,
-4563,
4375,
312,
-5883,
671,
-311,
-5959,
718,
1532,
-6359,
-1876,
2506,
-4578,
-3914,
2110,
-1334,
-3772,
-165,
156,
-797,
-11,
-100,
221,
82,
-687,
1054,
1386,
-910,
413,
2438,
728,
21,
192,
-1252,
-646,
732,
-404,
-688,
192,
-272,
-4793,
4322,
477,
-5566,
1071,
101,
-5446,
1400,
2314,
-5494,
-1171,
2698,
-4660,
-3931,
2008,
-1448,
-3685,
-174,
1,
-710,
213,
-29,
198,
-28,
-800,
1123,
1445,
-915,
603,
2562,
542,
-55,
291,
-1318,
-734,
672,
-747,
-1117,
46,
-288,
-4958,
4334,
580,
-5496,
1168,
312,
-4975,
2081,
2725,
-5680,
-1699,
2330,
-4636,
-3810,
1911,
-1507,
-3527,
-152,
-198,
-824,
227,
-5,
174,
-115,
-831,
1106,
1410,
-518,
1311,
2575,
-36,
-127,
599,
-1342,
-837,
778,
-633,
-982,
181,
-314,
-5241,
4653,
812,
-5870,
1137,
973,
-4623,
1755,
2254,
-6087,
-1951,
2417,
-4656,
-4456,
1213,
-1479,
-3107,
-5,
-298,
-925,
166,
-17,
169,
-111,
-776,
1028,
1229,
-391,
1549,
2449,
-49,
355,
824,
-1692,
-1103,
828,
-497,
-817,
207,
-341,
-5400,
4861,
582,
-6430,
1508,
1716,
-4671,
1817,
2717,
-6800,
-3462,
2221,
-3664,
-3834,
1215,
-1590,
-2972,
418,
-164,
-1287,
-73,
-14,
176,
81,
-696,
580,
890,
-253,
1460,
1958,
-321,
609,
1432,
-1290,
-1309,
588,
-184,
-462,
122,
-361,
-5597,
4868,
743,
-6021,
2157,
2192,
-4292,
2282,
2662,
-7563,
-4121,
2245,
-3102,
-3522,
696,
-1840,
-1830,
1686,
-49,
-1473,
71,
34,
220,
251,
-669,
678,
1218,
-101,
1284,
1539,
-852,
483,
1806,
-1129,
-1508,
567,
-82,
-575,
63,
-356,
-5699,
4896,
944,
-5934,
1883,
1339,
-5950,
515,
1758,
-8263,
-5376,
1568,
-2817,
-3935,
-717,
-2735,
-1979,
1381,
-571,
-1815,
-26,
48,
203,
293,
-540,
517,
796,
-170,
1551,
1587,
-985,
562,
2130,
-761,
-1299,
609,
19,
-387,
124,
-349,
-5835,
5128,
1876,
-4847,
2379,
1300,
-6162,
484,
2088,
-8250,
-6042,
1395,
-1889,
-2970,
-239,
-2278,
-1547,
1572,
-540,
-1901,
-98,
83,
153,
163,
-719,
-8,
43,
-653,
1380,
1565,
-1025,
118,
1470,
-867,
-926,
699,
-238,
-580,
9,
-399,
-6069,
5435,
2026,
-5302,
1996,
1166,
-6390,
186,
1702,
-8567,
-5830,
1911,
-1541,
-2622,
73,
-2358,
-1741,
1684,
-256,
-1688,
-38,
49,
191,
265,
-576,
318,
402,
-541,
1397,
1680,
-960,
-6,
1168,
-1184,
-1004,
874,
79,
-79,
568,
-425,
-6190,
5645,
2142,
-5784,
1627,
1584,
-6150,
-502,
1181,
-8048,
-4921,
2563,
-1159,
-2404,
314,
-2105,
-1703,
1705,
11,
-1449,
-6,
56,
160,
161,
-480,
636,
493,
-815,
1188,
1629,
-1277,
-525,
919,
-1297,
-1273,
701,
126,
-8,
690,
-457,
-6548,
5712,
2211,
-6476,
781,
1493,
-6231,
-1345,
516,
-7926,
-4751,
2643,
-586,
-1532,
868,
-2094,
-2097,
1386,
70,
-1320,
-8,
69,
123,
39,
-501,
669,
451,
-899,
979,
1287,
-1523,
-682,
682,
-1512,
-1355,
691,
238,
266,
955,
-511,
-6861,
5941,
1995,
-7427,
354,
1407,
-6930,
-1687,
1357,
-7008,
-4361,
3049,
-232,
-1500,
867,
-2058,
-2196,
1191,
-205,
-1559,
-10,
127,
118,
178,
-409,
478,
487,
-399,
1273,
1220,
-1234,
51,
1161,
-1411,
-1122,
1072,
303,
12,
779,
-475,
-6894,
6206,
2104,
-7554,
336,
896,
-8143,
-2181,
1894,
-7022,
-5025,
3043,
20,
-1972,
444,
-1709,
-1789,
1238,
-145,
-1439,
-4,
94,
148,
312,
-242,
507,
527,
-38,
1718,
1258,
-1487,
37,
1506,
-1086,
-1152,
751,
27,
12,
953,
-451,
-6950,
6263,
2112,
-7406,
677,
815,
-8606,
-2411,
1657,
-7507,
-5235,
3219,
383,
-1327,
1036,
-1611,
-1828,
1483,
315,
-955,
268,
117,
168,
323,
-333,
540,
740,
96,
1696,
1354,
-911,
866,
1799,
-1342,
-1186,
944,
-62,
-198,
918,
-463,
-7072,
6581,
2379,
-7425,
912,
1151,
-8622,
-2288,
2238,
-7053,
-5224,
2949,
42,
-1228,
1758,
-996,
-1715,
1610,
649,
-750,
318,
146,
148,
308,
-329,
365,
357,
-249,
1646,
1731,
-301,
1250,
1839,
-1338,
-1117,
893,
-262,
-391,
885,
-539,
-7442,
6736,
2909,
-6948,
1205,
1271,
-8366,
-1802,
2642,
-6438,
-4178,
3593,
108,
-892,
2223,
-1029,
-1916,
1537,
485,
-937,
259,
148,
135,
252,
-276,
487,
56,
-885,
1306,
1537,
-694,
1000,
1794,
-1439,
-1097,
1013,
-378,
-592,
839,
-508,
-7887,
6576,
3083,
-7410,
60,
849,
-8414,
-3195,
728,
-7197,
-4844,
1949,
-1125,
-812,
2691,
-901,
-2197,
928,
-20,
-1083,
180,
54,
191,
315,
-243,
748,
376,
-876,
1286,
1826,
-515,
743,
1556,
-1307,
-833,
1167,
-300,
-443,
1126,
-511,
-8112,
6610,
3275,
-7345,
209,
1328,
-8026,
-3231,
836,
-6437,
-3929,
2348,
-1142,
-764,
2990,
-519,
-1917,
1157,
204,
-1021,
75,
-6,
210,
361,
-162,
706,
57,
-1375,
783,
1556,
-493,
598,
1057,
-1635,
-917,
929,
-431,
-245,
1099,
-554,
-8443,
6284,
2885,
-7479,
501,
1358,
-8320,
-3054,
1249,
-6474,
-3942,
2739,
-973,
-973,
3005,
-155,
-1589,
1325,
346,
-916,
87,
2,
173,
196,
-103,
1178,
464,
-1163,
1046,
1352,
-1471,
-141,
1122,
-1515,
-1037,
974,
-362,
-433,
908,
-535,
-8519,
6568,
3385,
-7156,
770,
1784,
-8141,
-3476,
441,
-7326,
-4475,
2719,
-872,
-977,
3318,
486,
-1159,
1423,
275,
-1074,
1,
5,
175,
255,
-147,
881,
256,
-1188,
898,
1287,
-1168,
209,
1339,
-1228,
-658,
1371,
-27,
-332,
823,
-516,
-8481,
6461,
3377,
-6718,
1369,
1765,
-9036,
-4518,
162,
-6842,
-3945,
3047,
-414,
-431,
3622,
665,
-900,
1640,
486,
-747,
233,
41,
165,
92,
-532,
564,
68,
-1421,
735,
1249,
-1244,
291,
1800,
-819,
-697,
1159,
-158,
-510,
650,
-535,
-8717,
5939,
2684,
-7513,
551,
1261,
-9151,
-4678,
-503,
-8175,
-5592,
1692,
-1422,
-1285,
3197,
669,
-1081,
1152,
127,
-873,
196,
41,
160,
105,
-474,
621,
133,
-1424,
548,
1093,
-1180,
380,
1867,
-621,
-486,
1296,
74,
-188,
895,
-574,
-8651,
6247,
2913,
-7055,
1638,
2254,
-8549,
-3922,
180,
-7814,
-5141,
2104,
-1031,
-372,
3876,
131,
-1851,
1142,
282,
-937,
206,
84,
153,
153,
-421,
608,
43,
-1595,
327,
787,
-1491,
217,
1631,
-1016,
-617,
1379,
-88,
-419,
843,
-595,
-8625,
6179,
2876,
-7036,
1740,
2814,
-7572,
-3357,
-5,
-8202,
-5494,
1592,
-1553,
-648,
3801,
100,
-1978,
945,
240,
-844,
207,
39,
178,
212,
-274,
890,
432,
-1015,
1034,
1403,
-944,
678,
1846,
-863,
-354,
1576,
165,
82,
1202,
-601,
-8483,
6259,
2799,
-7085,
1869,
2914,
-7555,
-3074,
632,
-7565,
-5089,
1812,
-1340,
-257,
4195,
109,
-2240,
851,
291,
-907,
114,
37,
157,
158,
-280,
842,
225,
-1362,
640,
1125,
-979,
682,
1554,
-1314,
-511,
1698,
140,
-119,
1169,
-646,
-8712,
5897,
2346,
-7587,
1456,
2794,
-7463,
-3001,
855,
-7158,
-5195,
1103,
-1491,
465,
4620,
-172,
-2445,
978,
411,
-853,
149,
36,
162,
142,
-320,
861,
304,
-1147,
1010,
1343,
-944,
992,
2167,
-877,
-418,
1584,
-61,
-290,
993,
-710,
-9064,
5443,
2020,
-7619,
1646,
3274,
-6470,
-2014,
977,
-7404,
-4693,
1883,
-1586,
-104,
4664,
307,
-2419,
461,
-35,
-917,
256,
93,
132,
79,
-257,
1024,
186,
-1688,
431,
996,
-1184,
736,
1940,
-966,
-358,
1628,
-105,
-280,
1081,
-695,
-8878,
5688,
2300,
-7457,
1671,
3291,
-6543,
-2028,
1287,
-7417,
-5643,
793,
-1995,
-111,
4737,
390,
-2512,
269,
-165,
-1105,
57,
43,
126,
-28,
-481,
876,
409,
-1287,
519,
618,
-2128,
-642,
958,
-1228,
-583,
1229,
-370,
-558,
768,
-682,
-8493,
5718,
1967,
-7673,
1758,
3481,
-6372,
-1870,
1569,
-6742,
-4737,
1182,
-2592,
-1405,
3362,
-613,
-3152,
-323,
-734,
-1428,
-54,
-1,
160,
99,
-294,
1034,
391,
-1415,
456,
525,
-2329,
-740,
1046,
-1117,
-498,
1377,
-112,
-244,
1018,
-664,
-8222,
6198,
2446,
-7491,
2059,
4523,
-5056,
-866,
2647,
-5633,
-4278,
1214,
-2505,
-1542,
3025,
-736,
-3220,
-507,
-772,
-1293,
61,
44,
135,
25,
-421,
866,
282,
-1670,
-96,
393,
-1599,
-55,
1070,
-1156,
-293,
1479,
-167,
-313,
975,
-623,
-8111,
6507,
2812,
-7325,
1788,
3879,
-5589,
-1350,
1584,
-6698,
-3956,
2777,
-899,
-294,
3893,
-346,
-2937,
-64,
-462,
-1211,
70,
9,
188,
206,
-339,
889,
469,
-1345,
266,
601,
-1742,
-264,
1076,
-1210,
-430,
1617,
80,
-321,
834,
-554,
-8046,
6282,
2089,
-8229,
1277,
3901,
-5196,
-628,
2342,
-6425,
-4033,
2994,
-122,
994,
5403,
628,
-2890,
-411,
-761,
-1514,
-160,
-48,
207,
310,
-168,
1021,
771,
-711,
917,
1048,
-1410,
-127,
930,
-1352,
-279,
1956,
338,
-262,
712,
-552,
-8078,
6260,
1949,
-8304,
1563,
4135,
-5529,
-1183,
1825,
-7332,
-5259,
1991,
-974,
287,
5385,
1182,
-2467,
-232,
-659,
-1549,
-256,
-90,
247,
529,
37,
937,
648,
-677,
867,
971,
-1234,
211,
1235,
-1257,
-613,
1355,
-162,
-580,
604,
-570,
-7997,
6183,
1970,
-7960,
1995,
4430,
-5514,
-1582,
1623,
-6422,
-3676,
3007,
-817,
-101,
4771,
994,
-2037,
137,
-605,
-1486,
-179,
-67,
210,
278,
-199,
1075,
928,
-527,
792,
388,
-2163,
-503,
699,
-1793,
-947,
1131,
-399,
-560,
780,
-514,
-8000,
6162,
1823,
-8232,
1732,
4110,
-6125,
-2358,
1178,
-6440,
-3777,
2672,
-825,
412,
5258,
1182,
-1835,
527,
-175,
-1170,
-35,
-39,
198,
240,
-184,
1145,
839,
-772,
702,
447,
-2276,
-751,
668,
-1574,
-768,
1246,
-48,
16,
1152,
-455,
-8103,
5918,
1244,
-8901,
1161,
3161,
-7610,
-3920,
-207,
-7442,
-4244,
2316,
-1328,
33,
4933,
818,
-1886,
718,
-115,
-1126,
71,
-34,
241,
400,
-149,
934,
351,
-1425,
314,
461,
-2137,
-531,
1003,
-1280,
-475,
1569,
-3,
-273,
931,
-451,
-8140,
5881,
1520,
-8460,
1384,
3558,
-6668,
-3123,
-202,
-7717,
-3802,
3757,
306,
919,
5144,
953,
-1728,
798,
-18,
-1037,
75,
-40,
235,
395,
-46,
1054,
214,
-1852,
-151,
215,
-2106,
-349,
1183,
-1258,
-751,
1106,
-325,
-319,
1049,
-538,
-8077,
5953,
1628,
-8267,
1846,
4288,
-6206,
-3044,
285,
-6646,
-3069,
3655,
-310,
130,
4462,
550,
-1959,
733,
179,
-774,
201,
-12,
225,
403,
6,
1019,
92,
-1808,
136,
535,
-1866,
-71,
1539,
-1080,
-959,
715,
-589,
-394,
1102,
-549,
-8320,
5810,
1621,
-8275,
1785,
4246,
-6133,
-2809,
538,
-6658,
-3358,
3410,
-430,
-123,
4129,
504,
-1759,
811,
109,
-767,
275,
4,
243,
528,
122,
992,
138,
-1476,
459,
553,
-2018,
-411,
884,
-1599,
-963,
790,
-763,
-491,
1211,
-528,
-8447,
5335,
1211,
-8116,
2184,
4116,
-6853,
-3275,
749,
-6567,
-3922,
3028,
65,
681,
4566,
708,
-1378,
1384,
517,
-703,
213,
-14,
247,
532,
79,
941,
191,
-1458,
320,
423,
-2131,
-545,
935,
-1532,
-1243,
499,
-701,
-422,
1077,
-568,
-8596,
4815,
850,
-7563,
2699,
2957,
-8672,
-3602,
1071,
-7562,
-5399,
2734,
398,
389,
3700,
43,
-1474,
1466,
262,
-1064,
188,
86,
199,
557,
219,
872,
-26,
-1339,
903,
1125,
-1455,
298,
1879,
-874,
-962,
726,
-335,
-114,
1114,
-524,
-8406,
4433,
1158,
-5811,
4218,
3056,
-8900,
-3002,
2037,
-7335,
-5794,
3064,
1586,
748,
2712,
-677,
-990,
2212,
365,
-1345,
58,
100,
186,
555,
108,
591,
27,
-855,
883,
206,
-2463,
-302,
1474,
-1104,
-970,
709,
-418,
-118,
1140,
-452,
-8338,
3862,
630,
-5765,
4220,
2789,
-8992,
-3012,
1459,
-8677,
-6884,
3347,
2341,
138,
853,
-2294,
-1693,
2178,
425,
-1581,
-215,
43,
190,
583,
86,
426,
74,
-542,
1021,
216,
-2593,
-1069,
451,
-1536,
-1083,
420,
-658,
-251,
942,
-462,
-8235,
3846,
762,
-5534,
4288,
3314,
-7520,
-1706,
1556,
-8915,
-6288,
4273,
2504,
-372,
510,
-2180,
-1408,
2419,
591,
-1460,
-110,
83,
196,
746,
424,
819,
514,
-274,
856,
134,
-1923,
-34,
1206,
-843,
-204,
1100,
-352,
-30,
1149,
-426,
-8257,
3924,
947,
-5288,
4335,
3086,
-7340,
-789,
2357,
-8681,
-6030,
4675,
2537,
-655,
492,
-1774,
-1162,
2020,
56,
-1483,
122,
165,
165,
580,
93,
398,
24,
-564,
904,
111,
-1868,
619,
1686,
-1406,
-941,
1055,
-302,
-430,
563,
-476,
-8419,
3906,
1197,
-5090,
4118,
2719,
-7446,
-809,
2200,
-8898,
-6633,
3287,
1087,
-975,
1308,
-801,
-684,
2050,
-41,
-1505,
140,
167,
162,
535,
16,
338,
-143,
-864,
812,
356,
-1749,
294,
1293,
-1386,
-593,
1266,
-490,
-813,
413,
-528,
-8416,
4051,
1083,
-5491,
3947,
2860,
-7186,
-534,
2183,
-9195,
-6691,
3553,
1437,
-553,
1558,
-1024,
-1093,
1799,
-147,
-1504,
167,
157,
164,
442,
-58,
718,
414,
-680,
1092,
1080,
-1322,
221,
1415,
-993,
-242,
1636,
-239,
-893,
326,
-572,
-8617,
3996,
1001,
-5769,
3705,
2948,
-6771,
-99,
2484,
-8928,
-6815,
2686,
604,
-693,
1405,
-1607,
-1502,
1699,
-236,
-1492,
269,
185,
153,
301,
-320,
702,
681,
-458,
1163,
987,
-1553,
6,
1190,
-1258,
-434,
1347,
-718,
-1143,
412,
-599,
-8895,
3943,
906,
-6569,
2509,
2269,
-7273,
-1307,
993,
-10027,
-7818,
1748,
255,
-556,
1597,
-1359,
-1144,
2048,
-2,
-1481,
112,
99,
177,
281,
-366,
841,
1089,
-42,
1201,
540,
-2209,
-247,
1786,
-371,
-149,
1328,
-292,
-567,
679,
-565,
-8992,
3697,
752,
-6611,
2454,
2348,
-7185,
-1578,
480,
-10399,
-7652,
2684,
1227,
-431,
1426,
-1066,
-826,
2104,
194,
-1181,
247,
121,
182,
417,
-143,
685,
577,
-385,
855,
-228,
-3038,
-698,
1679,
-238,
-38,
1080,
-761,
-922,
477,
-586,
-8881,
4202,
1110,
-7007,
1903,
2417,
-7000,
-1859,
275,
-10164,
-7474,
2592,
1051,
-744,
1078,
-1154,
-813,
1992,
208,
-931,
404,
105,
215,
444,
-304,
475,
563,
-175,
1165,
76,
-2563,
238,
2676,
35,
-290,
1088,
-567,
-995,
271,
-617,
-9112,
3872,
565,
-7833,
1436,
2917,
-6395,
-2143,
-117,
-9789,
-7069,
2280,
326,
-1612,
10,
-2238,
-1587,
1652,
128,
-1017,
305,
89,
207,
446,
-149,
738,
700,
-252,
1153,
468,
-1977,
523,
2698,
175,
53,
1509,
-199,
-791,
358,
-618,
-8954,
4325,
1379,
-7160,
1672,
3125,
-6250,
-2363,
-67,
-9235,
-7195,
1147,
-483,
-1425,
621,
-1599,
-989,
2057,
385,
-735,
571,
208,
144,
292,
-216,
772,
698,
-132,
1677,
1097,
-1837,
180,
2245,
-297,
-378,
1293,
-320,
-1019,
128,
-598,
-8905,
4675,
1677,
-7020,
1895,
3132,
-6671,
-2724,
87,
-8378,
-5902,
1929,
-316,
-553,
2528,
-22,
-407,
2311,
722,
-516,
607,
208,
128,
172,
-446,
457,
357,
-240,
1886,
1170,
-2179,
-233,
2076,
-274,
-414,
844,
-1100,
-1482,
225,
-608,
-8877,
4702,
1774,
-6985,
1656,
2886,
-6745,
-3298,
-1144,
-8964,
-5340,
2259,
-843,
-905,
2639,
-283,
-1113,
1837,
601,
-646,
393,
120,
135,
59,
-504,
735,
674,
-190,
1909,
1243,
-2267,
-275,
2302,
-64,
-317,
1101,
-781,
-1431,
85,
-648,
-9064,
4727,
1540,
-7513,
1558,
3087,
-6919,
-3565,
-999,
-8779,
-5753,
1127,
-2102,
-1525,
2515,
-631,
-1616,
1637,
532,
-811,
307,
127,
128,
58,
-537,
773,
955,
14,
1836,
1405,
-1822,
-274,
1901,
-136,
-76,
1312,
-429,
-917,
429,
