-475,
-7207,
4456,
2662,
-3961,
3879,
4287,
-6347,
-3731,
2920,
-356,
-845,
544,
-3444,
-2574,
1871,
-129,
-2181,
-276,
-56,
-385,
326,
108,
89,
96,
-395,
215,
507,
218,
960,
344,
-903,
316,
443,
-1003,
321,
1253,
-486,
-422,
447,
-448,
-7267,
4212,
2296,
-4578,
2879,
3152,
-7578,
-5151,
1928,
-379,
-474,
567,
-3807,
-3182,
1032,
-1171,
-3293,
-1111,
-422,
-581,
103,
14,
118,
202,
-95,
530,
566,
213,
1020,
222,
-1061,
637,
1089,
-814,
-120,
907,
-279,
-53,
612,
-456,
-6996,
3826,
2624,
-3405,
3039,
2984,
-6082,
-3255,
2210,
-687,
461,
2656,
-1856,
-2088,
1798,
-137,
-2379,
-672,
-186,
-440,
127,
37,
86,
111,
-243,
60,
19,
139,
950,
-377,
-1510,
639,
701,
-1812,
-1112,
82,
-1024,
-561,
310,
-471,
-7116,
3369,
2400,
-3152,
3200,
2951,
-5944,
-3023,
2214,
-1096,
-212,
2294,
-1729,
-2012,
1714,
117,
-1803,
-311,
-234,
-639,
30,
37,
77,
115,
-198,
70,
7,
269,
1329,
112,
-1155,
898,
1072,
-1361,
-669,
511,
-808,
-606,
348,
-496,
-7352,
2996,
2379,
-2778,
3288,
2850,
-5493,
-2576,
1690,
-1804,
-162,
2377,
-2016,
-2043,
1658,
-415,
-1991,
106,
-110,
-850,
50,
123,
52,
144,
-112,
307,
275,
177,
1382,
839,
-802,
233,
636,
-857,
64,
1110,
-360,
-552,
207,
-477,
-7750,
2264,
2217,
-1904,
4284,
3512,
-4315,
-691,
2973,
-1946,
-784,
2372,
-1705,
-1929,
2050,
545,
-1134,
413,
-64,
-792,
129,
170,
31,
174,
67,
404,
63,
-202,
1101,
799,
-588,
535,
837,
-655,
423,
1352,
-530,
-786,
340,
-258,
-6998,
-225,
643,
-1372,
2786,
2511,
-1994,
-257,
717,
-1753,
382,
1375,
-1878,
-386,
2176,
-451,
-1271,
679,
108,
-511,
177,
54,
82,
28,
-284,
488,
399,
-385,
538,
296,
-1299,
-146,
841,
-766,
-488,
1010,
288,
-195,
366,
-19,
-5359,
-2333,
-1487,
-1273,
1588,
832,
-1859,
-581,
-94,
-1299,
236,
440,
-1454,
115,
1656,
-325,
-800,
370,
-66,
-327,
61,
-61,
97,
-21,
-284,
363,
151,
-481,
441,
247,
-1098,
69,
1133,
-344,
-400,
943,
463,
-150,
282,
-32,
-4860,
-1298,
-582,
-417,
2842,
1458,
-2467,
-1324,
-604,
-2120,
-620,
-205,
-2238,
-593,
1524,
-9,
-495,
428,
-57,
-113,
287,
-12,
89,
-60,
-274,
521,
223,
-406,
907,
764,
-924,
224,
1274,
-496,
-538,
896,
92,
-693,
-22,
-72,
-5014,
312,
263,
-199,
4827,
1643,
-6600,
-4587,
-538,
-1939,
-688,
444,
-2552,
-1971,
960,
264,
-281,
415,
-328,
-396,
299,
61,
69,
-33,
-327,
265,
84,
-288,
872,
798,
-38,
1183,
1017,
-1074,
-571,
454,
-544,
-422,
356,
-90,
-4852,
276,
-568,
-1820,
3532,
1370,
-6541,
-4848,
-1154,
-2959,
-1425,
940,
-1725,
-2114,
550,
278,
-541,
-114,
-471,
-399,
147,
-6,
79,
5,
-207,
432,
549,
435,
1148,
658,
70,
1355,
1025,
-764,
-58,
698,
-354,
-173,
327,
-79,
-4579,
391,
-786,
-1906,
3701,
1302,
-6457,
-4178,
-921,
-3421,
-1125,
2288,
-457,
-1260,
1049,
218,
-762,
-1,
-289,
-413,
92,
-12,
75,
-16,
-250,
348,
439,
381,
948,
-121,
-984,
876,
1105,
-699,
66,
1122,
121,
67,
269,
-82,
-4470,
290,
-1070,
-2451,
2666,
118,
-7090,
-4171,
-724,
-3386,
-1394,
1944,
-287,
-622,
1170,
-553,
-1532,
-183,
-309,
-571,
-29,
-44,
96,
58,
-172,
475,
580,
345,
926,
129,
-838,
740,
1204,
-279,
399,
1385,
389,
147,
270,
-68,
-4036,
340,
-1472,
-3105,
1832,
-353,
-6502,
-3039,
-39,
-2925,
-694,
2337,
-428,
-647,
1341,
-641,
-1731,
-103,
-8,
-300,
63,
-68,
120,
44,
-349,
232,
230,
-123,
747,
296,
-919,
250,
757,
-533,
177,
1173,
183,
-70,
159,
-85,
-4003,
460,
-1713,
-3739,
1322,
-405,
-5945,
-2319,
-116,
-3630,
-1034,
2359,
-494,
-812,
959,
-1190,
-2064,
-238,
-39,
-140,
185,
-86,
141,
21,
-339,
439,
280,
-211,
934,
388,
-1133,
336,
1016,
-632,
52,
1167,
-49,
-258,
306,
-88,
-3988,
459,
-1624,
-3874,
945,
-357,
-5571,
-2110,
322,
-3082,
-1195,
1966,
-305,
-473,
1167,
-953,
-2174,
-624,
-64,
36,
183,
-94,
110,
-60,
-230,
429,
-218,
-689,
874,
372,
-1227,
460,
1192,
-820,
-323,
1001,
-163,
-531,
164,
-89,
-4014,
505,
-1569,
-4125,
457,
-659,
-5686,
-1978,
1002,
-2401,
-1248,
1555,
-563,
-539,
1411,
-715,
-2459,
-1026,
-132,
-5,
83,
-97,
96,
-25,
-130,
391,
-227,
-572,
830,
361,
-899,
781,
1311,
-682,
-196,
1088,
12,
-346,
298,
-74,
-3926,
312,
-1909,
-4173,
502,
-1011,
-5922,
-1443,
1595,
-2514,
-1505,
1668,
-392,
-442,
1484,
-820,
-2577,
-922,
-72,
-110,
77,
-43,
75,
12,
-103,
267,
-291,
-577,
579,
99,
-751,
982,
1086,
-1028,
-262,
1113,
-89,
-438,
292,
-72,
-3888,
426,
-1969,
-4405,
457,
-903,
-5903,
-1238,
2163,
-2220,
-1876,
1379,
-5,
-37,
1313,
-1035,
-2399,
-784,
-211,
-192,
143,
-14,
78,
42,
-121,
227,
-219,
-467,
497,
-68,
-643,
1260,
1126,
-1149,
-261,
1164,
-55,
-336,
383,
-58,
-3881,
232,
-2135,
-4424,
366,
-983,
-5728,
-1011,
2143,
-2401,
-2055,
1176,
-213,
-87,
1412,
-1030,
-2544,
-889,
-237,
-222,
136,
1,
69,
46,
-71,
336,
-80,
-455,
335,
-238,
-761,
1195,
1167,
-1127,
-326,
1225,
105,
-330,
316,
-81,
-4041,
262,
-2196,
-4698,
15,
-1553,
-6296,
-1135,
2053,
-2798,
-2293,
958,
-924,
-753,
1251,
-1242,
-2949,
-1071,
-337,
-451,
3,
-2,
69,
112,
74,
519,
153,
-252,
531,
48,
-571,
1199,
1359,
-610,
123,
1391,
150,
-289,
385,
-97,
-3991,
780,
-1747,
-4399,
498,
-1341,
-6142,
-91,
3362,
-2319,
-2191,
1226,
-652,
-361,
1825,
-704,
-2446,
-689,
-180,
-305,
157,
32,
60,
1,
-114,
503,
87,
-623,
168,
-282,
-1098,
789,
1212,
-850,
-200,
1191,
-23,
-425,
378,
-106,
-4126,
738,
-1864,
-4612,
338,
-1717,
-6844,
-571,
3136,
-2867,
-2804,
1050,
-953,
-1150,
1258,
-788,
-2553,
-913,
-370,
-531,
-16,
7,
56,
47,
56,
693,
344,
-237,
468,
-144,
-954,
962,
1390,
-559,
237,
1635,
234,
-420,
317,
-109,
-4156,
971,
-1413,
-4281,
379,
-1742,
-6657,
-219,
3483,
-2543,
-2593,
1070,
-804,
-614,
1803,
-632,
-2579,
-794,
-157,
-417,
-11,
9,
35,
-74,
-52,
716,
370,
-327,
313,
-330,
-1163,
798,
1286,
-699,
-7,
1404,
165,
-457,
109,
-109,
-4298,
983,
-954,
-3673,
187,
-2767,
-7120,
398,
3999,
-2668,
-2737,
898,
-1329,
-959,
2036,
-323,
-2580,
-896,
-185,
-443,
-48,
7,
29,
-56,
32,
684,
240,
-209,
535,
-398,
-1242,
918,
1229,
-824,
160,
1504,
-27,
-569,
132,
-112,
-4312,
1134,
-855,
-3526,
433,
-2909,
-7354,
846,
4569,
-2713,
-2857,
1017,
-1354,
-985,
2275,
-50,
-2415,
-834,
-240,
-474,
-14,
11,
34,
-81,
-34,
717,
240,
-383,
497,
-211,
-1110,
1010,
1283,
-1023,
-101,
1456,
-29,
-567,
277,
-159,
-4509,
1504,
-532,
-3765,
382,
-2560,
-7411,
372,
4153,
-3149,
-2956,
1647,
-982,
-1529,
1823,
93,
-2337,
-913,
-193,
-465,
-72,
8,
30,
-30,
44,
663,
209,
-315,
459,
-219,
-962,
972,
1043,
-1061,
58,
1538,
-33,
-550,
318,
-172,
-4642,
1670,
-148,
-3416,
484,
-2715,
-7394,
619,
4058,
-3504,
-2989,
1889,
-694,
-1361,
1533,
-283,
-2110,
-540,
-263,
-586,
-29,
7,
51,
-35,
-59,
710,
312,
-401,
458,
-64,
-1011,
802,
1094,
-843,
201,
1527,
-48,
-427,
453,
-169,
-4659,
1535,
-267,
-3423,
426,
-2810,
-7338,
688,
4076,
-3281,
-2910,
1273,
-1351,
-1262,
1864,
-243,
-2005,
-318,
-254,
-703,
-88,
-8,
51,
-91,
-126,
727,
196,
-668,
470,
204,
-932,
653,
819,
-1226,
3,
1627,
-1,
-495,
504,
-153,
-4663,
1517,
-157,
-3317,
343,
-2855,
-7208,
916,
4517,
-2942,
-3355,
479,
-1460,
-896,
2003,
-117,
-1644,
-80,
-257,
-739,
-123,
-35,
55,
-155,
-236,
696,
228,
-622,
532,
253,
-889,
690,
765,
-1351,
-50,
1659,
48,
-425,
581,
-170,
-4743,
1758,
209,
-3160,
172,
-3251,
-7306,
1357,
4901,
-2891,
-3315,
349,
-1854,
-910,
2492,
242,
-1555,
10,
-178,
-710,
-79,
-4,
39,
-184,
-221,
723,
106,
-840,
474,
249,
-1113,
365,
545,
-1490,
-120,
1636,
-40,
-565,
461,
-190,
-4863,
2042,
287,
-3472,
-15,
-3553,
-7819,
1230,
4852,
-3495,
-3995,
65,
-1981,
-1103,
2098,
-185,
-1567,
178,
-303,
-866,
-69,
-21,
81,
-99,
-282,
734,
291,
-648,
797,
596,
-1049,
535,
1030,
-1326,
-285,
1823,
389,
-376,
511,
-179,
-4788,
2107,
351,
-3195,
521,
-3225,
-7881,
1390,
5440,
-3084,
-3798,
526,
-1486,
-928,
2244,
75,
-1334,
484,
57,
-687,
-44,
-12,
68,
-160,
-385,
619,
90,
-990,
652,
725,
-1279,
-69,
787,
-1309,
-515,
1561,
213,
-639,
386,
-193,
-4921,
2132,
554,
-3324,
134,
-3298,
-8187,
510,
5112,
-2838,
-4101,
130,
-1409,
-1286,
1494,
-78,
-1205,
318,
-86,
-685,
-62,
-20,
74,
-48,
-162,
688,
89,
-832,
777,
819,
-957,
362,
1139,
-1087,
-514,
1561,
445,
-443,
412,
-172,
-4888,
2126,
634,
-3022,
383,
-3440,
-8415,
626,
5343,
-2715,
-3777,
685,
-1089,
-1369,
1259,
-200,
-1057,
641,
150,
-591,
-25,
-23,
87,
-49,
-292,
594,
147,
-962,
453,
850,
-613,
435,
964,
-1182,
-634,
1359,
336,
-517,
329,
-186,
-4988,
2407,
791,
-3188,
289,
-3668,
-8867,
490,
5440,
-2754,
-3689,
835,
-1356,
-1882,
898,
-375,
-988,
904,
309,
-605,
-65,
-41,
100,
-1,
-200,
696,
84,
-1215,
311,
1015,
-298,
612,
909,
-1242,
-544,
1379,
187,
-607,
373,
-200,
-5089,
2591,
1229,
-3028,
32,
-3833,
-8773,
647,
5722,
-2398,
-3487,
990,
-1221,
-1971,
793,
-197,
-723,
1023,
321,
-613,
-52,
-29,
101,
25,
-236,
601,
54,
-1339,
88,
1067,
-226,
229,
576,
-1170,
-641,
1125,
284,
-474,
228,
-230,
-5173,
2825,
1375,
-3156,
75,
-3690,
-8929,
323,
5400,
-2650,
-3315,
1485,
-1095,
-2242,
678,
-162,
-832,
904,
363,
-548,
-59,
-42,
104,
37,
-173,
705,
151,
-1190,
283,
1033,
-607,
-93,
719,
-754,
-415,
1088,
279,
-350,
269,
-233,
-5302,
3139,
1764,
-3065,
137,
-3741,
-9347,
67,
5554,
-2702,
-3390,
2173,
-268,
-2339,
192,
-191,
-761,
712,
247,
-465,
14,
-24,
97,
61,
-11,
932,
259,
-1276,
-1,
700,
-758,
-101,
712,
-631,
-102,
1325,
288,
-452,
146,
-252,
-5458,
3643,
2436,
-3064,
-454,
-4161,
-8982,
686,
5273,
-3498,
-3362,
2820,
47,
-2303,
159,
-397,
-905,
783,
359,
-339,
115,
-24,
121,
104,
-45,
909,
225,
-1325,
183,
1004,
-769,
-327,
712,
-409,
-22,
1121,
84,
-414,
252,
-283,
-5555,
3931,
2462,
-3253,
-10,
-3458,
-8842,
215,
4405,
-3972,
-2719,
3624,
-17,
-2645,
108,
-283,
-631,
973,
206,
-489,
162,
15,
106,
62,
-27,
1007,
130,
-1419,
567,
1409,
-870,
-511,
667,
-529,
-146,
938,
-204,
-399,
533,
-295,
-5707,
4072,
2561,
-3230,
430,
-3100,
-9400,
-519,
4436,
-3844,
-3005,
3688,
423,
-2727,
-275,
-234,
-574,
574,
-125,
-455,
247,
39,
83,
1,
82,
1226,
183,
-1351,
836,
1608,
-808,
-462,
564,
-732,
-204,
927,
-168,
-91,
850,
-315,
-5788,
4452,
2669,
-3585,
631,
-2466,
-9373,
-781,
4584,
-3767,
-3224,
3897,
1150,
-2239,
-307,
-427,
-690,
493,
-190,
-440,
315,
67,
79,
-4,
20,
1173,
366,
-954,
1076,
1510,
-999,
-554,
519,
-670,
74,
1212,
-156,
-293,
635,
-339,
-5831,
4476,
2265,
-3966,
1137,
-1825,
-9474,
-1067,
4503,
-3739,
-2920,
4034,
650,
-2537,
82,
-238,
-1003,
294,
-198,
-499,
278,
71,
84,
54,
18,
1019,
276,
-839,
1193,
1527,
-832,
-105,
1035,
-280,
269,
1157,
-294,
-320,
527,
-328,
-5842,
4082,
2009,
-3309,
1977,
-1886,
-9708,
-724,
4768,
-3558,
-2370,
4398,
828,
-2010,
251,
-761,
-1296,
270,
-417,
-568,
409,
96,
87,
-54,
-163,
1094,
261,
-1164,
1086,
1509,
-1074,
27,
1577,
-30,
309,
1207,
-531,
-710,
348,
-336,
-5913,
4071,
1924,
-3194,
2519,
-1507,
-9918,
-1266,
4238,
-3652,
-2062,
4353,
535,
-1795,
424,
-1344,
-1900,
136,
-575,
-787,
393,
135,
68,
-119,
-243,
1117,
255,
-1339,
1011,
1574,
-1098,
68,
1726,
-111,
7,
902,
-806,
-778,
529,
-351,
-5961,
4080,
1896,
-3210,
2921,
-819,
-9897,
-2025,
3797,
-3501,
-2165,
3828,
155,
-1874,
466,
-1254,
-1809,
153,
-659,
-878,
400,
159,
69,
-63,
-254,
996,
267,
-1205,
1154,
1835,
-1033,
-462,
1075,
-486,
-456,
443,
-771,
-517,
591,
-384,
-6174,
4081,
2055,
-3364,
2647,
-584,
-9569,
-2180,
3718,
-3322,
-2380,
3343,
-202,
-2412,
-111,
-1195,
-1230,
640,
-458,
-834,
410,
153,
95,
70,
-204,
891,
264,
-1312,
656,
1494,
-1029,
-867,
188,
-1233,
-964,
139,
-854,
-722,
292,
-400,
-6545,
3971,
2250,
-3354,
2290,
-801,
-9353,
-1901,
3826,
-3171,
-2154,
3433,
-175,
-2154,
368,
-821,
-1104,
698,
-379,
-838,
349,
129,
110,
181,
-51,
804,
4,
-1424,
376,
604,
-1990,
-1219,
102,
-1584,
-1392,
-72,
-1000,
-974,
74,
-413,
-6623,
3971,
2045,
-3605,
2541,
-210,
-8851,
-1385,
4318,
-2997,
-2185,
3339,
-462,
-2427,
528,
-300,
-633,
885,
-443,
-976,
278,
120,
113,
208,
-11,
774,
-71,
-1414,
359,
329,
-2302,
-1209,
165,
-1897,
-1827,
-150,
-766,
-762,
135,
-409,
-6755,
3707,
1905,
-3334,
2957,
-87,
-8828,
-1137,
4588,
-2902,
-2154,
3401,
-184,
-1916,
722,
-655,
-944,
899,
-447,
-1067,
261,
131,
108,
157,
-166,
676,
70,
-1137,
557,
317,
-2469,
-1387,
-103,
-2239,
-1797,
263,
-620,
-911,
301,
-439,
-7060,
3583,
1796,
-3581,
2947,
560,
-7665,
-125,
5145,
-2388,
-1777,
3050,
-777,
-2030,
523,
-1190,
-958,
1439,
-154,
-1103,
190,
83,
141,
182,
-265,
612,
91,
-1079,
757,
485,
-2580,
-1478,
34,
-2237,
-2083,
71,
-440,
-560,
431,
-479,
-7313,
3339,
1216,
-4096,
3245,
1457,
-6531,
813,
5116,
-2795,
-1516,
3082,
-1598,
-2470,
605,
-1618,
-1557,
1329,
-139,
-1155,
238,
128,
130,
227,
-73,
819,
-86,
-1547,
614,
714,
-2326,
-1240,
225,
-1978,
-1483,
649,
-313,
-529,
597,
-472,
-7421,
3132,
1069,
-3957,
3537,
1680,
-6117,
1596,
5948,
-2002,
-693,
3565,
-1504,
-2198,
1140,
-1206,
-1295,
1505,
-113,
-1125,
358,
176,
130,
232,
-291,
415,
-198,
-1251,
890,
832,
-2095,
-1011,
128,
-2144,
-1446,
492,
-814,
-869,
553,
-468,
-7623,
2612,
1002,
-3678,
3603,
2216,
-5318,
1425,
5695,
-1200,
-203,
3083,
-1667,
-1933,
1087,
-1270,
-1101,
1692,
69,
-985,
364,
180,
106,
179,
-235,
482,
54,
-574,
1284,
540,
-2186,
-723,
-35,
-2476,
-1169,
972,
-633,
-714,
733,
-478,
-7909,
2211,
472,
-4165,
3298,
1934,
-5431,
1867,
6379,
-728,
327,
3633,
-1647,
-2176,
1031,
-1588,
-1739,
1394,
24,
-1183,
239,
206,
83,
180,
-215,
560,
393,
-403,
970,
604,
-1319,
64,
388,
-1842,
-465,
1208,
-713,
-660,
991,
-490,
-8045,
2182,
349,
-4333,
3495,
2501,
-4729,
2600,
6810,
-750,
468,
4368,
-667,
-1163,
2219,
-402,
-869,
1929,
323,
-1032,
331,
244,
68,
127,
-406,
204,
44,
-638,
884,
797,
-855,
628,
1027,
-1173,
-5,
1412,
-596,
-603,
1017,
-504,
-8138,
2401,
694,
-4133,
3885,
3104,
-4520,
2743,
7603,
-111,
243,
4192,
-444,
-1087,
2564,
438,
-430,
1887,
462,
-847,
322,
235,
51,
78,
-446,
107,
69,
-557,
458,
57,
-1138,
648,
855,
-1315,
56,
1413,
-684,
-614,
1023,
-520,
-8351,
2483,
796,
-4165,
4263,
3906,
-4023,
2921,
7912,
141,
428,
4782,
206,
-1000,
2547,
767,
-228,
1771,
394,
-851,
246,
193,
61,
106,
-313,
229,
-88,
-824,
629,
685,
-812,
264,
294,
-1525,
215,
1918,
-9,
-250,
953,
-522,
-8310,
2692,
982,
-3937,
4564,
4041,
-3723,
3515,
8041,
-206,
234,
4642,
364,
-144,
3002,
206,
-516,
2200,
636,
-883,
293,
226,
48,
-8,
-541,
172,
16,
-603,
1204,
1229,
-734,
392,
571,
-1718,
-169,
1912,
46,
-311,
1061,
-504,
-8525,
2619,
993,
-3922,
4842,
4541,
-3623,
3055,
7564,
-497,
-13,
4514,
222,
-485,
2920,
579,
-428,
1767,
415,
-672,
464,
231,
64,
37,
-483,
224,
21,
-602,
1118,
761,
-1527,
-102,
692,
-1582,
-560,
1413,
-122,
-530,
567,
-528,
-8865,
2673,
1338,
-3681,
5177,
5246,
-2923,
3344,
7408,
-1061,
-543,
4698,
925,
56,
3369,
1170,
-65,
1696,
201,
-829,
368,
196,
83,
101,
-447,
160,
-65,
-653,
1053,
692,
-1604,
-139,
893,
-1251,
-515,
1277,
46,
-124,
761,
-586,
-8916,
2910,
1300,
-4120,
5034,
5404,
-2911,
3333,
7483,
-1058,
-640,
4433,
546,
-194,
3089,
733,
-180,
2006,
377,
-915,
320,
210,
79,
164,
-242,
399,
-24,
-781,
1108,
1030,
-1191,
234,
1137,
-1148,
-290,
1640,
157,
-275,
776,
-624,
-9064,
2896,
1075,
-4638,
4559,
4912,
-3580,
2620,
6886,
-1184,
-197,
4631,
-44,
-1051,
2335,
-14,
-763,
1710,
230,
-989,
249,
147,
107,
89,
-471,
438,
311,
-625,
985,
847,
-1311,
251,
1219,
-1008,
179,
2357,
590,
-250,
677,
-630,
-8990,
3218,
1474,
-4385,
4694,
5034,
-3423,
2629,
6417,
-2008,
-838,
4470,
269,
-513,
2569,
-245,
-979,
1800,
399,
-947,
209,
133,
93,
-12,
-543,
476,
290,
-615,
1193,
794,
-1816,
89,
1640,
-905,
-387,
1711,
199,
-458,
588,
-618,
-8841,
3290,
1167,
-4842,
4794,
5599,
-3198,
2603,
6836,
-1441,
-702,
4606,
807,
60,
3088,
423,
-489,
1819,
289,
-877,
337,
173,
85,
-40,
-662,
320,
237,
-693,
1054,
1043,
-1207,
269,
1356,
-936,
-270,
1518,
48,
-260,
811,
-644,
-9061,
3296,
1231,
-4878,
4841,
5824,
-2808,
3131,
7449,
-701,
-173,
4299,
33,
-257,
3022,
69,
-761,
1833,
198,
-1030,
363,
223,
74,
-19,
-684,
166,
64,
-628,
1465,
1447,
-1181,
133,
1418,
-724,
-125,
1453,
-230,
-579,
582,
-627,
-9056,
3334,
1340,
-4886,
4612,
5637,
-2952,
2575,
6438,
-1562,
-407,
4468,
-7,
-581,
3013,
513,
-472,
1765,
176,
-913,
401,
202,
81,
-65,
-749,
241,
145,
-902,
919,
1184,
-980,
338,
1253,
-1109,
-405,
1393,
-131,
-391,
751,
-590,
-8891,
3687,
1653,
-4804,
4615,
5726,
-2892,
2352,
5908,
-2069,
-634,
4487,
227,
-223,
3254,
652,
-274,
1883,
116,
-956,
442,
224,
76,
-54,
-667,
361,
112,
-1069,
829,
1031,
-1403,
-86,
1073,
-1217,
-501,
1495,
115,
-243,
801,
-571,
-8984,
3872,
1651,
-5079,
4812,
6375,
-2526,
2548,
6380,
-1657,
-571,
4567,
496,
-38,
3285,
746,
-11,
2195,
294,
-980,
329,
173,
88,
-68,
-681,
407,
95,
-1224,
692,
950,
-1591,
-301,
1094,
-978,
-253,
1657,
158,
-283,
837,
-597,
-8899,
3950,
2044,
-4827,
4333,
6048,
-1975,
3065,
6257,
-1818,
-349,
5023,
742,
-495,
2385,
146,
-174,
2248,
498,
-782,
414,
213,
60,
-80,
-561,
463,
123,
-884,
1108,
1009,
-1626,
-153,
1181,
-1027,
-213,
1805,
266,
-315,
658,
-592,
-8962,
4043,
2121,
-4682,
4527,
5688,
-2709,
2913,
6432,
-2231,
-1170,
4377,
530,
-3,
3208,
348,
-596,
1960,
439,
-918,
259,
164,
78,
-35,
-534,
457,
148,
-874,
977,
823,
-1735,
-354,
728,
-1526,
-640,
1301,
-168,
-420,
643,
-527,
-8766,
4406,
2642,
-4167,
5202,
6737,
-1956,
2927,
6649,
-1416,
-780,
4084,
260,
-238,
2952,
630,
132,
2381,
425,
-1023,
201,
152,
78,
14,
-323,
614,
-64,
-1183,
989,
994,
-1604,
-43,
1255,
-1041,
-193,
1744,
-15,
-570,
596,
-595,
-8895,
4265,
2506,
-4503,
4924,
7130,
-1372,
2777,
6215,
-1332,
-545,
4010,
181,
-70,
3101,
445,
-233,
2234,
435,
-1145,
56,
133,
62,
-84,
-533,
374,
-168,
-1241,
1016,
1428,
-1112,
-106,
1004,
-1015,
-202,
1627,
56,
-404,
724,
-610,
-8819,
4159,
2204,
-4783,
4680,
6869,
-1348,
3120,
6475,
-929,
458,
5000,
400,
-345,
2705,
-136,
-861,
1759,
124,
-1211,
163,
169,
73,
-46,
-628,
329,
143,
-840,
1154,
1407,
-1153,
-95,
1290,
-540,
-23,
1505,
149,
-81,
813,
-593,
-8943,
3904,
1784,
-5179,
4311,
6172,
-2393,
2044,
5502,
-1685,
-138,
4214,
-320,
-354,
3123,
4,
-967,
1712,
201,
-1001,
370,
228,
57,
-121,
-727,
378,
163,
-1141,
737,
1086,
-1495,
-392,
1134,
-782,
-428,
1161,
-95,
-356,
533,
-601,
-9112,
3779,
1949,
-5147,
3842,
5861,
-2262,
1959,
5198,
-1690,
29,
4293,
-396,
-665,
2977,
379,
-624,
1673,
248,
-791,
417,
200,
61,
-145,
-671,
452,
78,
-1195,
804,
1013,
-1653,
-399,
1109,
-995,
-645,
1013,
-288,
-498,
589,
-630,
-9155,
3972,
1833,
-5457,
4154,
6472,
-1991,
2324,
5833,
-1214,
533,
4978,
-24,
-589,
3245,
750,
-428,
1770,
267,
-912,
276,
150,
79,
-109,
-664,
446,
165,
-1036,
870,
1040,
-1437,
-87,
1267,
-830,
-265,
1294,
-387,
-737,
468,
-719,
-9234,
3759,
1677,
-5365,
4259,
6194,
-2542,
1974,
5605,
-1929,
-660,
3991,
-557,
-954,
2905,
479,
-555,
1791,
235,
-1079,
172,
143,
88,
-22,
-628,
311,
161,
-844,
868,
857,
-1490,
-93,
1110,
-1077,
-438,
1395,
-13,
-408,
585,
-684,
-9131,
3977,
1782,
-5346,
4412,
6339,
-2510,
2007,
5528,
-2015,
-359,
4380,
-576,
-916,
3342,
624,
-1004,
1433,
330,
-875,
244,
151,
79,
-84,
-709,
284,
76,
-1124,
610,
840,
-1498,
-252,
1118,
-792,
-263,
1272,
-193,
-510,
487,
-650,
-8988,
4132,
1839,
-5471,
4062,
5939,
-2591,
2287,
5854,
-1832,
-416,
4127,
-680,
-917,
3039,
302,
-853,
1752,
475,
-761,
336,
154,
92,
-34,
-578,
482,
156,
-1077,
761,
857,
-1570,
-117,
1250,
-777,
-79,
1456,
-201,
-313,
919,
-607,
-8898,
4267,
1970,
-5516,
3784,
5694,
-2677,
2088,
5545,
-1785,
30,
4459,
-609,
-777,
3361,
698,
-416,
2122,
616,
-794,
280,
129,
103,
-37,
-622,
479,
91,
-1475,
175,
532,
-1687,
-447,
713,
-1149,
-120,
1622,
-61,
-354,
780,
-571,
-9099,
3977,
1773,
-5529,
4088,
6491,
-1709,
2697,
5712,
-1939,
-195,
4504,
-521,
-962,
3351,
999,
-466,
1706,
459,
-675,
379,
173,
73,
-107,
-691,
304,
-30,
-1218,
690,
997,
-1389,
-318,
881,
-849,
-100,
1216,
-367,
-332,
829,
-582,
-8989,
4319,
2113,
-5483,
4015,
6619,
-1553,
2409,
5074,
-2222,
49,
4628,
-744,
-930,
3915,
1638,
-106,
1916,
678,
-524,
385,
141,
91,
-68,
-631,
333,
-139,
-1305,
853,
1247,
-1213,
-69,
1167,
-688,
105,
1515,
-319,
-564,
681,
-696,
-9196,
3974,
1805,
-5941,
3306,
6265,
-1459,
2197,
4627,
-2243,
166,
4463,
-785,
-843,
3518,
896,
-523,
1812,
508,
-724,
320,
141,
93,
-39,
-597,
379,
-25,
-1167,
925,
1201,
-1433,
-443,
747,
-1099,
-240,
1319,
-435,
-726,
483,
-615,
-9011,
4246,
2089,
-5587,
3684,
6398,
-1366,
2887,
5848,
-1196,
864,
5166,
-12,
-270,
3723,
866,
-555,
1772,
355,
-852,
326,
156,
106,
46,
-553,
405,
190,
-904,
903,
991,
-1474,
-228,
1033,
-895,
-53,
1641,
-31,
-396,
765,
-662,
-9167,
4171,
1960,
-5815,
3569,
6277,
-1715,
2654,
5885,
-1374,
503,
5071,
-170,
-755,
3531,
1118,
-409,
1816,
537,
-747,
289,
150,
86,
-25,
-534,
562,
263,
-1233,
418,
1052,
-952,
68,
1137,
-712,
-113,
1316,
-157,
-343,
730,
-742,
-9281,
3909,
1461,
-6308,
3281,
5906,
-2407,
1706,
4833,
-2329,
-457,
3831,
-1301,
-1329,
3043,
316,
-1166,
1368,
351,
-735,
319,
132,
100,
2,
-406,
806,
402,
-1012,
858,
1052,
-1536,
-272,
1190,
-761,
-211,
1321,
-140,
-283,
723,
-695,
-9234,
4000,
1736,
-5972,
3573,
6369,
-1901,
1978,
5089,
-2074,
-519,
3824,
-734,
-566,
3521,
664,
-781,
1623,
355,
-834,
297,
147,
95,
-27,
-616,
436,
225,
-970,
886,
1176,
-1284,
-247,
862,
-1161,
-377,
1406,
-159,
-561,
510,
-635,
-9145,
4063,
1769,
-5859,
3636,
6318,
-1633,
2453,
5071,
-2159,
128,
4510,
-687,
-507,
3830,
673,
-952,
1691,
488,
-861,
225,
136,
79,
-136,
-737,
442,
298,
-997,
758,
1174,
-1069,
-251,
364,
-1555,
-294,
1382,
-519,
-717,
711,
-626,
-9193,
3963,
1718,
-5688,
3882,
6209,
-2076,
2239,
5403,
-1458,
990,
5394,
-70,
-322,
3899,
944,
-714,
1625,
323,
-913,
221,
140,
66,
-184,
-730,
466,
230,
-1057,
672,
917,
-1253,
-197,
323,
-1830,
-597,
1154,
-560,
-552,
816,
-696,
-9218,
4064,
2008,
-5602,
3708,
6405,
-1501,
2657,
5647,
-1480,
411,
4614,
-747,
-1113,
3219,
752,
-666,
1680,
482,
-680,
405,
206,
55,
-118,
-628,
473,
246,
-935,
857,
1064,
-1211,
103,
1190,
-981,
-180,
1598,
-128,
-572,
700,
-700,
-9197,
4075,
2126,
-5377,
3954,
6571,
-1685,
2168,
5353,
-1671,
-245,
3758,
-1211,
-1432,
2639,
117,
-1057,
1545,
465,
-724,
332,
180,
58,
-152,
-757,
255,
42,
-1101,
769,
1196,
-1052,
-17,
1094,
-825,
-270,
1168,
-295,
-457,
651,
-649,
-9135,
3999,
1835,
-5470,
4089,
6465,
-1660,
2592,
5274,
-2100,
269,
4809,
-724,
-971,
3644,
1100,
-396,
2020,
744,
-549,
482,
229,
47,
-161,
-686,
510,
323,
-867,
1175,
1666,
-782,
225,
1416,
-616,
-163,
1317,
-62,
-153,
895,
-619,
-9084,
4157,
1816,
-5776,
3847,
6373,
-1873,
2332,
5257,
-1818,
892,
5594,
-362,
-1007,
3963,
1673,
-378,
1657,
670,
-499,
356,
143,
73,
-134,
-680,
332,
-7,
-1002,
1140,
1445,
-913,
323,
1388,
-775,
-267,
1085,
-380,
-243,
894,
-723,
-9058,
4289,
1813,
-5848,
3881,
6000,
-2835,
1763,
5406,
-2131,
-363,
4522,
-618,
-1257,
3124,
773,
-840,
1411,
404,
-691,
268,
105,
93,
-119,
-709,
328,
-37,
-1157,
929,
1233,
-1119,
211,
1319,
-888,
-230,
1281,
-480,
-748,
424,
-671,
-9004,
4384,
1844,
-5664,
4259,
6171,
-2754,
2045,
5621,
-1889,
135,
4779,
-501,
-567,
3836,
777,
-915,
1595,
375,
-814,
335,
157,
86,
-114,
-721,
437,
132,
-1131,
986,
1353,
-1228,
36,
1363,
-862,
-350,
1317,
-187,
-450,
559,
-691,
-9177,
4138,
1584,
-5967,
3897,
6069,
-2347,
2428,
5460,
-2029,
542,
5069,
-913,
-1256,
3281,
307,
-1293,
1305,
76,
-1051,
248,
147,
86,
-132,
-757,
406,
27,
-1389,
701,
1282,
-937,
481,
1516,
-909,
-40,
1865,
5,
-497,
691,
