-561,
-10938,
2559,
2817,
-5954,
-628,
2839,
-3660,
-2322,
1465,
-1929,
-2212,
-356,
-2245,
-1264,
845,
-962,
-963,
649,
-320,
-504,
330,
-15,
153,
60,
-242,
846,
298,
-872,
832,
813,
-1193,
440,
1567,
-730,
-399,
1272,
180,
-62,
900,
-711,
-11015,
3106,
2481,
-6375,
499,
3215,
-4555,
-1319,
3280,
-2188,
-2367,
1186,
-1410,
-1509,
1110,
-515,
-829,
838,
-282,
-704,
233,
-30,
172,
80,
-374,
698,
156,
-1205,
497,
592,
-1492,
196,
1548,
-649,
-259,
1367,
98,
-167,
805,
-723,
-10793,
3218,
2248,
-6720,
236,
3029,
-4285,
-825,
2974,
-2866,
-2186,
1688,
-1393,
-1371,
1448,
-664,
-1217,
675,
-422,
-860,
209,
-14,
163,
44,
-366,
812,
145,
-1345,
632,
836,
-1621,
-62,
1526,
-535,
-24,
1684,
204,
-244,
802,
-769,
-10700,
3178,
1558,
-7264,
497,
2757,
-5494,
-1654,
2492,
-3543,
-2536,
1305,
-2453,
-2178,
1391,
-750,
-1400,
757,
-303,
-805,
302,
22,
167,
111,
-269,
930,
306,
-1168,
638,
604,
-1620,
302,
1573,
-832,
-96,
1591,
-78,
-160,
1095,
-780,
-10705,
3324,
1531,
-7229,
824,
2792,
-5608,
-1332,
2657,
-3886,
-2806,
1141,
-2405,
-1481,
1971,
-981,
-1616,
969,
-242,
-944,
238,
15,
161,
53,
-269,
1055,
290,
-1095,
1223,
1088,
-1711,
142,
1320,
-1453,
-481,
1627,
-172,
-296,
1210,
-832,
-10741,
3462,
1408,
-7318,
1198,
2918,
-5631,
-670,
3001,
-4545,
-2856,
1868,
-2541,
-1996,
2238,
-873,
-2180,
690,
-146,
-965,
220,
37,
170,
169,
-178,
1179,
706,
-717,
1306,
1145,
-1848,
-380,
967,
-1433,
-563,
1387,
-311,
-305,
1333,
-868,
-10887,
3511,
993,
-7998,
1015,
2510,
-6665,
-1294,
2567,
-5697,
-3830,
1701,
-2973,
-2898,
1674,
-1181,
-2545,
400,
-479,
-1354,
64,
37,
179,
256,
-152,
1124,
765,
-779,
1007,
1169,
-1328,
137,
1351,
-993,
-100,
1885,
219,
-20,
1311,
-854,
-10603,
3740,
1382,
-7481,
1272,
2547,
-6662,
-1363,
2710,
-5031,
-2980,
2273,
-2787,
-3001,
1674,
-749,
-1996,
657,
-418,
-1319,
80,
52,
156,
150,
-308,
899,
465,
-1135,
534,
721,
-1460,
233,
1421,
-1004,
-356,
1348,
-142,
-26,
1307,
-847,
-10754,
3459,
1179,
-7556,
1154,
2443,
-6666,
-1410,
2736,
-4594,
-2241,
2984,
-2104,
-2333,
2108,
-593,
-1860,
991,
53,
-948,
233,
78,
154,
199,
-173,
977,
420,
-1087,
661,
530,
-2030,
-266,
1285,
-945,
-363,
1255,
-197,
-60,
1207,
-857,
-10919,
3465,
1373,
-7322,
1106,
1891,
-7211,
-1364,
3004,
-4610,
-2420,
2639,
-2715,
-2826,
1930,
-752,
-2032,
933,
-23,
-1065,
209,
98,
141,
172,
-108,
1309,
848,
-1034,
492,
828,
-1218,
388,
1361,
-1207,
-505,
1322,
-157,
-86,
1201,
-789,
-10930,
2704,
1382,
-6153,
1737,
1900,
-6906,
-986,
3414,
-4200,
-2582,
2503,
-2168,
-2563,
1662,
-643,
-1814,
772,
-11,
-779,
323,
93,
133,
81,
-302,
986,
593,
-940,
776,
1071,
-1020,
482,
1336,
-1323,
-747,
1111,
-249,
-282,
977,
-839,
-10848,
3384,
1559,
-6605,
1882,
2259,
-7172,
-1259,
3341,
-4411,
-2584,
2506,
-2709,
-3009,
1754,
-667,
-2108,
584,
-139,
-895,
312,
105,
133,
80,
-336,
992,
689,
-785,
934,
1085,
-1073,
768,
2154,
-163,
305,
1531,
-341,
-223,
1267,
-836,
-10739,
3434,
1473,
-6805,
1575,
1816,
-7658,
-1664,
2984,
-4780,
-2838,
2574,
-2369,
-2839,
1451,
-1055,
-2095,
784,
-177,
-1114,
150,
52,
154,
139,
-187,
1278,
907,
-725,
1104,
1334,
-1122,
434,
1739,
-672,
-101,
1479,
-283,
-279,
1247,
-857,
-10705,
3853,
1830,
-6898,
1465,
2202,
-6731,
-509,
3935,
-4100,
-2265,
2938,
-2133,
-2259,
2357,
-404,
-1928,
733,
-166,
-983,
269,
80,
153,
141,
-210,
1228,
896,
-642,
1153,
1262,
-1072,
644,
1719,
-894,
-126,
1484,
-621,
-761,
955,
-852,
-10710,
3625,
1468,
-6993,
1889,
2720,
-6838,
-1103,
3634,
-4000,
-2148,
2926,
-2470,
-2894,
2028,
-324,
-1956,
673,
9,
-890,
180,
56,
137,
111,
-197,
990,
346,
-1086,
926,
1062,
-1273,
487,
1735,
-667,
-26,
1396,
-468,
-410,
1043,
-864,
-10929,
3455,
1230,
-7306,
1736,
2752,
-6786,
-1217,
3156,
-4683,
-2615,
2737,
-2465,
-2645,
2230,
-471,
-2078,
915,
325,
-730,
255,
73,
143,
138,
-179,
1116,
551,
-1133,
619,
779,
-1500,
362,
1824,
-631,
-212,
1290,
-440,
-513,
863,
-870,
-10861,
3683,
1431,
-7265,
1779,
2778,
-7012,
-1672,
2641,
-5138,
-2841,
2542,
-3173,
-3615,
1908,
-101,
-1768,
850,
71,
-978,
131,
56,
134,
17,
-539,
690,
393,
-1128,
563,
773,
-1460,
320,
1781,
-795,
-685,
830,
-617,
-615,
776,
-857,
-10889,
3516,
1528,
-6792,
2205,
3253,
-6068,
-508,
3524,
-4702,
-2906,
2305,
-2902,
-2954,
2110,
-477,
-2084,
843,
155,
-921,
163,
61,
144,
113,
-352,
737,
89,
-1514,
507,
921,
-1510,
18,
1416,
-1006,
-516,
1334,
-158,
-393,
941,
-860,
-10866,
3471,
1133,
-7423,
1674,
2638,
-6921,
-1136,
3445,
-4467,
-2658,
2352,
-3210,
-3532,
1449,
-1192,
-2846,
234,
-113,
-983,
90,
8,
166,
139,
-281,
948,
442,
-1067,
923,
1283,
-1086,
276,
1349,
-758,
371,
2075,
56,
-192,
1232,
-865,
-10646,
3892,
1573,
-6939,
2303,
3161,
-6703,
-1267,
2914,
-5049,
-2931,
2137,
-3441,
-3447,
1740,
-910,
-2412,
726,
158,
-842,
220,
64,
138,
31,
-442,
806,
322,
-1201,
590,
615,
-1644,
253,
1485,
-828,
201,
1754,
-367,
-395,
1112,
-864,
-10800,
3743,
1604,
-6892,
2064,
2924,
-6440,
-672,
3379,
-4807,
-2837,
2189,
-3233,
-3183,
1754,
-963,
-2188,
967,
60,
-1045,
191,
92,
129,
33,
-459,
872,
632,
-902,
581,
583,
-1420,
449,
1509,
-745,
271,
1637,
-425,
-274,
1117,
-858,
-10743,
3686,
1454,
-7026,
2010,
2760,
-7019,
-1252,
3636,
-3920,
-2204,
2493,
-2981,
-3088,
1845,
-600,
-1812,
1148,
262,
-843,
203,
39,
160,
109,
-308,
996,
490,
-1002,
1024,
1094,
-1492,
349,
1872,
-542,
174,
1785,
-345,
-608,
1028,
-864,
-10968,
3506,
1306,
-7130,
1996,
2687,
-7107,
-1037,
3953,
-4087,
-2727,
2187,
-3101,
-3283,
1785,
-376,
-1607,
1146,
178,
-911,
168,
42,
146,
46,
-395,
906,
435,
-1024,
1009,
1243,
-1089,
692,
1901,
-700,
-96,
1465,
-429,
-459,
1073,
-873,
-11039,
3592,
1489,
-7043,
1992,
2814,
-6855,
-1112,
3440,
-4424,
-2640,
2352,
-2738,
-2619,
2000,
-943,
-2234,
862,
35,
-931,
271,
98,
122,
-44,
-530,
851,
406,
-1214,
762,
1192,
-957,
747,
1759,
-807,
-30,
1457,
-567,
-478,
1108,
-878,
-11082,
3631,
1491,
-7079,
2239,
3299,
-6612,
-1069,
3622,
-4303,
-2709,
2303,
-2968,
-3048,
1981,
-694,
-2483,
343,
-109,
-843,
297,
93,
134,
82,
-315,
869,
188,
-1364,
797,
1205,
-1142,
545,
1783,
-732,
-45,
1553,
-480,
-667,
934,
-873,
-11077,
3423,
1137,
-7516,
1621,
2734,
-6715,
-866,
3755,
-4156,
-2467,
2500,
-2655,
-2567,
2144,
-897,
-2462,
640,
25,
-876,
290,
91,
145,
89,
-408,
841,
437,
-983,
1147,
1553,
-877,
639,
1819,
-699,
-12,
1791,
28,
-239,
1039,
-859,
-11159,
3177,
1045,
-7392,
1495,
2511,
-6410,
-561,
3200,
-4798,
-2144,
3221,
-2357,
-2517,
2241,
-671,
-2063,
886,
-176,
-1261,
28,
-4,
179,
72,
-546,
823,
561,
-1067,
656,
844,
-1419,
448,
1775,
-773,
-93,
1649,
-145,
-267,
1074,
-864,
-11024,
3468,
1185,
-7258,
1961,
2815,
-6431,
29,
4356,
-4384,
-2534,
3042,
-2369,
-2883,
1908,
-510,
-1683,
1091,
-157,
-1225,
162,
85,
136,
5,
-513,
978,
740,
-906,
949,
1170,
-1421,
350,
2089,
-385,
-186,
1321,
-306,
-261,
1193,
-871,
-10987,
3524,
1282,
-7198,
2062,
2947,
-6810,
-905,
3759,
-4480,
-2817,
2642,
-2392,
-2604,
2196,
-494,
-2003,
914,
-3,
-1145,
131,
113,
105,
12,
-436,
779,
385,
-1099,
725,
1000,
-1240,
366,
1501,
-1097,
-631,
1122,
-265,
-159,
1219,
-874,
-10885,
3720,
1522,
-7105,
2072,
3213,
-6348,
-474,
4375,
-3663,
-2361,
2498,
-2853,
-3176,
1693,
-715,
-1990,
1024,
158,
-1052,
102,
83,
113,
4,
-462,
730,
314,
-1166,
699,
1173,
-741,
1026,
2135,
-460,
-87,
1320,
-352,
-256,
1133,
-869,
-11159,
3425,
1389,
-7239,
1457,
2180,
-7140,
-969,
3679,
-4409,
-2789,
2028,
-3689,
-4068,
1025,
-1221,
-2536,
354,
-347,
-1185,
61,
12,
158,
59,
-357,
1100,
652,
-1017,
1123,
1766,
-572,
1003,
2390,
-155,
104,
1620,
11,
-38,
1223,
-872,
-10797,
3846,
1562,
-6961,
2239,
2847,
-6967,
-739,
3949,
-4622,
-3177,
2058,
-3179,
-3237,
1808,
-841,
-2318,
666,
-157,
-1124,
201,
109,
117,
-38,
-614,
766,
665,
-713,
1157,
1364,
-1189,
206,
1469,
-881,
-292,
1321,
-353,
-387,
994,
-873,
-11008,
3539,
1199,
-7419,
1930,
2925,
-7098,
-1459,
3567,
-4206,
-2890,
1973,
-2819,
-2468,
2199,
-917,
-2386,
842,
151,
-897,
283,
119,
126,
49,
-471,
819,
619,
-830,
865,
1021,
-1340,
83,
1138,
-1205,
-351,
1440,
-262,
-401,
920,
-411,
-7410,
1798,
518,
-6041,
-415,
3662,
-691,
-865,
-690,
-3681,
-927,
1984,
-924,
-712,
1445,
-721,
-1174,
1188,
676,
-453,
47,
91,
26,
15,
-149,
144,
-149,
-50,
1112,
-91,
-1657,
547,
1568,
-613,
-392,
898,
-127,
-296,
517,
-190,
-5954,
105,
-1418,
-6756,
-2956,
424,
-2556,
-3491,
-3703,
-4818,
-1817,
413,
-1639,
-1289,
249,
-1222,
-1075,
1061,
734,
-286,
-42,
47,
4,
-56,
-132,
71,
-135,
200,
1153,
-62,
-1379,
408,
1159,
-574,
-417,
489,
-283,
-192,
587,
-173,
-5196,
1264,
-711,
-6381,
-1987,
1410,
-2431,
-3390,
-2952,
-3896,
-660,
1927,
-688,
-1235,
199,
-1137,
-1113,
1118,
958,
-252,
-190,
-9,
5,
-100,
-131,
127,
-244,
-207,
785,
54,
-1090,
148,
494,
-891,
-351,
462,
-399,
-197,
573,
-194,
-4695,
1671,
139,
-4594,
-413,
1260,
-3607,
-3665,
-2145,
-3179,
-277,
2255,
-614,
-1233,
503,
-1117,
-1800,
536,
1003,
-88,
-220,
-54,
18,
-169,
-447,
-250,
-361,
-424,
155,
-232,
-700,
301,
265,
-590,
447,
1041,
-40,
113,
654,
-102,
-3996,
1179,
-1258,
-4056,
1501,
493,
-5734,
-3141,
-1267,
-4804,
-1871,
2182,
-261,
-188,
1971,
-444,
-1584,
574,
557,
-377,
-149,
-69,
63,
-199,
-659,
-281,
-772,
-1349,
-147,
-230,
-1136,
541,
1259,
-244,
497,
1542,
254,
117,
854,
-4,
-3743,
-11,
-2482,
-4243,
1048,
-322,
-5788,
-2713,
-879,
-4505,
-2072,
1854,
108,
287,
1900,
-573,
-1769,
28,
168,
-383,
-166,
-105,
55,
-307,
-713,
-426,
-1370,
-1946,
-260,
-368,
-1595,
272,
1247,
-310,
727,
2388,
1161,
626,
1148,
37,
-3349,
-404,
-2810,
-4306,
500,
-573,
-5164,
-2034,
-75,
-3432,
-1589,
1980,
468,
178,
1306,
-793,
-1791,
-109,
233,
-222,
-143,
-102,
42,
-318,
-677,
-385,
-1229,
-1873,
-472,
-404,
-1359,
94,
762,
-468,
789,
2482,
1310,
595,
983,
35,
-3361,
-509,
-2637,
-4085,
492,
-142,
-4238,
-1330,
625,
-2540,
-1203,
1899,
487,
58,
865,
-1184,
-2020,
-232,
208,
-245,
-149,
-78,
32,
-276,
-592,
-267,
-932,
-1719,
-693,
-363,
-1083,
-297,
59,
-590,
907,
2589,
1777,
1040,
965,
39,
-3649,
-1008,
-3196,
-4500,
152,
-529,
-4478,
-1341,
463,
-3040,
-1750,
1407,
-114,
-558,
432,
-1495,
-2302,
-440,
115,
-249,
-128,
-80,
43,
-231,
-533,
-165,
-875,
-1922,
-1088,
-728,
-1555,
-954,
-353,
-553,
1046,
2754,
2196,
1515,
1161,
39,
-3522,
-819,
-3204,
-4449,
601,
-132,
-4281,
-782,
1248,
-2609,
-1473,
1801,
39,
-761,
317,
-1359,
-2287,
-689,
-42,
-175,
-71,
-85,
40,
-271,
-497,
-88,
-984,
-1993,
-961,
-849,
-1932,
-1111,
-403,
-703,
1019,
2786,
2114,
1522,
1269,
25,
-3645,
-769,
-3413,
-4942,
375,
-158,
-4420,
-806,
1501,
-2275,
-1365,
1465,
-450,
-1032,
-20,
-1928,
-2677,
-866,
-290,
-370,
-80,
-67,
43,
-229,
-496,
-171,
-968,
-1744,
-737,
-798,
-1746,
-864,
-470,
-715,
1370,
2941,
2018,
1700,
1498,
31,
-3648,
-713,
-3492,
-5284,
55,
-234,
-4492,
-1092,
1149,
-2550,
-1554,
1435,
-303,
-849,
66,
-1966,
-2765,
-882,
-228,
-307,
-28,
-35,
26,
-256,
-523,
-240,
-1006,
-1653,
-631,
-864,
-1959,
-1110,
-798,
-1156,
1010,
2776,
1889,
1558,
1455,
38,
-3481,
-532,
-3405,
-5132,
318,
-39,
-4116,
-383,
1611,
-2451,
-1277,
1715,
-354,
-737,
491,
-1768,
-2775,
-738,
-46,
-244,
-2,
-24,
31,
-178,
-332,
-11,
-911,
-1717,
-733,
-1092,
-2318,
-1196,
-518,
-937,
1066,
2872,
1951,
1511,
1454,
38,
-3376,
-334,
-3257,
-5000,
588,
186,
-4122,
-370,
1848,
-2213,
-1286,
1538,
-422,
-570,
698,
-1735,
-2834,
-730,
-9,
-254,
-4,
0,
11,
-189,
-211,
142,
-845,
-1597,
-587,
-1218,
-2571,
-1110,
-201,
-832,
993,
2864,
1933,
1366,
1301,
39,
-3518,
-582,
-3607,
-5302,
273,
-332,
-4547,
-479,
1607,
-2761,
-1761,
1208,
-755,
-896,
344,
-2052,
-3010,
-934,
-274,
-369,
-12,
-10,
12,
-228,
-183,
329,
-768,
-1624,
-415,
-1066,
-2652,
-1052,
99,
-580,
1173,
2986,
1933,
1387,
1391,
39,
-3741,
-930,
-3956,
-5769,
-307,
-657,
-4722,
-843,
1365,
-2796,
-2116,
712,
-866,
-1006,
-121,
-2442,
-3184,
-1206,
-597,
-536,
-57,
-17,
12,
-242,
-232,
225,
-890,
-1773,
-658,
-1287,
-2746,
-1211,
-118,
-549,
1356,
3000,
1921,
1555,
1560,
39,
-3417,
-466,
-3503,
-5249,
270,
-317,
-4482,
-411,
1654,
-2817,
-1997,
1004,
-717,
-845,
243,
-2050,
-2865,
-952,
-444,
-453,
-9,
-6,
9,
-249,
-187,
391,
-656,
-1472,
-238,
-887,
-2475,
-986,
19,
-582,
1235,
2804,
1631,
1315,
1414,
39,
-3498,
-522,
-3745,
-5440,
422,
-329,
-4790,
-295,
2089,
-2772,
-2067,
1236,
-604,
-987,
253,
-1916,
-2867,
-1019,
-486,
-495,
-27,
0,
3,
-259,
-195,
375,
-688,
-1525,
-342,
-1098,
-2693,
-983,
171,
-529,
1298,
3026,
1807,
1373,
1536,
34,
-3759,
-892,
-4152,
-6027,
-280,
-883,
-5378,
-917,
1831,
-3072,
-2846,
678,
-752,
-1439,
-255,
-1956,
-2949,
-1378,
-655,
-472,
-59,
-32,
15,
-247,
-260,
182,
-893,
-1773,
-780,
-1541,
-3021,
-1382,
-250,
-871,
954,
2825,
1817,
1335,
1471,
36,
-3452,
-475,
-3660,
-5472,
270,
-558,
-5364,
-841,
2139,
-3003,
-3146,
447,
-869,
-1502,
40,
-1451,
-2688,
-1181,
-301,
-234,
-25,
-43,
31,
-151,
-156,
292,
-522,
-1253,
-419,
-1051,
-2288,
-972,
-221,
-752,
1044,
2593,
1490,
1132,
1326,
35,
-3526,
-589,
-3716,
-5507,
125,
-800,
-5606,
-968,
2173,
-2986,
-3252,
428,
-712,
-1330,
152,
-1396,
-2670,
-1143,
-299,
-313,
-71,
-38,
31,
-126,
-196,
171,
-489,
-1145,
-513,
-1167,
-2294,
-1163,
-567,
-944,
957,
2504,
1508,
1255,
1485,
37,
-3252,
-63,
-3206,
-4980,
836,
-186,
-5090,
-177,
3072,
-2210,
-2399,
1245,
-125,
-731,
720,
-1136,
-2452,
-738,
1,
-227,
-22,
-6,
17,
-144,
-207,
135,
-577,
-1217,
-494,
-1168,
-2356,
-1155,
-599,
-1195,
675,
2382,
1427,
1147,
1422,
42,
-3189,
126,
-2985,
-4850,
862,
-296,
-5331,
-351,
3166,
-1917,
-2132,
1393,
-32,
-674,
685,
-1199,
-2382,
-515,
245,
-80,
9,
-18,
27,
-120,
-144,
253,
-557,
-1320,
-443,
-916,
-2217,
-1155,
-539,
-1257,
347,
2164,
1494,
1156,
1289,
31,
-3524,
-194,
-3351,
-5389,
6,
-1558,
-6657,
-1398,
2280,
-2609,
-2413,
1299,
-288,
-1235,
-210,
-2012,
-2666,
-619,
-74,
-362,
-91,
-61,
55,
-113,
-240,
240,
-528,
-1476,
-633,
-956,
-2255,
-1336,
-867,
-1661,
-17,
1856,
1239,
1053,
1351,
2,
-3354,
274,
-2671,
-5012,
84,
-1041,
-5709,
-746,
2689,
-2117,
-2166,
1342,
118,
-578,
308,
-1509,
-2226,
-572,
-272,
-448,
-72,
-48,
45,
-144,
-182,
477,
-234,
-1233,
-436,
-859,
-2203,
-1024,
-258,
-1221,
-68,
1507,
854,
741,
1234,
-13,
-3278,
635,
-2113,
-4639,
38,
-1231,
-5542,
-263,
3029,
-1806,
-1517,
1858,
-26,
-771,
729,
-891,
-1924,
-440,
-122,
-345,
-38,
-36,
32,
-220,
-266,
527,
-129,
-1275,
-426,
-590,
-2075,
-1286,
-477,
-1248,
-305,
1036,
508,
570,
1087,
-24,
-3530,
663,
-2208,
-5156,
-597,
-1932,
-6251,
-608,
2871,
-2158,
-1784,
1770,
-316,
-1096,
713,
-908,
-2164,
-608,
-128,
-364,
-74,
-43,
34,
-211,
-316,
359,
-269,
-1254,
-413,
-784,
-2375,
-1558,
-808,
-1662,
-655,
773,
293,
499,
1170,
-28,
-3519,
971,
-1886,
-5089,
-598,
-1834,
-5965,
-4,
3538,
-1898,
-1893,
1739,
-76,
-817,
764,
-1018,
-2224,
-630,
-223,
-491,
-145,
-56,
36,
-191,
-232,
458,
-241,
-1219,
-294,
-668,
-2310,
-1549,
-887,
-1727,
-631,
729,
154,
466,
1284,
-41,
-3483,
1423,
-1455,
-5105,
-755,
-1797,
-5702,
328,
3585,
-2174,
-2096,
1683,
-139,
-732,
1061,
-703,
-1943,
-420,
-190,
-531,
-130,
-37,
27,
-216,
-223,
577,
-149,
-1285,
-264,
-344,
-1928,
-1342,
-873,
-1869,
-835,
519,
-88,
300,
1296,
-65,
-3785,
1466,
-1644,
-5752,
-1178,
-2097,
-6404,
-421,
2979,
-3048,
-3150,
660,
-1282,
-1657,
783,
-741,
-2135,
-603,
-355,
-769,
-278,
-57,
31,
-179,
-190,
607,
31,
-990,
-43,
-192,
-1762,
-1180,
-791,
-1974,
-1100,
336,
-65,
369,
1269,
-82,
-3882,
1645,
-1541,
-5896,
-1152,
-1903,
-6250,
28,
3685,
-2792,
-3365,
571,
-1220,
-1673,
840,
-517,
-1843,
-304,
-171,
-752,
-280,
-41,
28,
-156,
-244,
415,
-84,
-1036,
-254,
-455,
-1945,
-1524,
-1297,
-2281,
-1138,
330,
-188,
167,
1152,
-99,
-3854,
2039,
-1126,
-5416,
-451,
-1581,
-6195,
573,
4294,
-2559,
-2938,
1051,
-1147,
-1414,
1476,
-159,
-1716,
-48,
-22,
-815,
-336,
-48,
32,
-128,
-202,
411,
-175,
-1069,
-182,
-482,
-1925,
-1205,
-1095,
-2460,
-1240,
389,
-297,
22,
1158,
-117,
-4025,
2409,
-908,
-5410,
-205,
-1722,
-6496,
995,
4429,
-3223,
-3010,
1398,
-1469,
-1643,
1747,
-237,
-1923,
126,
111,
-820,
-282,
-41,
53,
-115,
-270,
540,
-18,
-1207,
-81,
-49,
-1967,
-1620,
-1212,
-2513,
-1506,
214,
-335,
-69,
1059,
-139,
-4417,
2518,
-934,
-5987,
-816,
-2367,
-7181,
802,
4423,
-3587,
-3276,
1335,
-1915,
-2325,
1240,
-690,
-2258,
79,
102,
-922,
-337,
-51,
66,
-65,
-259,
527,
-24,
-1344,
-419,
-496,
-2457,
-2038,
-1365,
-2420,
-1455,
96,
-411,
12,
1132,
-157,
-4624,
3017,
-742,
-6303,
-949,
-3000,
-8045,
998,
4435,
-4862,
-4056,
1445,
-2494,
-3292,
747,
-1153,
-2557,
356,
384,
-917,
-318,
-36,
86,
81,
-21,
861,
310,
-1099,
-95,
-162,
-2265,
-1772,
-1066,
-2322,
-1374,
127,
-706,
-281,
1132,
-170,
-4683,
3612,
-314,
-6138,
-248,
-2484,
-8285,
1058,
4854,
-4777,
-3611,
2474,
-1981,
-3287,
1037,
-789,
-2392,
672,
853,
-629,
-246,
-33,
89,
105,
53,
906,
164,
-1347,
-323,
-554,
-2685,
-1736,
-769,
-2285,
-1444,
173,
-760,
-472,
949,
-167,
-4859,
3794,
-153,
-6355,
-401,
-2587,
-8980,
155,
4528,
-4887,
-3742,
2789,
-1685,
-3648,
670,
-788,
-2518,
581,
1113,
-423,
-238,
-20,
77,
195,
278,
907,
-15,
-1452,
-487,
-647,
-2476,
-1660,
-1072,
-2549,
-1585,
-57,
-918,
-475,
878,
-169,
-5048,
4129,
-13,
-6705,
-565,
-2613,
-9111,
82,
4223,
-5330,
-3727,
2700,
-2503,
-4394,
469,
-941,
-2722,
428,
917,
-526,
-217,
-29,
101,
260,
388,
1218,
337,
-1245,
-257,
-465,
-2480,
-1651,
-1075,
-2594,
-1343,
263,
-996,
-560,
1181,
-178,
-5061,
4756,
506,
-6921,
-1031,
-2867,
-8950,
538,
4354,
-5525,
-3718,
2833,
-2272,
-3953,
567,
-1200,
-2584,
717,
778,
-714,
-217,
-40,
116,
175,
108,
971,
9,
-1646,
-255,
-250,
-2513,
-1596,
-807,
-2516,
-1300,
608,
-543,
-288,
1178,
-206,
-5167,
5449,
1293,
-6634,
-657,
-2229,
-8341,
1146,
4777,
-5512,
-3863,
2839,
-1844,
-3098,
1240,
-966,
-2411,
811,
697,
-668,
-100,
-45,
138,
107,
-160,
813,
-106,
-1949,
-442,
-201,
-2485,
-1560,
-746,
-2554,
-1315,
659,
-513,
-152,
1371,
-237,
-5617,
5764,
1622,
-6979,
-989,
-2409,
-8933,
267,
3855,
-6531,
-4647,
2597,
-1809,
-3118,
1141,
-989,
-2367,
608,
170,
-1142,
-291,
-58,
112,
-41,
-309,
715,
-329,
-2157,
-367,
-138,
-2683,
-1720,
-734,
-2510,
-1197,
846,
-418,
-187,
1279,
-277,
-5748,
6074,
2049,
-6844,
-465,
-1079,
-7984,
211,
4140,
-5242,
-3608,
2763,
-1677,
-2613,
1567,
-909,
-2512,
433,
110,
-1108,
-267,
-57,
106,
-103,
-402,
670,
-488,
-2578,
-674,
-53,
-2689,
-2041,
-775,
-2131,
-999,
737,
-449,
-47,
1462,
-323,
-5785,
6346,
2283,
-7037,
-265,
231,
-7004,
-556,
3090,
-4842,
-2782,
2661,
-2097,
-2738,
1254,
-1433,
-2629,
730,
322,
-1090,
-254,
-31,
91,
-158,
-559,
544,
-213,
-2059,
-500,
-47,
-2239,
-1453,
-669,
-2246,
-912,
822,
-554,
-148,
1439,
-344,
-6211,
5975,
2013,
-7463,
-687,
261,
-6957,
-1203,
2236,
-5271,
-3393,
1340,
-3538,
-3749,
631,
-1757,
-2850,
340,
-54,
-1102,
-50,
49,
86,
-78,
-450,
625,
-104,
-1975,
-509,
-108,
-2406,
-1697,
-740,
-2242,
-1142,
649,
-361,
-56,
1200,
-356,
-6448,
6010,
2445,
-7104,
-699,
306,
-6700,
-1217,
2044,
-5143,
-3252,
1189,
-3478,
-3422,
718,
-1756,
-2715,
225,
-341,
-1111,
26,
-4,
157,
91,
-433,
518,
-263,
-2163,
-718,
-433,
-2642,
-1419,
-94,
-1770,
-1005,
602,
-426,
-7,
1320,
-405,
-6751,
5897,
2379,
-7112,
-493,
361,
-6963,
-1411,
1900,
-5582,
-3948,
535,
-3696,
-3089,
1063,
-1737,
-2733,
219,
-449,
-1110,
135,
22,
155,
21,
-529,
739,
180,
-1802,
-309,
-172,
-2880,
-1588,
235,
-1530,
-1092,
491,
-691,
-444,
1108,
-489,
-7001,
5871,
2383,
-6944,
74,
1013,
-6029,
116,
3292,
-4560,
-2733,
1478,
-3526,
-3009,
1274,
-1731,
-2604,
563,
-324,
-1068,
337,
138,
124,
44,
-453,
740,
90,
-1863,
-369,
-328,
-2829,
-1225,
329,
-1768,
-1080,
641,
-775,
-553,
1018,
-579,
-7371,
5575,
2003,
-7317,
203,
1423,
-5993,
-14,
3426,
-4489,
-2816,
1789,
-2777,
-2230,
2016,
-1164,
-2523,
429,
-209,
-849,
395,
133,
109,
-86,
-624,
745,
373,
-1379,
123,
-8,
-2708,
-1186,
357,
-1793,
-1103,
837,
-294,
-36,
1261,
-629,
-7865,
5135,
1897,
-7276,
58,
1052,
-6587,
-767,
2870,
-4675,
-2832,
1846,
-2660,
-2076,
2354,
-630,
-2073,
710,
-25,
-816,
334,
113,
114,
-32,
-492,
855,
430,
-1416,
-38,
4,
-2424,
-1063,
356,
-1375,
-440,
1186,
-216,
-36,
1161,
-627,
-8065,
5114,
2084,
-7345,
-437,
522,
-7057,
-1258,
2454,
-5324,
-3846,
1183,
-2814,
-2356,
2042,
-670,
-2252,
352,
-120,
-767,
270,
68,
121,
-37,
-461,
868,
290,
-1744,
-342,
56,
-2122,
-893,
429,
-1307,
-559,
1014,
-188,
0,
1108,
-666,
-8287,
5071,
1790,
-7671,
-118,
1047,
-6679,
-399,
3739,
-4166,
-2699,
2145,
-2577,
-2609,
1683,
-1190,
-2711,
183,
-239,
-937,
199,
63,
133,
63,
-322,
887,
271,
-1495,
6,
-62,
-2501,
-941,
363,
-1753,
-746,
1295,
-66,
-60,
1242,
-693,
-8505,
4919,
1903,
-7290,
189,
924,
-7120,
-692,
4040,
-3396,
-2457,
1263,
-3622,
-2911,
1639,
-1302,
-2450,
607,
-231,
-1140,
153,
80,
125,
6,
-546,
581,
219,
-1126,
520,
235,
-2363,
-688,
808,
-1143,
-94,
1752,
182,
48,
1086,
-729,
-8727,
4976,
2070,
-7203,
557,
1611,
-6566,
-162,
4640,
-3324,
-2670,
1719,
-3004,
-3054,
1399,
-1020,
-2236,
518,
-259,
-1089,
177,
92,
120,
-22,
-695,
408,
332,
-951,
464,
381,
-1947,
-610,
578,
-1335,
-418,
1317,
-120,
-202,
931,
-734,
-9061,
4565,
1891,
-7222,
198,
789,
-7605,
-1422,
3182,
-4687,
-3867,
636,
-3856,
-3816,
513,
-1717,
-2536,
269,
-581,
-1286,
73,
28,
157,
71,
-551,
487,
59,
-1324,
527,
665,
-1829,
-400,
1003,
-1029,
-310,
1361,
-108,
-125,
1097,
-744,
-9182,
4486,
2199,
-6455,
847,
854,
-7948,
-1939,
2821,
-4145,
-2429,
1810,
-3413,
-3414,
1188,
-1050,
-2004,
622,
-405,
-1137,
201,
61,
152,
56,
-557,
527,
8,
-1587,
111,
118,
-2478,
-1069,
321,
-1581,
-581,
1077,
-632,
-523,
1052,
-765,
-9370,
4378,
1924,
-6699,
1321,
1823,
-7333,
-1733,
2941,
-4140,
-2384,
2124,
-3011,
-2974,
1778,
-536,
-1598,
1188,
65,
-1116,
71,
46,
145,
94,
-413,
722,
255,
-1506,
-172,
-156,
-2508,
-1283,
-223,
-1995,
-594,
1365,
-252,
-267,
1178,
-786,
-9804,
3867,
1597,
-6752,
1450,
2052,
-7161,
-1901,
2438,
-4458,
-2098,
2687,
-2671,
-2638,
2437,
-53,
-1786,
765,
-77,
-1094,
70,
44,
144,
134,
-264,
960,
607,
-1025,
283,
199,
-2123,
-839,
125,
-1852,
-612,
1281,
-328,
-263,
1292,
-806,
-10130,
3661,
1463,
-6875,
1263,
1479,
-7926,
-2099,
2798,
-4180,
-1928,
3007,
-2399,
-2648,
2133,
-560,
-2165,
762,
68,
-1049,
73,
54,
139,
132,
-252,
1085,
965,
-486,
910,
827,
-1609,
-308,
845,
-1275,
-511,
1201,
-337,
-420,
957,
-807,
-10250,
3488,
1284,
-7005,
1233,
1685,
-7269,
-1110,
3445,
-4372,
-2459,
2964,
-2127,
-2871,
1398,
-1188,
-2560,
411,
-147,
-1096,
26,
6,
172,
275,
17,
1220,
687,
-813,
1072,
1328,
-1262,
-236,
886,
-1085,
-315,
1293,
-117,
-48,
1099,
-817,
-10206,
3714,
1462,
-6824,
1682,
2067,
-7304,
-1176,
3720,
-3942,
-2175,
3014,
-2168,
-2838,
1471,
-1073,
-2288,
746,
68,
-971,
142,
78,
122,
102,
-183,
1062,
596,
-881,
803,
939,
-1176,
301,
1019,
-1502,
-619,
1258,
-106,
-1,
1145,
-786,
-9879,
3616,
1183,
-6832,
1651,
1925,
-6981,
-608,
3693,
-4391,
-2683,
1983,
-3494,
-3358,
1861,
-525,
-1990,
609,
-420,
-1328,
74,
83,
112,
-14,
-401,
980,
698,
-623,
1227,
1080,
-1637,
-178,
1000,
-1265,
-180,
1839,
153,
-82,
1163,
-733,
-9452,
3248,
739,
-6730,
1783,
2130,
-6609,
-672,
3475,
-4114,
-2368,
2164,
-2917,
-2774,
1799,
-913,
-2303,
394,
-443,
-1215,
129,
92,
100,
-67,
-507,
705,
352,
-696,
1316,
910,
-1948,
-246,
1044,
-1427,
-425,
1763,
170,
-94,
1197,
-691,
-9588,
2544,
490,
-6245,
1743,
1376,
-7294,
-1248,
3106,
-3832,
-1709,
2607,
-2971,
-3399,
989,
-1340,
-2311,
581,
-222,
-1130,
110,
90,
97,
-20,
-400,
738,
356,
-675,
1300,
1078,
-1546,
-28,
1052,
-1321,
-424,
1380,
-362,
-453,
1117,
-732,
-9921,
2731,
678,
-6459,
1709,
1613,
-7199,
-1109,
3428,
-3741,
-1964,
2409,
-2788,
-2993,
1145,
-1505,
-2412,
620,
-196,
-1048,
203,
84,
126,
16,
-480,
726,
336,
-1086,
723,
810,
-1646,
-221,
876,
-1352,
-309,
1532,
-400,
-710,
852,
-764,
-10055,
2952,
763,
-6831,
1643,
2202,
-6764,
-1240,
3223,
-3665,
-1673,
2587,
-3129,
-3584,
987,
-1383,
-2552,
372,
-317,
-1226,
4,
37,
121,
-36,
-556,
641,
335,
-1067,
566,
644,
-1595,
-162,
836,
-1284,
-171,
1625,
-141,
-218,
1249,
