-801,
-10723,
2566,
-839,
-9172,
854,
2277,
-6812,
-320,
3887,
-5191,
-3293,
2923,
-2141,
-2857,
1665,
-1187,
-2537,
1096,
666,
-766,
107,
61,
126,
84,
-333,
774,
420,
-683,
1174,
864,
-1586,
616,
2232,
-432,
-169,
1223,
-709,
-829,
660,
-814,
-10789,
2897,
-597,
-9078,
1398,
2824,
-7103,
-1059,
3405,
-5445,
-3459,
2983,
-1806,
-2572,
1480,
-1728,
-2975,
887,
593,
-773,
55,
5,
151,
107,
-237,
993,
493,
-682,
1466,
1305,
-1162,
1162,
2666,
-347,
-75,
1530,
-387,
-577,
752,
-842,
-10822,
3265,
122,
-8483,
1778,
3269,
-6590,
-439,
4267,
-4900,
-3785,
2424,
-1842,
-2322,
1684,
-1441,
-2650,
968,
464,
-781,
212,
77,
140,
84,
-438,
781,
531,
-810,
1023,
1093,
-1295,
662,
2288,
-380,
-236,
1500,
16,
-408,
500,
-855,
-10914,
3212,
125,
-8722,
1089,
2437,
-7310,
-1146,
3729,
-4972,
-3609,
2414,
-2172,
-2902,
1200,
-1340,
-2126,
1224,
322,
-920,
173,
40,
174,
138,
-500,
683,
442,
-899,
1211,
1638,
-996,
245,
1535,
-870,
-385,
1389,
-207,
-522,
673,
-865,
-10994,
3227,
232,
-8526,
1373,
2640,
-7237,
-1042,
3754,
-4994,
-2963,
3772,
-1315,
-2854,
1510,
-665,
-1970,
930,
135,
-1069,
18,
27,
140,
33,
-538,
534,
46,
-1359,
700,
1046,
-1390,
154,
1448,
-1058,
-446,
1488,
-163,
-546,
747,
-849,
-10764,
3412,
441,
-8278,
1595,
2965,
-6838,
-904,
3586,
-5180,
-3063,
3625,
-1659,
-3296,
1373,
-397,
-1732,
944,
158,
-1004,
25,
41,
103,
-91,
-443,
848,
39,
-1644,
885,
1646,
-1278,
-264,
1333,
-846,
-609,
988,
-389,
-435,
849,
-795,
-10822,
2982,
397,
-7761,
1654,
2570,
-6562,
188,
4689,
-4576,
-3040,
3247,
-2141,
-3629,
1461,
3,
-1685,
458,
-247,
-1074,
5,
11,
107,
-137,
-423,
1049,
187,
-1669,
991,
2070,
-795,
85,
1731,
-364,
-450,
674,
-708,
-452,
860,
-765,
-10943,
2565,
-73,
-8074,
1419,
2527,
-6361,
217,
4287,
-5166,
-3603,
2730,
-2550,
-3802,
1622,
352,
-1554,
254,
-470,
-1159,
-56,
-31,
127,
-92,
-274,
1376,
486,
-1637,
846,
2009,
-712,
141,
1630,
-560,
-522,
994,
38,
335,
1304,
-770,
-10865,
2546,
47,
-7716,
1696,
2595,
-6437,
-179,
3664,
-5383,
-3292,
2940,
-2527,
-3421,
2280,
802,
-1108,
1019,
257,
-763,
178,
80,
80,
-169,
-383,
1325,
665,
-1716,
13,
1096,
-1031,
-122,
1048,
-868,
-337,
1121,
-191,
-61,
985,
-796,
-11158,
2299,
-249,
-8201,
1088,
1936,
-7145,
-888,
3123,
-5706,
-3800,
1954,
-3506,
-3944,
1928,
375,
-1476,
750,
93,
-787,
169,
46,
104,
-153,
-513,
959,
190,
-1995,
-177,
832,
-817,
662,
1408,
-1091,
-332,
1176,
-653,
-586,
858,
-824,
-11282,
2415,
-158,
-8658,
563,
2360,
-6082,
-86,
3976,
-4650,
-3513,
1744,
-2803,
-2838,
1937,
-283,
-1722,
697,
-135,
-978,
82,
2,
129,
-81,
-387,
1112,
358,
-1667,
129,
711,
-1135,
511,
1160,
-1567,
-750,
859,
-881,
-551,
1080,
-826,
-11181,
2598,
207,
-8391,
548,
2360,
-6262,
-829,
3383,
-4475,
-3302,
1531,
-2793,
-2371,
2332,
-175,
-1630,
945,
99,
-969,
-37,
-49,
144,
-76,
-485,
930,
434,
-1204,
511,
762,
-1175,
328,
659,
-1988,
-722,
1002,
-980,
-700,
1074,
-830,
-11213,
2703,
353,
-8360,
532,
2178,
-6930,
-1590,
3296,
-4098,
-3138,
1471,
-2917,
-2500,
2537,
312,
-1508,
616,
-136,
-933,
51,
-30,
152,
-34,
-584,
529,
-59,
-1535,
374,
816,
-1074,
215,
427,
-1998,
-432,
1347,
-886,
-877,
915,
-824,
-11253,
2730,
474,
-8122,
810,
2177,
-7314,
-1780,
3765,
-3526,
-3200,
1002,
-3316,
-3021,
1725,
-392,
-1811,
594,
-32,
-815,
108,
-15,
149,
36,
-370,
659,
-93,
-1315,
926,
1271,
-648,
967,
1291,
-1297,
171,
1744,
-779,
-757,
1189,
-809,
-11053,
2794,
298,
-8450,
680,
2577,
-6625,
-1233,
4132,
-3395,
-3293,
1359,
-2101,
-1774,
2150,
-470,
-1676,
1037,
363,
-666,
125,
3,
118,
-123,
-512,
814,
202,
-1487,
297,
931,
-652,
672,
836,
-1406,
210,
1715,
-624,
-492,
1243,
-790,
-10157,
4072,
1899,
-7138,
1429,
3416,
-5815,
-972,
4586,
-2480,
-2862,
1649,
-1045,
-790,
2287,
-501,
-1557,
997,
270,
-675,
127,
17,
103,
-101,
-383,
805,
118,
-1250,
588,
809,
-853,
768,
964,
-1508,
-76,
1307,
-1101,
-895,
1067,
-744,
-8898,
5368,
3013,
-6539,
1468,
3760,
-5159,
-1205,
3390,
-3784,
-4232,
312,
-1530,
-271,
3015,
-252,
-1949,
288,
-262,
-860,
128,
28,
113,
15,
-161,
1073,
450,
-961,
688,
765,
-1016,
623,
1215,
-986,
175,
1405,
-783,
-632,
1010,
-440,
-6232,
6212,
2133,
-6748,
2251,
4139,
-5637,
-2189,
2223,
-4684,
-4918,
-980,
-3285,
-880,
4117,
970,
-1877,
-199,
-415,
-719,
224,
29,
130,
53,
-245,
899,
478,
-685,
830,
420,
-1705,
205,
1385,
-707,
176,
1487,
-390,
-286,
1062,
-262,
-5262,
5684,
296,
-7842,
2953,
5530,
-5405,
-3439,
993,
-5027,
-5419,
-2531,
-4889,
-953,
5449,
1850,
-2544,
-1437,
-983,
-677,
291,
-12,
185,
167,
-504,
260,
258,
-53,
1719,
839,
-1865,
-80,
1374,
-690,
-43,
1404,
-177,
-171,
1012,
-197,
-5041,
5420,
-296,
-8306,
2795,
5651,
-5331,
-3552,
1078,
-4938,
-6001,
-3320,
-4992,
-635,
5712,
2186,
-2234,
-1337,
-878,
-531,
305,
-43,
196,
125,
-745,
-153,
174,
457,
2113,
749,
-1802,
145,
1190,
-849,
386,
1888,
-78,
-165,
1109,
-224,
-5074,
5109,
-249,
-8048,
2596,
5577,
-4866,
-3236,
1028,
-5242,
-6366,
-2832,
-3775,
-287,
5119,
1955,
-2039,
-1233,
-800,
-527,
196,
-71,
179,
54,
-785,
-228,
123,
524,
2181,
903,
-1516,
259,
1163,
-786,
373,
1800,
-23,
-151,
979,
-261,
-5180,
5111,
219,
-7638,
2149,
4812,
-4972,
-2667,
1868,
-4403,
-5784,
-2767,
-4472,
-1459,
4331,
1835,
-1867,
-914,
-484,
-474,
145,
-67,
183,
195,
-549,
-140,
117,
335,
1702,
653,
-1305,
467,
1303,
-617,
276,
1600,
95,
33,
888,
-264,
-5358,
4643,
564,
-7543,
1297,
5315,
-3766,
-3010,
2005,
-3328,
-6506,
-3679,
-3524,
-1258,
3459,
2195,
-1232,
-1124,
-519,
-385,
17,
-59,
134,
215,
-399,
-372,
84,
631,
1249,
280,
-747,
367,
582,
-421,
467,
1059,
46,
359,
817,
-210,
-5215,
4001,
266,
-7150,
1131,
4875,
-3274,
-1759,
3134,
-3319,
-7654,
-3866,
-1818,
-134,
2634,
1370,
-737,
-231,
-224,
-634,
-164,
5,
46,
108,
-144,
-200,
-84,
760,
1714,
208,
-1549,
-249,
841,
199,
563,
673,
-259,
221,
743,
-206,
-4925,
3740,
-503,
-7719,
736,
4314,
-3492,
-1825,
2143,
-4475,
-7479,
-3095,
-1658,
-557,
1542,
14,
-1047,
357,
-27,
-885,
-314,
-29,
62,
135,
-20,
115,
-24,
535,
1962,
805,
-1184,
318,
1636,
354,
291,
772,
-38,
213,
758,
-126,
-4224,
3925,
-837,
-8148,
421,
4331,
-3314,
-2023,
1754,
-4344,
-6749,
-2248,
-1011,
-39,
2058,
277,
-1247,
127,
111,
-642,
-233,
-29,
64,
89,
-232,
-116,
90,
653,
1379,
-65,
-1520,
226,
1337,
145,
265,
683,
-104,
244,
710,
-23,
-3441,
4367,
-1564,
-9225,
230,
4519,
-3480,
-2413,
1126,
-4638,
-5773,
-849,
-539,
-69,
2232,
365,
-1459,
-186,
-52,
-575,
-191,
-73,
77,
-90,
-509,
107,
535,
567,
888,
-512,
-1780,
147,
1138,
-222,
251,
956,
-192,
-114,
621,
12,
-3390,
3081,
-2978,
-9953,
-610,
3213,
-5642,
-4857,
473,
-4320,
-6982,
-2317,
-768,
-831,
584,
-653,
-2053,
-878,
-596,
-1167,
-679,
-143,
54,
5,
-49,
644,
1070,
703,
455,
-46,
-127,
987,
983,
52,
693,
1085,
75,
114,
658,
31,
-3068,
2819,
-2965,
-9081,
370,
3669,
-5580,
-3931,
3101,
-2094,
-6590,
-1189,
1945,
453,
191,
-97,
-665,
-259,
-607,
-1161,
-538,
-6,
-27,
-64,
-41,
228,
424,
294,
-35,
-511,
-79,
1023,
520,
-505,
252,
746,
-98,
-155,
236,
16,
-3174,
2209,
-3411,
-8459,
1086,
3258,
-5729,
-2553,
4364,
-1934,
-5939,
573,
3348,
509,
-458,
-221,
-174,
-196,
-1023,
-1182,
-270,
67,
-32,
-91,
-15,
302,
14,
-323,
150,
72,
-92,
644,
196,
-710,
334,
780,
-422,
-326,
308,
11,
-3250,
1373,
-3374,
-7462,
504,
1812,
-5187,
-1789,
2803,
-3158,
-4961,
1094,
2622,
328,
-468,
-787,
-351,
-22,
-1161,
-1191,
-42,
118,
-8,
-4,
53,
361,
-151,
-465,
485,
282,
-395,
494,
169,
-1021,
234,
1042,
-248,
-108,
623,
37,
-3431,
78,
-3366,
-6424,
-649,
432,
-3676,
-840,
851,
-3990,
-3500,
1095,
992,
26,
267,
-855,
-766,
39,
-1083,
-1284,
-20,
149,
11,
123,
58,
228,
-216,
-599,
479,
731,
-109,
307,
222,
-895,
-180,
797,
122,
125,
642,
46,
-3421,
109,
-3721,
-6822,
-261,
1042,
-3847,
-1164,
1106,
-3888,
-3830,
1153,
1308,
-226,
-245,
-980,
-760,
-41,
-982,
-1075,
28,
116,
32,
137,
-47,
5,
-307,
-418,
635,
809,
210,
639,
118,
-1155,
-249,
736,
23,
113,
598,
53,
-3281,
1268,
-3937,
-7637,
1433,
2550,
-5122,
-1319,
3113,
-3690,
-4643,
2680,
3182,
-768,
-1455,
-950,
-378,
-71,
-817,
-591,
231,
81,
43,
18,
-84,
218,
-533,
-969,
707,
1050,
-132,
378,
224,
-1238,
-361,
866,
120,
127,
544,
41,
-3425,
1132,
-4494,
-7992,
1622,
1787,
-6788,
-2056,
2688,
-5021,
-5369,
3137,
2993,
-1767,
-1956,
-1094,
-696,
-307,
-948,
-808,
45,
17,
72,
61,
-129,
200,
-337,
-606,
1002,
962,
-616,
34,
369,
-866,
6,
1192,
217,
-53,
374,
24,
-3459,
1275,
-4164,
-7125,
2706,
1949,
-7094,
-1694,
2817,
-5621,
-5154,
4128,
3209,
-1802,
-1222,
-439,
-619,
-182,
-811,
-940,
-64,
27,
55,
-14,
-344,
-6,
-214,
-391,
846,
507,
-1060,
-247,
362,
-599,
361,
1436,
250,
-161,
316,
7,
-3552,
1255,
-4075,
-6448,
3780,
2149,
-7770,
-2164,
2499,
-5758,
-4379,
4919,
2726,
-2559,
-1057,
59,
-431,
-214,
-918,
-947,
24,
41,
65,
-58,
-512,
-25,
-247,
-823,
505,
640,
-892,
-14,
902,
-328,
96,
1211,
326,
71,
621,
11,
-3545,
1118,
-4244,
-6273,
4072,
1936,
-8301,
-2740,
1505,
-6804,
-4808,
4404,
1722,
-2902,
-473,
465,
-462,
-212,
-884,
-956,
29,
26,
93,
29,
-451,
99,
-98,
-812,
562,
890,
-664,
112,
957,
-500,
-274,
903,
184,
84,
710,
10,
-3706,
896,
-4154,
-5619,
4689,
1871,
-8590,
-2735,
1467,
-6954,
-4833,
4108,
1081,
-3076,
17,
943,
-302,
-176,
-780,
-749,
172,
34,
113,
103,
-343,
218,
-117,
-872,
733,
1120,
-565,
290,
1102,
-634,
-334,
1130,
288,
-54,
617,
-4,
-3934,
854,
-3667,
-4938,
4742,
1359,
-8685,
-2097,
2245,
-6429,
-4660,
3791,
492,
-3469,
-103,
851,
-528,
-449,
-811,
-478,
412,
76,
122,
180,
-197,
380,
-46,
-826,
832,
1062,
-818,
188,
1240,
-541,
-413,
985,
165,
-143,
568,
-28,
-3958,
967,
-3596,
-5170,
4226,
859,
-8766,
-1530,
3304,
-5642,
-5214,
2019,
-959,
-3992,
-520,
446,
-440,
-320,
-1060,
-715,
370,
80,
102,
16,
-344,
613,
460,
-312,
1253,
1210,
-886,
124,
1098,
-677,
-333,
964,
-67,
-156,
713,
-64,
-4049,
1177,
-3607,
-5356,
4920,
2296,
-8030,
-1672,
3507,
-5025,
-5487,
869,
-1261,
-3011,
170,
70,
-998,
-393,
-844,
-546,
394,
79,
80,
-92,
-331,
713,
287,
-559,
1212,
1085,
-962,
404,
1123,
-1160,
-618,
877,
-374,
-278,
955,
-104,
-4357,
1309,
-3371,
-5682,
4547,
2645,
-7744,
-2350,
2802,
-4731,
-4909,
862,
-1552,
-3144,
95,
-145,
-1343,
-640,
-875,
-596,
202,
-37,
133,
38,
-135,
871,
191,
-918,
787,
791,
-1015,
542,
1332,
-864,
-171,
1388,
-6,
-178,
839,
-166,
-4606,
1771,
-3084,
-6377,
3892,
2983,
-6810,
-1552,
3043,
-4776,
-4302,
2170,
-791,
-3421,
-242,
142,
-886,
-589,
-1144,
-803,
168,
-21,
112,
-96,
-409,
625,
30,
-1278,
116,
192,
-1279,
411,
1211,
-865,
-168,
1198,
-255,
-353,
663,
-184,
-4995,
1618,
-2988,
-6538,
3429,
2969,
-6327,
-1656,
2252,
-4944,
-3561,
2956,
137,
-2031,
661,
-17,
-1328,
-811,
-1252,
-673,
456,
82,
100,
-90,
-472,
571,
-35,
-1489,
121,
684,
-832,
422,
1143,
-733,
26,
1326,
-212,
-380,
633,
-220,
-5459,
1344,
-3076,
-6682,
3170,
2684,
-6450,
-1541,
2462,
-4715,
-3460,
2607,
-511,
-2521,
200,
-661,
-1729,
-763,
-1176,
-751,
415,
95,
92,
-85,
-444,
670,
299,
-915,
627,
906,
-776,
322,
667,
-1449,
-504,
1010,
-535,
-617,
652,
-243,
-5647,
1614,
-2448,
-6445,
2995,
2966,
-5906,
-2045,
1012,
-5553,
-3233,
3194,
245,
-1632,
778,
-300,
-1153,
-239,
-997,
-578,
678,
182,
87,
-73,
-533,
625,
407,
-915,
573,
1035,
-808,
-47,
593,
-1007,
-159,
1070,
-406,
-483,
555,
-258,
-6063,
1386,
-2428,
-6661,
2558,
2889,
-5950,
-2826,
-195,
-6689,
-4311,
2711,
749,
-1076,
749,
-314,
-945,
-284,
-1221,
-593,
788,
205,
105,
14,
-540,
533,
595,
-478,
633,
636,
-1025,
13,
405,
-1511,
-618,
772,
-568,
-452,
684,
-273,
-6313,
1395,
-2169,
-6703,
2498,
3814,
-4626,
-2451,
-163,
-6075,
-3955,
2480,
859,
-696,
829,
-151,
-589,
-226,
-1395,
-724,
681,
167,
103,
3,
-445,
563,
443,
-546,
449,
94,
-1262,
375,
798,
-1098,
-114,
754,
-996,
-461,
1051,
-314,
-6697,
1214,
-2014,
-6810,
1916,
3646,
-4038,
-1871,
215,
-5535,
-3676,
1925,
-90,
-1200,
948,
120,
-484,
-99,
-1156,
-606,
670,
171,
94,
45,
-315,
510,
235,
-497,
647,
-13,
-1528,
308,
704,
-1455,
-321,
985,
-777,
-582,
921,
-331,
-7185,
741,
-2765,
-8016,
818,
3106,
-4084,
-1495,
715,
-5481,
-3968,
1817,
-190,
-1680,
323,
-398,
-879,
-205,
-1068,
-722,
436,
115,
84,
54,
-40,
915,
461,
-310,
1138,
839,
-667,
688,
588,
-1593,
-263,
1097,
-637,
-462,
830,
-333,
-6609,
1211,
-2044,
-6213,
3390,
4732,
-4056,
-1128,
3089,
-2515,
-2560,
2017,
501,
-146,
1509,
-359,
-1071,
504,
-67,
-462,
267,
81,
58,
-85,
-282,
570,
122,
-699,
674,
544,
-819,
645,
986,
-1029,
-206,
929,
-523,
-328,
777,
-104,
-6537,
-1284,
-4341,
-5625,
4201,
3233,
-6666,
-3230,
1828,
-3500,
-4111,
251,
-607,
-977,
496,
-915,
-772,
1030,
-77,
-947,
-27,
93,
12,
-207,
-563,
122,
162,
-223,
598,
85,
-836,
803,
1038,
-801,
-66,
780,
-444,
72,
1017,
-86,
-6505,
-1450,
-4016,
-4875,
4183,
2748,
-6161,
-2310,
1638,
-4109,
-3745,
1015,
-691,
-1878,
-269,
-817,
-111,
1347,
-292,
-1224,
-195,
21,
34,
-238,
-580,
234,
102,
-560,
268,
-224,
-1049,
1006,
1358,
-884,
-325,
662,
-566,
-59,
1009,
-221,
-6406,
105,
-2303,
-4614,
3840,
3118,
-5075,
-969,
3029,
-2370,
-1497,
2793,
-164,
-1709,
393,
-196,
6,
1404,
78,
-794,
-65,
-33,
83,
-163,
-537,
408,
229,
-741,
34,
-259,
-1034,
852,
931,
-1275,
-39,
1470,
-224,
-419,
696,
-298,
-7016,
-31,
-2531,
-5600,
2820,
2606,
-5758,
-2082,
2129,
-3087,
-2847,
742,
-1946,
-2534,
128,
-664,
-776,
760,
-127,
-647,
161,
58,
54,
-207,
-622,
249,
118,
-603,
517,
292,
-923,
537,
751,
-1183,
-78,
1210,
-394,
-378,
802,
-341,
-7297,
310,
-1898,
-5534,
2737,
3209,
-5132,
-2150,
2106,
-2625,
-2188,
1937,
-410,
-1933,
-132,
-531,
-351,
696,
-417,
-725,
167,
48,
62,
-178,
-581,
251,
188,
-266,
907,
411,
-860,
896,
1202,
-1124,
-439,
883,
-495,
-517,
573,
-387,
-7770,
406,
-1657,
-5835,
2309,
3255,
-4896,
-2347,
1522,
-2930,
-1947,
2473,
339,
-1263,
-145,
-970,
-441,
888,
-353,
-714,
205,
45,
89,
32,
-121,
695,
396,
93,
1472,
486,
-1241,
697,
1086,
-1297,
-396,
910,
-663,
-513,
648,
-412,
-7791,
760,
-1365,
-6222,
1710,
3439,
-4086,
-1992,
1335,
-2807,
-1697,
1916,
-685,
-1686,
50,
-695,
-156,
1179,
-186,
-618,
305,
93,
70,
-10,
-199,
497,
83,
-270,
1051,
206,
-1072,
914,
778,
-1583,
-31,
1374,
-504,
-266,
946,
-436,
-8149,
632,
-1471,
-6612,
1398,
3526,
-3925,
-2000,
1315,
-2653,
-1303,
2229,
-837,
-1809,
477,
-292,
-94,
1471,
241,
-618,
102,
45,
60,
-115,
-385,
481,
346,
-199,
868,
258,
-1074,
607,
888,
-1147,
-139,
1005,
-657,
-560,
611,
-497,
-8597,
737,
-1489,
-7570,
161,
2565,
-5024,
-3009,
784,
-3627,
-3149,
751,
-1332,
-2035,
127,
-803,
-852,
823,
-9,
-737,
-15,
11,
77,
12,
-206,
478,
261,
-193,
916,
474,
-664,
875,
958,
-1166,
-450,
519,
-809,
-390,
732,
-538,
-8556,
1415,
-793,
-7685,
-624,
1668,
-5362,
-2267,
2059,
-2800,
-2693,
1484,
-231,
-884,
933,
-601,
-982,
833,
162,
-638,
-25,
-11,
93,
88,
-33,
672,
259,
-357,
911,
614,
-662,
897,
1302,
-720,
-184,
736,
-580,
-352,
559,
-558,
-8803,
1516,
-611,
-7652,
-366,
2330,
-4439,
-1152,
3164,
-1985,
-2196,
1782,
-11,
-694,
1111,
-245,
-423,
1193,
189,
-633,
28,
-10,
106,
115,
-8,
701,
122,
-697,
488,
-51,
-1511,
400,
1245,
-608,
277,
1491,
-249,
-632,
225,
-563,
-8878,
1405,
-832,
-7857,
-504,
2053,
-4902,
-1810,
2385,
-2406,
-2425,
844,
-1323,
-1366,
670,
-1040,
-1003,
1013,
-63,
-918,
-109,
-70,
151,
257,
243,
1134,
451,
-554,
970,
833,
-759,
915,
1691,
-341,
250,
1319,
-176,
-62,
918,
-558,
-8852,
1430,
-750,
-7842,
-668,
1905,
-4891,
-1618,
2963,
-1486,
-1634,
1359,
-896,
-1189,
392,
-1427,
-1095,
1091,
-111,
-1077,
-220,
-99,
151,
168,
-5,
872,
257,
-835,
691,
788,
-820,
579,
1385,
-413,
256,
1412,
27,
53,
938,
-568,
-8840,
1433,
-933,
-8009,
-614,
1900,
-4881,
-1275,
3196,
-1682,
-1738,
1530,
-642,
-530,
1522,
-486,
-603,
1482,
364,
-598,
146,
49,
78,
-36,
-193,
794,
171,
-1019,
480,
517,
-1093,
641,
1738,
-300,
-26,
1069,
-204,
-139,
739,
-595,
-8909,
1692,
-906,
-8154,
-329,
2180,
-4916,
-1293,
2782,
-2455,
-1888,
1377,
-2030,
-2165,
771,
-1016,
-1227,
1290,
438,
-632,
94,
35,
92,
-4,
-198,
918,
437,
-961,
483,
935,
-550,
791,
1619,
-498,
-319,
976,
141,
264,
842,
-606,
-8812,
2049,
-611,
-7734,
316,
2276,
-5089,
-705,
3311,
-3165,
-3119,
507,
-2511,
-2063,
1395,
-516,
-1151,
1110,
235,
-734,
5,
-38,
125,
-22,
-314,
788,
171,
-1110,
860,
1310,
-852,
125,
1155,
-542,
-4,
1152,
-200,
-310,
382,
-613,
-8834,
2041,
-574,
-7663,
249,
1890,
-5651,
-1216,
2790,
-3612,
-3072,
1013,
-2093,
-1835,
1697,
-283,
-1228,
868,
-18,
-973,
-118,
-54,
139,
129,
-42,
1012,
529,
-467,
1332,
1371,
-685,
621,
1453,
-746,
-410,
866,
-288,
-300,
322,
-610,
-8907,
1953,
-655,
-7767,
173,
2018,
-5363,
-1218,
2155,
-4559,
-3640,
1038,
-1941,
-1952,
1475,
-340,
-1142,
970,
34,
-977,
-121,
-38,
123,
68,
-237,
470,
-324,
-1222,
1010,
1380,
-739,
314,
1199,
-655,
-251,
750,
-486,
-294,
416,
-633,
-8958,
2211,
-342,
-7460,
584,
2338,
-4941,
-486,
2788,
-3923,
-2768,
1356,
-2314,
-2105,
1408,
-703,
-1109,
1441,
200,
-1000,
-19,
4,
129,
61,
-372,
443,
-151,
-1109,
992,
1187,
-1088,
120,
1218,
-453,
392,
1461,
-448,
-572,
519,
-634,
-9190,
1901,
-474,
-7366,
708,
2306,
-5380,
-1216,
2534,
-3522,
-2589,
861,
-3208,
-3330,
101,
-1468,
-1399,
1147,
42,
-845,
149,
42,
110,
-18,
-366,
667,
160,
-840,
1105,
1056,
-1262,
-14,
836,
-986,
128,
1341,
-723,
-811,
460,
-637,
-9283,
1874,
-505,
-7412,
1048,
3142,
-4748,
-1034,
2930,
-2867,
-2248,
1108,
-2628,
-2823,
163,
-1597,
-1486,
1105,
50,
-783,
229,
77,
104,
22,
-257,
879,
475,
-699,
1036,
1295,
-659,
365,
967,
-677,
493,
1438,
-758,
-688,
802,
-637,
-9448,
1779,
-570,
-7328,
1346,
3239,
-4956,
-1041,
3100,
-3093,
-2856,
557,
-2952,
-2743,
769,
-938,
-1268,
1144,
250,
-686,
63,
-33,
132,
-4,
-290,
823,
169,
-1147,
717,
1069,
-829,
300,
887,
-814,
348,
1128,
-1253,
-1088,
585,
-631,
-9610,
1734,
-233,
-7049,
973,
2719,
-4885,
-558,
3808,
-2045,
-2003,
695,
-3017,
-2515,
1020,
-865,
-1250,
1138,
222,
-706,
30,
-51,
135,
11,
-192,
859,
-32,
-1189,
1175,
1646,
-353,
893,
1373,
-704,
490,
1539,
-895,
-848,
849,
-636,
-9669,
1683,
-502,
-7569,
305,
1964,
-5347,
-695,
3314,
-2853,
-2401,
596,
-3085,
-2166,
1611,
-713,
-1523,
703,
-339,
-1180,
-190,
-104,
143,
-65,
-360,
733,
-231,
-1453,
1102,
1555,
-504,
1315,
2136,
-542,
431,
2109,
-135,
-444,
1131,
-624,
-9530,
1651,
-557,
-7653,
-196,
1066,
-6081,
-955,
3182,
-3336,
-3123,
132,
-3023,
-1517,
2552,
-265,
-1747,
584,
-81,
-990,
-133,
-57,
116,
-64,
-334,
618,
-285,
-1292,
1226,
1559,
-628,
934,
1737,
-701,
219,
1644,
-657,
-914,
777,
-650,
-9482,
1918,
-543,
-8038,
-525,
665,
-6837,
-1567,
2906,
-3706,
-3349,
440,
-2678,
-1457,
2595,
-357,
-2072,
461,
84,
-837,
-28,
-7,
113,
35,
-251,
572,
-241,
-1270,
1063,
1665,
-144,
1276,
1979,
-286,
525,
1811,
-324,
-618,
829,
-638,
-9346,
1961,
-466,
-7846,
-240,
1100,
-6427,
-1318,
3402,
-2766,
-2424,
1029,
-2400,
-1443,
2568,
-164,
-1685,
894,
398,
-769,
-85,
-32,
128,
126,
-148,
529,
-342,
-1376,
810,
1476,
3,
1440,
1812,
-674,
8,
1216,
-732,
-687,
976,
-640,
-9313,
1941,
-414,
-7651,
120,
1689,
-5979,
-1548,
2840,
-2872,
-2172,
991,
-2874,
-2048,
2211,
-20,
-1253,
1172,
474,
-685,
22,
9,
115,
82,
-306,
244,
-483,
-1262,
699,
885,
-487,
1406,
1788,
-910,
-79,
1480,
-304,
-410,
919,
-653,
-9585,
1731,
-796,
-7783,
687,
2012,
-6476,
-2073,
2409,
-3697,
-3064,
101,
-4290,
-3638,
1219,
-399,
-1298,
1209,
343,
-851,
26,
49,
96,
11,
-443,
230,
-265,
-1060,
707,
621,
-1187,
391,
826,
-1640,
-454,
1483,
-292,
-664,
618,
-675,
-9688,
2011,
-115,
-7151,
862,
1660,
-7140,
-2732,
1872,
-4107,
-3095,
528,
-4052,
-4121,
512,
-580,
-969,
1591,
566,
-718,
137,
102,
69,
-62,
-502,
288,
-68,
-893,
675,
368,
-1528,
246,
945,
-1544,
-406,
1722,
-69,
-764,
432,
-683,
-9601,
2227,
5,
-7131,
781,
1264,
-7389,
-2313,
2147,
-4698,
-3747,
566,
-3692,
-3985,
226,
-1132,
-1348,
1535,
592,
-720,
138,
101,
71,
-47,
-415,
498,
127,
-786,
879,
703,
-1366,
44,
667,
-1515,
-262,
1569,
-331,
-826,
353,
-683,
-9656,
2125,
-201,
-7512,
629,
1877,
-6456,
-1791,
2538,
-4212,
-3759,
180,
-3461,
-3013,
1150,
-754,
-1511,
1139,
364,
-733,
137,
81,
80,
-75,
-574,
197,
-135,
-776,
1163,
1136,
-867,
396,
692,
-1616,
-222,
1688,
-212,
-605,
619,
-692,
-10006,
2128,
178,
-7043,
1069,
2387,
-5720,
-911,
3368,
-3553,
-3669,
-352,
-3576,
-2249,
1735,
-874,
-1745,
983,
207,
-710,
225,
68,
115,
24,
-504,
203,
-217,
-742,
1285,
882,
-1345,
272,
822,
-1393,
214,
2029,
-65,
-222,
1112,
-676,
-10146,
1913,
-36,
-7683,
-1,
1931,
-5565,
-1375,
2592,
-3440,
-3047,
147,
-2941,
-1917,
1216,
-1471,
-1884,
880,
162,
-532,
293,
21,
138,
36,
-306,
670,
70,
-653,
1527,
1185,
-995,
829,
1239,
-1386,
84,
1859,
-362,
-484,
1007,
-698,
-10025,
2196,
-122,
-8214,
-213,
2206,
-5219,
-767,
3529,
-2704,
-2293,
1399,
-1869,
-1451,
1812,
-657,
-1501,
992,
384,
-430,
217,
-4,
115,
-143,
-606,
388,
-217,
-1079,
1216,
1223,
-1103,
397,
1158,
-1176,
-141,
1448,
-410,
-465,
824,
-688,
-10061,
1902,
-291,
-8209,
-430,
1867,
-5534,
-1203,
3245,
-2548,
-2015,
1401,
-2283,
-2016,
1706,
-327,
-1373,
884,
363,
-447,
153,
-20,
124,
-41,
-416,
564,
95,
-747,
1127,
955,
-1058,
554,
1277,
-911,
40,
1303,
-657,
-658,
697,
-669,
-10006,
1893,
-307,
-8203,
-333,
2160,
-5350,
-1484,
2784,
-2782,
-1989,
1673,
-1937,
-1842,
2007,
335,
-899,
824,
121,
-662,
-16,
-50,
102,
-127,
-437,
438,
-202,
-884,
957,
313,
-1749,
321,
1285,
-789,
295,
1322,
-946,
-809,
768,
-656,
-10092,
1966,
-194,
-8205,
-288,
2314,
-5331,
-1570,
2955,
-2403,
-1807,
1611,
-2148,
-2289,
1620,
427,
-753,
500,
-260,
-710,
-6,
-88,
119,
-138,
-371,
636,
-198,
-1040,
1016,
510,
-1538,
640,
1403,
-1040,
262,
1796,
-434,
-555,
854,
-623,
-9990,
2136,
209,
-7746,
226,
3324,
-4404,
-1766,
2391,
-2081,
-1095,
1976,
-1834,
-2036,
1557,
492,
-372,
705,
-281,
-622,
117,
-68,
116,
-230,
-619,
407,
-288,
-981,
1230,
696,
-1565,
450,
918,
-1944,
-439,
1857,
-126,
-524,
888,
-594,
-10252,
1907,
505,
-7684,
-184,
3414,
-4747,
-3182,
1894,
-1948,
-2175,
1460,
-755,
-1938,
368,
-214,
-883,
90,
-459,
-751,
-74,
-53,
80,
-119,
-381,
239,
-355,
-757,
1108,
898,
-845,
392,
644,
-1306,
-43,
1618,
106,
-134,
906,
-592,
-10073,
2111,
930,
-7215,
-184,
3067,
-4925,
-3173,
1892,
-1954,
-2281,
1131,
-1050,
-1965,
215,
-947,
-1809,
-368,
-536,
-834,
-131,
-22,
37,
-276,
-596,
26,
-486,
-885,
985,
1037,
-544,
474,
658,
-1131,
-12,
1483,
262,
250,
1043,
-647,
-9900,
2553,
1219,
-6854,
418,
2989,
-5629,
-3369,
2194,
-1463,
-1544,
1380,
-1401,
-1816,
776,
-671,
-1411,
130,
-537,
-974,
-59,
-8,
72,
-191,
-600,
197,
-300,
-1148,
635,
888,
-825,
293,
969,
-746,
35,
1283,
-60,
-79,
785,
-631,
-9979,
2212,
644,
-7358,
23,
2673,
-5525,
-2981,
2252,
-1711,
-1907,
952,
-1158,
-781,
1348,
-733,
-1080,
673,
-425,
-1012,
-55,
-43,
98,
-194,
-573,
452,
-124,
-1076,
1017,
1329,
-603,
498,
849,
-1323,
-302,
1185,
-442,
-381,
867,
-602,
-10117,
2339,
933,
-7434,
-460,
2406,
-5477,
-3240,
1668,
-2110,
-2337,
111,
-2054,
-1508,
618,
-1280,
-1378,
260,
-875,
-1187,
-97,
-74,
106,
-203,
-394,
863,
58,
-1078,
1195,
1325,
-858,
773,
1633,
-789,
73,
1781,
106,
-55,
1158,
-622,
-10316,
2601,
1171,
-7748,
-436,
3637,
-3865,
-2374,
1829,
-2068,
-1951,
728,
-1885,
-1505,
1631,
397,
-452,
445,
-684,
-1026,
-73,
-59,
97,
-152,
-325,
778,
3,
-1230,
488,
574,
-1056,
449,
868,
-1194,
98,
1645,
-86,
-101,
1019,
-634,
-10558,
2265,
711,
-7945,
-119,
3790,
-4183,
-2306,
2477,
-1732,
-1971,
940,
-1805,
-1995,
1120,
265,
-483,
437,
-565,
-914,
-20,
-8,
46,
-325,
-480,
668,
-63,
-1259,
273,
23,
-1618,
292,
1009,
-1202,
-150,
1509,
12,
-67,
897,
