-683,
-8937,
4220,
1797,
-6489,
1777,
3204,
-5584,
-1225,
2176,
-5803,
-4866,
191,
-3656,
-3424,
1196,
-1057,
-2583,
288,
309,
-320,
495,
137,
118,
44,
-665,
186,
211,
-613,
1047,
1169,
-909,
309,
1064,
-1392,
-726,
1604,
845,
530,
1177,
-676,
-8542,
4739,
1790,
-7006,
1423,
2934,
-6011,
-1221,
2821,
-5290,
-4917,
47,
-3340,
-2703,
1831,
-761,
-2520,
156,
15,
-590,
351,
101,
116,
-28,
-720,
248,
203,
-725,
1022,
1059,
-1304,
-82,
901,
-1473,
-837,
1448,
684,
435,
1044,
-673,
-8330,
5120,
2126,
-7255,
679,
2509,
-5952,
-1049,
3144,
-4886,
-4657,
351,
-3067,
-2729,
1879,
-509,
-2537,
-5,
16,
-687,
187,
96,
78,
-97,
-716,
159,
343,
-67,
1519,
1099,
-1095,
305,
1056,
-1302,
-587,
1298,
198,
134,
989,
-650,
-8165,
5298,
2224,
-7345,
233,
1855,
-6298,
-1030,
3196,
-4725,
-4454,
173,
-3320,
-2536,
2182,
-279,
-2101,
280,
-211,
-1004,
40,
30,
107,
-179,
-966,
212,
682,
-1,
1317,
987,
-1101,
261,
830,
-1732,
-955,
1102,
-14,
-73,
1001,
-637,
-7871,
5517,
2540,
-7154,
-81,
1621,
-5930,
-650,
3276,
-4405,
-3803,
634,
-3347,
-3065,
1378,
-839,
-2138,
445,
-246,
-1178,
-21,
51,
101,
-65,
-624,
557,
738,
-202,
1271,
1277,
-1028,
-237,
475,
-1357,
-444,
1119,
-251,
-189,
971,
-625,
-7580,
5997,
3135,
-6553,
453,
2057,
-5474,
23,
4077,
-3765,
-3315,
1125,
-2882,
-2524,
2118,
-290,
-2148,
235,
-165,
-850,
259,
138,
83,
-55,
-640,
461,
614,
-410,
1038,
1288,
-814,
7,
929,
-769,
-267,
851,
-456,
-174,
1057,
-609,
-7312,
6170,
3018,
-6585,
705,
1984,
-5969,
-61,
4707,
-2856,
-2477,
1649,
-2679,
-2306,
2427,
-35,
-1834,
646,
114,
-772,
246,
115,
104,
30,
-551,
343,
143,
-930,
836,
1392,
-358,
725,
1107,
-1477,
-931,
853,
-264,
-144,
1019,
-559,
-7069,
6305,
3355,
-6251,
346,
1253,
-6425,
-536,
4090,
-3093,
-2475,
1305,
-3304,
-2964,
1763,
-452,
-1805,
840,
173,
-848,
135,
64,
118,
22,
-550,
371,
92,
-946,
978,
1279,
-965,
291,
1355,
-1017,
-733,
905,
-207,
-72,
1112,
-517,
-7001,
6606,
3825,
-6172,
-165,
711,
-6715,
-679,
4174,
-3067,
-2953,
748,
-3416,
-2864,
1877,
-360,
-1972,
540,
90,
-850,
62,
48,
95,
-101,
-696,
230,
26,
-845,
1209,
1607,
-790,
-9,
1009,
-855,
-515,
748,
-245,
292,
1510,
-549,
-7091,
6534,
3667,
-6238,
134,
1238,
-6199,
-322,
4372,
-2723,
-2531,
817,
-3344,
-2336,
2326,
-197,
-1626,
827,
-55,
-1015,
81,
50,
112,
-80,
-736,
136,
-310,
-1346,
938,
1507,
-754,
406,
1352,
-978,
-427,
1214,
-287,
-346,
1036,
-585,
-7321,
6393,
3515,
-6440,
-43,
939,
-6516,
-270,
4486,
-3126,
-3024,
921,
-2950,
-2164,
2410,
-42,
-1505,
968,
167,
-851,
140,
64,
123,
130,
-222,
593,
-153,
-1193,
1204,
1622,
-752,
466,
1285,
-1150,
-258,
1670,
-196,
-800,
574,
-595,
-7366,
6339,
3519,
-6475,
-134,
1097,
-6033,
233,
4954,
-2440,
-2161,
1475,
-3047,
-2686,
1749,
-888,
-2296,
675,
169,
-963,
37,
71,
105,
89,
-304,
585,
195,
-785,
1241,
1629,
-626,
270,
940,
-1260,
-464,
1279,
-336,
-730,
617,
-562,
-7262,
6404,
3812,
-6200,
-271,
1083,
-5714,
53,
4325,
-2618,
-2214,
700,
-4167,
-3409,
1492,
-775,
-1937,
977,
319,
-849,
94,
65,
111,
43,
-458,
419,
2,
-1099,
954,
1536,
-678,
161,
1040,
-791,
69,
1565,
-176,
-464,
867,
-570,
-7394,
6340,
3923,
-6018,
-35,
1579,
-5076,
492,
4656,
-2406,
-2588,
37,
-4183,
-2990,
1487,
-946,
-1710,
1269,
376,
-811,
144,
53,
132,
63,
-498,
418,
26,
-1164,
797,
1305,
-947,
29,
1180,
-570,
27,
1353,
-73,
-51,
1084,
-605,
-7623,
5464,
3100,
-5935,
601,
1848,
-5472,
140,
5197,
-1353,
-2077,
-132,
-4434,
-2827,
2169,
-436,
-2055,
711,
416,
-559,
172,
43,
111,
-44,
-629,
218,
-137,
-1129,
872,
1457,
-502,
388,
1082,
-729,
123,
1439,
-196,
-302,
839,
-561,
-7467,
4277,
2489,
-4975,
1251,
1652,
-6053,
-1044,
4534,
-817,
-2073,
-858,
-4357,
-2541,
1771,
-664,
-2115,
137,
-120,
-651,
157,
32,
98,
-53,
-541,
92,
-386,
-934,
1074,
1270,
-236,
1038,
941,
-1427,
-202,
1281,
-449,
-336,
978,
-517,
-7688,
3030,
1619,
-4468,
1885,
1593,
-6365,
-1318,
4537,
-534,
-2069,
-1076,
-4174,
-2075,
2049,
-475,
-1681,
751,
247,
-634,
169,
92,
72,
-26,
-530,
-23,
-326,
-903,
413,
170,
-996,
862,
1226,
-1049,
-93,
1264,
-497,
-607,
677,
-462,
-7644,
2461,
1399,
-3846,
2570,
2164,
-6054,
-1870,
3754,
-742,
-2337,
-1531,
-4045,
-1799,
1724,
-839,
-1587,
877,
156,
-733,
160,
99,
78,
40,
-396,
220,
69,
-616,
443,
340,
-630,
904,
1102,
-690,
565,
1570,
-671,
-972,
457,
-470,
-7854,
1947,
1055,
-4030,
1805,
1022,
-6668,
-2185,
3142,
-952,
-1460,
-476,
-3841,
-2105,
1518,
-1007,
-1778,
797,
103,
-841,
66,
43,
124,
147,
-472,
-4,
-66,
-662,
510,
413,
-998,
374,
1254,
-192,
581,
1519,
-263,
-608,
449,
-463,
-7991,
1531,
662,
-4189,
1621,
766,
-6882,
-2689,
2266,
-1466,
-1203,
35,
-3615,
-2219,
1278,
-1071,
-1565,
1131,
414,
-667,
89,
51,
92,
-9,
-620,
-160,
-330,
-817,
475,
227,
-1174,
274,
787,
-900,
235,
1488,
-265,
-546,
502,
-462,
-8064,
1649,
671,
-4232,
2028,
1490,
-6387,
-2708,
1807,
-1694,
-833,
81,
-4231,
-2266,
1988,
-908,
-2058,
902,
483,
-627,
144,
79,
108,
133,
-496,
-130,
-239,
-720,
573,
502,
-852,
520,
1095,
-800,
-195,
1070,
-97,
-127,
737,
-476,
-8411,
1359,
618,
-3979,
2556,
2036,
-6005,
-2258,
2274,
-1863,
-1574,
-273,
-4058,
-2250,
1780,
-1038,
-2163,
826,
505,
-651,
69,
63,
110,
218,
-253,
83,
-175,
-728,
605,
802,
-283,
879,
1074,
-790,
-67,
952,
-485,
-441,
640,
-517,
-8884,
1097,
454,
-4234,
2235,
1670,
-6026,
-1756,
2452,
-2208,
-1181,
1038,
-3267,
-2265,
2069,
-231,
-1623,
769,
128,
-1046,
-151,
42,
70,
7,
-414,
72,
-404,
-1190,
452,
1036,
77,
1511,
1746,
-849,
-669,
733,
-254,
-221,
787,
-542,
-8779,
1580,
515,
-4525,
2347,
1699,
-6074,
-957,
3269,
-2344,
-1150,
1486,
-3640,
-3059,
1869,
-374,
-2052,
650,
340,
-868,
-30,
108,
32,
-138,
-587,
167,
-80,
-1186,
144,
924,
-37,
981,
1285,
-724,
-386,
724,
-315,
-181,
741,
-534,
-8867,
1510,
338,
-4829,
1998,
1094,
-7052,
-1795,
3029,
-2405,
-1634,
878,
-3687,
-2730,
1943,
-398,
-1765,
913,
307,
-835,
133,
135,
67,
-12,
-517,
430,
439,
-957,
84,
1068,
111,
893,
1373,
-471,
-405,
595,
-374,
-441,
428,
-544,
-8813,
1749,
534,
-4609,
2277,
999,
-7188,
-1138,
4119,
-1564,
-833,
1675,
-3298,
-2768,
1634,
-766,
-1838,
1067,
368,
-816,
201,
169,
56,
-8,
-431,
497,
316,
-947,
448,
1171,
-179,
997,
1850,
-191,
-29,
1239,
-26,
-396,
611,
-581,
-9035,
2035,
748,
-4780,
2300,
1159,
-7153,
-771,
4893,
-811,
-160,
2087,
-3453,
-3131,
1476,
-810,
-1813,
1118,
209,
-1121,
38,
151,
51,
-51,
-563,
296,
173,
-997,
347,
990,
-259,
915,
1416,
-854,
-559,
813,
-314,
-374,
643,
-606,
-9002,
2438,
1001,
-4658,
3202,
2695,
-6123,
-611,
4515,
-1416,
-600,
1983,
-3462,
-3083,
1742,
-611,
-2052,
766,
252,
-874,
110,
139,
43,
-120,
-591,
191,
-169,
-1146,
619,
1250,
-71,
1157,
1419,
-787,
239,
1846,
177,
-173,
819,
-631,
-8989,
2791,
1595,
-4369,
3057,
2569,
-6310,
-1624,
2519,
-3568,
-1996,
1664,
-3199,
-3099,
1320,
-797,
-1765,
1216,
759,
-333,
426,
179,
62,
-50,
-556,
334,
186,
-947,
296,
788,
10,
1671,
1668,
-953,
59,
1772,
63,
-257,
893,
-656,
-9122,
3253,
1938,
-4682,
2525,
2035,
-6514,
-1167,
2690,
-4475,
-3160,
962,
-3570,
-3227,
1073,
-1598,
-2691,
725,
613,
-345,
435,
155,
89,
26,
-423,
610,
389,
-958,
407,
1120,
252,
1776,
1795,
-700,
528,
2327,
456,
-30,
1023,
-658,
-8976,
3715,
2196,
-4969,
2294,
1994,
-7158,
-2245,
2277,
-4311,
-3287,
549,
-3998,
-3696,
983,
-991,
-2041,
762,
298,
-499,
482,
185,
95,
71,
-498,
436,
538,
-337,
1113,
1438,
58,
1617,
2263,
-115,
421,
1804,
39,
-430,
699,
-652,
-8888,
4262,
2862,
-4382,
3137,
2826,
-6863,
-1983,
3100,
-3442,
-2903,
735,
-3781,
-3550,
1202,
-552,
-1638,
946,
434,
-324,
588,
212,
72,
-86,
-816,
-24,
-121,
-1007,
850,
1425,
-402,
650,
1465,
-512,
58,
1384,
-231,
-578,
555,
-610,
-9015,
4130,
2729,
-4202,
3619,
2906,
-7235,
-2203,
2822,
-4262,
-4119,
-784,
-5277,
-4150,
1379,
-595,
-1852,
1122,
686,
-353,
504,
204,
67,
-96,
-798,
53,
-146,
-1299,
494,
1107,
-830,
419,
1752,
-100,
292,
1578,
-208,
-814,
384,
-606,
-9079,
4348,
3004,
-4246,
3557,
3248,
-6926,
-2546,
2075,
-4733,
-4037,
-347,
-4749,
-3521,
2046,
-360,
-2153,
849,
668,
-361,
514,
264,
20,
-156,
-712,
235,
127,
-1043,
512,
991,
-924,
277,
1733,
176,
515,
1542,
-173,
-582,
555,
-623,
-9128,
3847,
2489,
-4437,
3210,
2798,
-6695,
-1825,
2361,
-4872,
-4058,
-150,
-4282,
-2843,
2403,
-445,
-2093,
1260,
1064,
-152,
617,
297,
7,
-206,
-843,
80,
211,
-616,
845,
908,
-970,
515,
1641,
-461,
-76,
1202,
-443,
-621,
776,
-599,
-8973,
3442,
2339,
-4218,
2841,
2173,
-7012,
-2484,
1238,
-5949,
-4999,
-533,
-3944,
-2778,
1850,
-884,
-2350,
891,
727,
-481,
259,
155,
45,
-187,
-878,
54,
477,
-66,
1128,
1009,
-428,
1264,
2056,
-291,
-36,
1264,
50,
57,
1012,
-577,
-8698,
2911,
1829,
-4037,
2905,
2030,
-6463,
-1233,
2413,
-5515,
-5459,
-1089,
-3858,
-2578,
1686,
-804,
-1739,
1411,
791,
-600,
217,
159,
55,
-72,
-768,
-166,
27,
-257,
1330,
1351,
-214,
1097,
1508,
-720,
67,
1602,
98,
-102,
1062,
-558,
-8664,
2590,
1630,
-4008,
2648,
1715,
-6416,
-1053,
2756,
-4962,
-5245,
-1072,
-3277,
-1797,
1957,
-638,
-1301,
1727,
903,
-419,
382,
188,
53,
-130,
-948,
-390,
-170,
-338,
1416,
1330,
-564,
712,
1291,
-1082,
-502,
1200,
-99,
-308,
921,
-555,
-8756,
2586,
1843,
-3592,
3119,
2017,
-6317,
-797,
3266,
-4744,
-5493,
-1266,
-3297,
-1957,
1669,
-944,
-1587,
1648,
997,
-438,
254,
123,
90,
6,
-750,
-96,
244,
-131,
1190,
1015,
-643,
918,
1771,
-657,
-430,
1235,
123,
-172,
920,
-553,
-9110,
2173,
1513,
-3997,
2475,
1329,
-6897,
-1138,
3623,
-3800,
-4870,
-1020,
-2791,
-1672,
1129,
-1480,
-1538,
1621,
666,
-655,
162,
69,
109,
7,
-623,
222,
261,
-556,
808,
926,
-364,
1521,
2156,
-672,
-247,
1720,
404,
-136,
928,
-581,
-9309,
2159,
1314,
-4056,
3123,
2165,
-6087,
-156,
4095,
-3775,
-4198,
-114,
-2605,
-1655,
1451,
-1200,
-1253,
2014,
965,
-425,
332,
107,
99,
-82,
-758,
210,
225,
-690,
864,
1247,
105,
1978,
2352,
-583,
-41,
1698,
123,
-250,
812,
-625,
-9602,
2288,
1252,
-4371,
3277,
2530,
-5925,
-200,
3405,
-4558,
-3761,
654,
-3075,
-2575,
1091,
-1439,
-1507,
1840,
510,
-938,
216,
144,
89,
-103,
-914,
71,
305,
-659,
726,
1192,
135,
1832,
1863,
-1246,
-451,
1644,
193,
-48,
1163,
-642,
-9780,
2422,
1315,
-4622,
2917,
1848,
-6930,
-905,
3049,
-4849,
-3686,
1034,
-2881,
-2273,
1718,
-1228,
-1906,
1568,
567,
-888,
211,
151,
79,
-148,
-966,
159,
545,
-551,
620,
1034,
-41,
1759,
1904,
-1570,
-1172,
1245,
194,
-259,
757,
-677,
-10020,
2823,
2135,
-4304,
2734,
1802,
-6816,
-645,
3427,
-4983,
-3971,
1775,
-1862,
-2240,
1549,
-1069,
-2170,
1201,
754,
-690,
124,
101,
97,
0,
-686,
362,
732,
-539,
141,
423,
-498,
1485,
2303,
-872,
-1336,
741,
422,
36,
528,
-689,
-9656,
3469,
2667,
-3913,
3444,
2533,
-6919,
-1416,
2957,
-5030,
-4328,
977,
-2459,
-2382,
1596,
-911,
-1925,
1336,
790,
-619,
183,
115,
91,
21,
-532,
479,
637,
-341,
883,
862,
-874,
850,
1852,
-955,
-813,
1443,
583,
-192,
423,
-638,
-9074,
3962,
2752,
-4336,
2470,
876,
-9269,
-3898,
1241,
-5774,
-4760,
390,
-3067,
-2807,
1472,
-787,
-1990,
903,
521,
-462,
335,
105,
104,
-100,
-852,
303,
672,
-281,
1049,
1093,
-914,
607,
1877,
-589,
-585,
1183,
124,
-317,
632,
-635,
-8872,
4209,
2974,
-4176,
2767,
1297,
-9254,
-4089,
1720,
-5063,
-4786,
221,
-2658,
-2261,
2079,
-14,
-1809,
435,
404,
-165,
413,
46,
128,
-123,
-893,
256,
383,
-932,
196,
329,
-1508,
-69,
1147,
-982,
-697,
935,
-236,
-504,
623,
-668,
-8822,
4306,
3244,
-3816,
3025,
1748,
-7992,
-2098,
3400,
-4327,
-4201,
1404,
-1689,
-2293,
1793,
96,
-1777,
192,
217,
-322,
255,
27,
101,
-170,
-790,
265,
210,
-872,
438,
432,
-1246,
511,
1519,
-1043,
-862,
875,
-202,
-468,
558,
-485,
-7812,
4368,
3532,
-1888,
4463,
525,
-9784,
-2232,
3318,
-5737,
-5544,
766,
-2438,
-2775,
2188,
433,
-2129,
-23,
615,
89,
313,
-5,
104,
-194,
-680,
542,
297,
-1064,
387,
670,
-1197,
93,
1196,
-753,
-495,
734,
-341,
-182,
735,
-350,
-7079,
3848,
3318,
-347,
5487,
-713,
-11240,
-2251,
3635,
-5577,
-4676,
1647,
-2940,
-3793,
2082,
477,
-2910,
-822,
495,
170,
290,
-9,
95,
-186,
-642,
379,
-118,
-1376,
416,
694,
-1564,
-257,
1370,
-464,
-450,
911,
-111,
-375,
374,
-213,
-6114,
2590,
1766,
-356,
5073,
-1859,
-11271,
-2029,
2586,
-6645,
-4688,
1733,
-3381,
-4227,
2096,
802,
-2626,
-772,
296,
-152,
100,
-25,
89,
-138,
-544,
337,
-175,
-1263,
427,
404,
-1909,
-380,
1446,
-479,
-688,
686,
-224,
-503,
322,
-147,
-5875,
2003,
1586,
277,
4720,
-3563,
-12900,
-2847,
2942,
-5294,
-3868,
1441,
-3660,
-4284,
1730,
663,
-2198,
-468,
286,
-76,
238,
11,
85,
-138,
-522,
357,
-218,
-1259,
535,
332,
-2300,
-786,
1230,
-668,
-937,
484,
-382,
-638,
337,
-118,
-5377,
1484,
994,
141,
4387,
-3292,
-11876,
-2986,
2030,
-4809,
-2874,
1347,
-3675,
-3607,
1880,
457,
-1770,
71,
294,
-170,
287,
18,
112,
-32,
-451,
368,
-298,
-1463,
410,
432,
-2252,
-1161,
439,
-1474,
-1349,
450,
-317,
-474,
706,
-72,
-4903,
947,
-154,
-517,
4474,
-2539,
-10847,
-2596,
1791,
-4640,
-2236,
1624,
-3731,
-3506,
1964,
351,
-1742,
208,
139,
-546,
43,
-55,
153,
103,
-283,
706,
239,
-1176,
354,
538,
-2071,
-1441,
-61,
-1638,
-1249,
589,
-110,
-221,
960,
-19,
-4290,
616,
-976,
-1038,
4195,
-2423,
-10346,
-2327,
1857,
-4259,
-1502,
2552,
-2866,
-2998,
2275,
649,
-1543,
402,
309,
-594,
-59,
-68,
165,
229,
-192,
602,
249,
-1139,
141,
530,
-1941,
-1933,
-708,
-1633,
-1100,
485,
-179,
-421,
567,
-3,
-3930,
434,
-1514,
-1767,
3312,
-2794,
-10299,
-2882,
1028,
-4299,
-1076,
2808,
-2577,
-2664,
2343,
569,
-1494,
582,
448,
-574,
-40,
-29,
143,
213,
-233,
490,
289,
-1060,
-51,
517,
-1469,
-1581,
-582,
-1378,
-1185,
-151,
-626,
-555,
300,
-9,
-3811,
461,
-1485,
-1700,
3523,
-2100,
-9450,
-2682,
829,
-4157,
-869,
2758,
-2490,
-2550,
2143,
528,
-1189,
634,
220,
-635,
11,
-16,
123,
41,
-464,
454,
421,
-861,
196,
838,
-867,
-790,
-117,
-1211,
-940,
-72,
-970,
-984,
1,
-11,
-3834,
209,
-1841,
-2244,
2896,
-2202,
-9187,
-2684,
879,
-3854,
-853,
2658,
-2333,
-2678,
1582,
120,
-1441,
319,
35,
-676,
-11,
0,
96,
-2,
-397,
513,
487,
-624,
386,
895,
-643,
-546,
-201,
-1400,
-990,
-139,
-1126,
-1180,
-213,
-13,
-3879,
149,
-2360,
-3001,
2506,
-2495,
-9636,
-2908,
846,
-3872,
-597,
3037,
-2307,
-2962,
1269,
-60,
-1479,
168,
-296,
-907,
-82,
-24,
107,
14,
-299,
709,
568,
-527,
716,
1055,
-803,
-567,
-138,
-1551,
-1141,
-299,
-1514,
-1510,
-293,
-14,
-3926,
148,
-2766,
-3784,
2181,
-2235,
-9617,
-3284,
756,
-3542,
-351,
3071,
-2264,
-3006,
982,
-313,
-1419,
352,
-261,
-991,
-138,
-24,
93,
-52,
-367,
662,
501,
-652,
533,
968,
-622,
-356,
-257,
-1822,
-1272,
-434,
-1748,
-1686,
-443,
-5,
-3650,
360,
-2309,
-3352,
2347,
-1597,
-8604,
-2760,
1223,
-2631,
507,
3947,
-1209,
-2356,
1390,
366,
-926,
466,
-68,
-791,
-112,
-13,
69,
-105,
-404,
536,
432,
-639,
271,
637,
-589,
-289,
-402,
-1867,
-1191,
-346,
-1550,
-1478,
-369,
-5,
-3723,
339,
-2687,
-4109,
1946,
-1627,
-9125,
-3665,
763,
-2862,
-26,
3412,
-1691,
-3100,
783,
215,
-1143,
38,
-270,
-798,
-169,
-48,
71,
-119,
-358,
600,
474,
-483,
488,
697,
-579,
-49,
-27,
-1729,
-1328,
-388,
-1373,
-1369,
-443,
-6,
-3761,
284,
-2963,
-4591,
1563,
-1958,
-9524,
-3782,
793,
-3398,
-781,
3243,
-1788,
-3607,
566,
362,
-1315,
-265,
-292,
-775,
-217,
-61,
78,
-64,
-365,
462,
464,
-441,
325,
663,
-372,
-65,
-169,
-1648,
-1265,
-465,
-1357,
-1342,
-543,
-1,
-3631,
366,
-2677,
-4156,
1901,
-1527,
-8970,
-3316,
1368,
-2679,
-212,
3811,
-1144,
-3276,
671,
606,
-1069,
-95,
-55,
-613,
-205,
-55,
61,
-93,
-335,
424,
364,
-449,
354,
709,
-240,
-11,
-275,
-1679,
-1146,
-367,
-1351,
-1347,
-486,
1,
-3749,
146,
-2901,
-4277,
1726,
-1815,
-9023,
-3085,
1568,
-2325,
469,
4300,
-944,
-2853,
1157,
732,
-1059,
-46,
-168,
-765,
-221,
-47,
69,
-44,
-255,
554,
394,
-609,
241,
600,
-670,
-544,
-591,
-2074,
-1747,
-768,
-1469,
-1434,
-504,
6,
-3842,
-183,
-3147,
-4429,
1174,
-2720,
-9858,
-3959,
418,
-3532,
-554,
3403,
-1829,
-3724,
329,
-56,
-1745,
-520,
-452,
-939,
-292,
-58,
82,
53,
-103,
702,
574,
-421,
440,
919,
-326,
-287,
-200,
-1492,
-1241,
-311,
-893,
-934,
-272,
7,
-3577,
97,
-2743,
-4109,
1453,
-1803,
-8586,
-3343,
621,
-3073,
-33,
3982,
-1067,
-3318,
312,
103,
-1450,
-382,
-301,
-751,
-217,
-35,
54,
-58,
-226,
556,
440,
-509,
260,
744,
-302,
-353,
-515,
-1696,
-1329,
-511,
-906,
-585,
1,
8,
-3532,
159,
-2810,
-4247,
1530,
-1519,
-8322,
-3107,
852,
-2912,
129,
4061,
-1257,
-3415,
607,
255,
-1686,
-468,
-174,
-794,
-310,
-25,
35,
-71,
-273,
353,
319,
-556,
-99,
301,
-447,
-590,
-1071,
-2123,
-1547,
-785,
-1059,
-453,
155,
9,
-3738,
-127,
-3057,
-4477,
1171,
-1995,
-8846,
-3673,
492,
-2890,
27,
3405,
-2027,
-3933,
127,
-156,
-1874,
-688,
-457,
-867,
-289,
-63,
71,
-35,
-277,
572,
634,
-520,
-209,
191,
-754,
-948,
-1120,
-2002,
-1529,
-798,
-979,
-251,
476,
-10,
-3542,
685,
-2485,
-4391,
1798,
-891,
-8249,
-3588,
515,
-2802,
241,
3513,
-2330,
-4404,
-165,
-166,
-1544,
-196,
-129,
-731,
-233,
-44,
53,
-145,
-394,
556,
541,
-712,
-249,
225,
-761,
-825,
-1009,
-2060,
-1384,
-428,
-845,
-231,
742,
-46,
-3596,
1347,
-2106,
-4947,
1508,
-149,
-7217,
-3042,
540,
-2916,
169,
3389,
-2292,
-4211,
-478,
-830,
-1598,
226,
49,
-702,
-156,
-29,
54,
-242,
-633,
463,
478,
-1097,
-665,
115,
-835,
-1118,
-1363,
-2122,
-1019,
18,
-637,
-128,
861,
-114,
-4120,
1468,
-1688,
-5012,
1234,
-224,
-7451,
-3396,
681,
-2572,
-99,
2866,
-2246,
-3975,
-831,
-1615,
-2348,
-369,
-247,
-649,
-54,
-31,
75,
-181,
-588,
442,
281,
-1368,
-803,
-39,
-1139,
-1219,
-1023,
-1659,
-744,
186,
-397,
161,
1043,
-175,
-4542,
1671,
-1067,
-4559,
1584,
218,
-7023,
-3045,
1105,
-1924,
511,
3022,
-2366,
-4032,
-957,
-1714,
-2111,
-143,
-348,
-719,
24,
-16,
86,
-209,
-735,
388,
255,
-1557,
-816,
251,
-919,
-979,
-532,
-1339,
-861,
-26,
-517,
52,
969,
-206,
-5106,
1078,
-1269,
-4702,
1284,
517,
-6292,
-3036,
837,
-1559,
582,
2329,
-2599,
-3772,
-1315,
-2331,
-2128,
80,
-313,
-709,
39,
-34,
104,
-146,
-582,
539,
167,
-1745,
-867,
215,
-881,
-645,
-190,
-1234,
-643,
456,
-159,
18,
628,
-219,
-5464,
690,
-1005,
-4579,
561,
392,
-5735,
-3590,
-251,
-1737,
693,
2692,
-1267,
-2520,
-849,
-1768,
-1495,
281,
-74,
-331,
182,
-1,
55,
-286,
-472,
817,
389,
-1300,
-203,
757,
-487,
-481,
-338,
-1353,
-577,
508,
-143,
-5,
481,
-216,
-5938,
10,
-643,
-4446,
-948,
-211,
-4689,
-3708,
-978,
-1059,
1118,
1937,
-1581,
-2266,
-492,
-944,
-924,
-9,
-387,
-347,
120,
-36,
47,
-319,
-425,
898,
622,
-817,
261,
1182,
-23,
-121,
105,
-891,
-719,
-57,
-382,
113,
769,
-135,
-6200,
-787,
-214,
-3599,
-1595,
-81,
-2530,
-2226,
-328,
153,
1453,
1335,
-1055,
-1186,
-155,
-657,
-545,
-119,
-689,
-544,
-2,
-47,
35,
-314,
-489,
525,
415,
-639,
11,
602,
51,
416,
460,
-564,
-299,
176,
-561,
-382,
414,
-40,
-6334,
-1287,
367,
-2643,
-2129,
-713,
-2359,
-3028,
-1422,
637,
2298,
1641,
-405,
-881,
-897,
-1221,
-522,
-231,
-867,
-558,
-18,
-69,
47,
-288,
-648,
20,
194,
-227,
116,
-36,
-726,
-466,
-546,
-1124,
-549,
-226,
-772,
-225,
557,
-15,
-6614,
-1487,
1020,
-1796,
-2034,
-527,
-1916,
-3484,
-2428,
75,
2116,
1781,
-311,
-1476,
-1419,
-880,
-47,
-18,
-621,
-476,
-115,
-85,
41,
-197,
-376,
290,
438,
-246,
-250,
-35,
-438,
-741,
-901,
-1008,
-751,
-763,
-887,
-206,
425,
-13,
-6709,
-1546,
1251,
-1483,
-2264,
-1213,
-2192,
-3070,
-1974,
236,
2398,
2196,
-391,
-2054,
-1842,
-1052,
-242,
-89,
-493,
-441,
-201,
-101,
15,
-311,
-367,
532,
671,
-148,
-20,
391,
-135,
-478,
-367,
-521,
-569,
-505,
-602,
-337,
167,
-3,
-6985,
-1912,
1049,
-1582,
-2530,
-1390,
-1961,
-2883,
-2257,
-129,
2225,
1930,
-618,
-1755,
-1288,
-998,
-726,
-490,
-519,
-333,
-168,
-105,
17,
-294,
-359,
328,
235,
-286,
412,
866,
112,
-77,
142,
-354,
-624,
-432,
-440,
-145,
395,
8,
-7309,
-2073,
1253,
-1303,
-2279,
-830,
-1292,
-2623,
-2316,
-485,
1401,
1377,
-108,
-719,
-503,
-499,
-526,
-703,
-883,
-507,
-126,
-46,
-4,
-237,
-192,
381,
243,
-106,
559,
777,
-41,
-291,
-309,
-865,
-895,
-440,
-266,
174,
789,
14,
-7103,
-1610,
1728,
-911,
-1864,
-562,
-1113,
-1954,
-1092,
544,
1739,
1244,
-407,
-1150,
-833,
-183,
414,
128,
-481,
-272,
1,
-48,
16,
-222,
-243,
377,
200,
-438,
-82,
129,
-177,
125,
-130,
-1252,
-1148,
-313,
-278,
-57,
551,
8,
-7569,
-1715,
1904,
-932,
-1997,
-615,
-1419,
-2564,
-1711,
-299,
728,
788,
-459,
-1500,
-1116,
-66,
230,
-504,
-914,
-434,
-120,
-83,
12,
-224,
-133,
509,
319,
-261,
-89,
-166,
-358,
311,
293,
-720,
-641,
-34,
-357,
-417,
232,
-2,
-7512,
-1462,
1976,
-1017,
-1641,
90,
-973,
-2329,
-1299,
192,
987,
988,
119,
-875,
-1348,
-1027,
-365,
-418,
-689,
-312,
-45,
-59,
3,
-275,
-196,
526,
280,
-424,
-86,
-38,
-545,
-36,
362,
-262,
-208,
290,
-89,
-317,
138,
-7,
-7623,
-1577,
2000,
-692,
-1069,
605,
-721,
-2206,
-987,
925,
1980,
1655,
123,
-1119,
-1344,
-877,
-312,
-381,
-582,
-225,
-11,
-45,
-7,
-315,
-311,
300,
74,
-449,
-1,
19,
-436,
177,
418,
-591,
-702,
-27,
-236,
-461,
37,
1,
-7535,
-1359,
2322,
-562,
-1240,
540,
-459,
-1975,
-1013,
849,
2051,
1885,
417,
-813,
-867,
-177,
276,
-139,
-527,
-218,
-52,
-74,
6,
-274,
-222,
352,
21,
-430,
212,
257,
-293,
320,
582,
-529,
-736,
27,
-77,
-432,
-108,
6,
-7774,
-1450,
2281,
-793,
-1575,
312,
-586,
-2064,
-1023,
931,
2166,
1950,
308,
-1084,
-1030,
-105,
359,
-141,
-468,
-126,
-32,
-79,
3,
-289,
-227,
340,
61,
-330,
127,
30,
-342,
273,
472,
-126,
-29,
79,
-454,
-391,
106,
-3,
-7949,
-1476,
2435,
-757,
-1772,
268,
-244,
-1806,
-1324,
480,
2310,
2515,
483,
-1343,
-1064,
235,
679,
-14,
-430,
-77,
23,
-65,
6,
-273,
-237,
362,
134,
-261,
318,
273,
-346,
347,
968,
135,
-297,
24,
-261,
-550,
-130,
-7,
-7822,
-1241,
2747,
-550,
-1764,
349,
149,
-1390,
-1353,
-75,
1420,
1584,
-47,
-1418,
-1348,
-579,
-19,
-171,
-433,
-166,
-5,
-50,
-2,
-316,
-318,
502,
521,
-214,
28,
396,
-14,
51,
323,
-100,
-148,
290,
-15,
-568,
-358,
7,
-8530,
-2019,
2313,
-752,
-2225,
-435,
-764,
-2396,
-1930,
505,
2721,
2725,
1133,
-21,
-541,
-591,
-101,
-88,
-434,
-168,
47,
-49,
15,
-303,
-426,
432,
658,
-46,
-94,
-170,
-784,
-435,
324,
135,
-31,
242,
110,
-138,
-46,
-5,
-8403,
-1709,
2602,
-379,
-1437,
348,
-737,
-3023,
-2645,
-211,
1839,
1843,
581,
-239,
-723,
-869,
-313,
-169,
-577,
-436,
-128,
-59,
-1,
-313,
-402,
301,
521,
178,
351,
352,
-170,
-401,
-497,
-315,
397,
434,
-201,
-208,
12,
-13,
-8620,
-1985,
2252,
-428,
-1071,
510,
-789,
-2645,
-1978,
276,
2196,
2103,
729,
-125,
-824,
-1163,
-470,
-268,
-659,
-234,
122,
-45,
36,
-304,
-587,
246,
528,
-67,
305,
830,
402,
48,
-170,
-228,
426,
467,
-420,
-451,
25,
-72,
-8949,
-1679,
2270,
-646,
-847,
124,
-1585,
-2264,
-1437,
-145,
2153,
2462,
394,
-380,
-570,
-1216,
-560,
52,
-369,
-35,
322,
-4,
47,
-300,
-606,
372,
468,
-440,
137,
664,
-44,
-75,
-164,
-772,
40,
778,
-196,
-540,
119,
-263,
-8152,
338,
2751,
-1507,
-276,
467,
-2688,
-2105,
-1050,
-2265,
91,
2268,
-177,
-1081,
137,
-544,
-656,
341,
73,
-24,
337,
57,
44,
-203,
-693,
8,
269,
-421,
139,
643,
-34,
31,
24,
-629,
193,
1042,
71,
-361,
196,
-311,
-8243,
1087,
3060,
-2317,
-713,
642,
-3286,
-3412,
-2138,
-3052,
-227,
2665,
400,
-738,
281,
-745,
-933,
593,
597,
198,
354,
66,
52,
-86,
-549,
6,
193,
-579,
-49,
765,
248,
-97,
-382,
-809,
238,
1198,
345,
-159,
245,
-325,
-8629,
1064,
2935,
-2920,
-1292,
493,
-2925,
-2701,
-1741,
-3320,
-732,
2316,
377,
-418,
602,
-507,
-548,
798,
314,
-118,
318,
99,
34,
-111,
-407,
380,
375,
-733,
-62,
840,
57,
-159,
-125,
-812,
-70,
1121,
500,
-98,
161,
-344,
-9265,
1271,
3354,
-3229,
-1577,
967,
-2302,
-2109,
-402,
-1408,
340,
1900,
-537,
-672,
981,
-101,
-287,
927,
165,
-420,
194,
121,
11,
-115,
-308,
567,
682,
-395,
162,
1103,
462,
24,
-351,
-1090,
-265,
740,
23,
-290,
242,
