-976,
-11653,
4624,
2371,
-7592,
1396,
2184,
-7830,
-1333,
3360,
-5314,
-3077,
2232,
-4053,
-4025,
1775,
-1078,
-2582,
989,
99,
-1297,
37,
72,
140,
38,
-567,
750,
525,
-891,
1179,
1476,
-1003,
739,
1928,
-937,
-259,
1643,
-470,
-926,
635,
-978,
-11711,
4613,
2429,
-7581,
1409,
2502,
-7270,
-1126,
2921,
-5892,
-3069,
2950,
-3180,
-3502,
1955,
-1091,
-2780,
720,
-12,
-1231,
100,
64,
165,
123,
-522,
739,
435,
-1208,
703,
1145,
-1204,
454,
1678,
-1049,
-527,
1090,
-918,
-929,
898,
-974,
-11638,
4556,
2231,
-7512,
1939,
3134,
-6680,
-556,
3089,
-6166,
-3188,
3156,
-2942,
-3235,
2330,
-752,
-2631,
610,
-265,
-1373,
102,
76,
164,
132,
-492,
814,
576,
-943,
949,
966,
-1729,
226,
1856,
-993,
-655,
1278,
-317,
-423,
959,
-965,
-11639,
4416,
2066,
-7943,
1269,
2991,
-6402,
-675,
2945,
-5846,
-3097,
2858,
-2973,
-3160,
2047,
-1161,
-2947,
366,
-316,
-1240,
242,
148,
109,
-72,
-730,
597,
276,
-1477,
249,
469,
-1942,
-216,
956,
-1749,
-748,
1470,
-477,
-877,
689,
-955,
-11503,
4428,
2175,
-7567,
1696,
3255,
-6368,
-730,
3179,
-5355,
-2930,
2505,
-3558,
-3941,
1060,
-1972,
-3249,
490,
-42,
-1041,
303,
140,
135,
106,
-413,
877,
491,
-1157,
714,
983,
-1456,
183,
1329,
-1312,
-455,
1388,
-733,
-994,
751,
-954,
-11452,
4496,
2271,
-7347,
1930,
3190,
-6744,
-1185,
2835,
-5301,
-2453,
2922,
-3339,
-3562,
1583,
-1500,
-2725,
957,
45,
-1222,
183,
128,
126,
37,
-546,
747,
480,
-961,
1016,
1144,
-1477,
144,
1322,
-1339,
-544,
1226,
-833,
-995,
601,
-956,
-11455,
4581,
2420,
-7298,
1773,
2941,
-6858,
-1079,
2958,
-5444,
-2819,
2602,
-3556,
-3721,
1659,
-1060,
-2150,
1347,
174,
-1241,
130,
100,
139,
45,
-594,
645,
335,
-1112,
906,
956,
-1772,
151,
1776,
-992,
-508,
1394,
-521,
-823,
812,
-960,
-11503,
4490,
2200,
-7566,
1711,
3111,
-6625,
-782,
3249,
-5556,
-3475,
1891,
-3821,
-3579,
1794,
-1271,
-2594,
1054,
90,
-1350,
-13,
55,
142,
32,
-547,
756,
353,
-1252,
817,
1106,
-1555,
208,
1758,
-985,
-545,
1363,
-471,
-811,
775,
-978,
-11568,
4723,
2479,
-7425,
1949,
3246,
-7036,
-1401,
3012,
-5426,
-3104,
2447,
-3490,
-3652,
1769,
-1107,
-2659,
744,
-44,
-1230,
118,
94,
125,
-47,
-712,
639,
471,
-1069,
739,
930,
-1538,
156,
1459,
-1119,
-338,
1571,
-338,
-597,
936,
-977,
-11913,
4234,
1965,
-8068,
1242,
2945,
-6939,
-1560,
2341,
-6176,
-3315,
2988,
-2890,
-3829,
1106,
-1507,
-2855,
417,
-350,
-1332,
100,
67,
156,
60,
-600,
745,
553,
-1076,
769,
1040,
-1667,
-133,
1561,
-767,
-246,
1690,
119,
-217,
1054,
-977,
-11978,
4049,
1596,
-8589,
640,
2352,
-7379,
-1750,
2419,
-5908,
-3154,
2826,
-3154,
-3983,
941,
-1712,
-2968,
409,
-291,
-1245,
157,
98,
127,
6,
-465,
945,
432,
-1351,
752,
1309,
-1136,
458,
1671,
-1035,
-262,
1827,
-7,
-463,
841,
-956,
-11675,
4112,
1711,
-8009,
1255,
2514,
-7291,
-1383,
2835,
-5516,
-2893,
2528,
-3692,
-3922,
1325,
-1808,
-3293,
412,
-162,
-1299,
18,
28,
160,
39,
-567,
820,
490,
-1197,
731,
1068,
-1361,
405,
1654,
-1142,
-384,
1712,
-169,
-599,
781,
-965,
-11841,
4066,
1760,
-7866,
1480,
2533,
-7548,
-1538,
2867,
-5657,
-3286,
2204,
-3796,
-4068,
923,
-2183,
-3333,
447,
-338,
-1463,
45,
75,
143,
32,
-493,
1114,
1055,
-515,
1467,
1875,
-663,
830,
1891,
-1042,
-502,
1437,
-354,
-516,
1075,
-952,
-11508,
4371,
2122,
-7447,
1853,
2948,
-7136,
-1229,
3214,
-5413,
-3440,
1943,
-3814,
-3906,
1354,
-1459,
-2785,
586,
-341,
-1487,
-36,
30,
150,
-46,
-714,
762,
477,
-1302,
908,
1795,
-754,
412,
1546,
-1170,
-705,
1171,
-604,
-825,
859,
-963,
-11612,
4260,
1814,
-8110,
1319,
3092,
-6784,
-1384,
2811,
-5478,
-3073,
2550,
-3328,
-3709,
1644,
-984,
-2626,
408,
-415,
-1431,
-13,
33,
158,
70,
-538,
700,
299,
-1290,
711,
1080,
-1398,
181,
1324,
-1470,
-780,
1281,
-558,
-937,
651,
-975,
-11995,
4144,
1900,
-8087,
1041,
2348,
-7602,
-1818,
2699,
-5241,
-2625,
2548,
-3647,
-3678,
1519,
-1766,
-3139,
767,
168,
-1106,
143,
85,
143,
94,
-354,
994,
446,
-1258,
953,
1462,
-1224,
138,
1316,
-1311,
-585,
1406,
-242,
-358,
1016,
-986,
-11961,
4355,
2193,
-7561,
1769,
2447,
-8322,
-2271,
2843,
-5269,
-2764,
2867,
-3237,
-3609,
1674,
-1205,
-2509,
1062,
84,
-1292,
80,
83,
152,
147,
-365,
869,
245,
-1602,
661,
1614,
-773,
479,
1566,
-1098,
-544,
1390,
-167,
-307,
1006,
-990,
-12076,
4247,
2008,
-7989,
1211,
2194,
-8028,
-1670,
3406,
-4786,
-2266,
3339,
-2831,
-3137,
2246,
-795,
-2436,
1046,
276,
-984,
242,
95,
157,
84,
-621,
612,
319,
-1234,
926,
1541,
-983,
394,
1479,
-1404,
-916,
1076,
-613,
-807,
814,
-970,
-11796,
4394,
2294,
-7631,
1544,
3150,
-6704,
-1256,
3152,
-4654,
-2143,
2976,
-3107,
-3329,
1639,
-1450,
-2645,
1032,
153,
-1158,
151,
92,
149,
114,
-440,
802,
343,
-1367,
631,
1222,
-1003,
648,
1725,
-1146,
-558,
1452,
-215,
-414,
1016,
-981,
-11720,
4454,
2029,
-7989,
1577,
3117,
-7344,
-1898,
2914,
-5055,
-2732,
2718,
-3323,
-3872,
1188,
-1690,
-3080,
495,
-152,
-1321,
23,
59,
147,
107,
-373,
927,
488,
-1088,
1073,
1558,
-1008,
458,
1591,
-1219,
-530,
1580,
-351,
-951,
538,
-971,
-11820,
4255,
1962,
-7936,
1251,
2585,
-7100,
-1062,
3086,
-5513,
-2992,
2422,
-3828,
-3833,
1889,
-945,
-2450,
994,
23,
-1334,
41,
72,
149,
102,
-487,
693,
317,
-1005,
1300,
1573,
-1230,
304,
1560,
-1296,
-787,
1100,
-765,
-982,
645,
-973,
-11922,
4062,
1581,
-8270,
1241,
2740,
-6906,
-856,
2993,
-6043,
-3699,
1705,
-4445,
-4284,
1434,
-1344,
-2501,
1126,
29,
-1381,
15,
48,
160,
79,
-488,
874,
429,
-1156,
1235,
1728,
-1111,
383,
1663,
-1274,
-749,
1342,
-336,
-475,
1054,
-979,
-12010,
4050,
1618,
-7979,
1898,
3185,
-6961,
-644,
3907,
-5094,
-3114,
2328,
-3693,
-3843,
1469,
-1434,
-2678,
790,
-206,
-1288,
214,
108,
147,
23,
-633,
747,
315,
-1427,
914,
1563,
-1270,
106,
1436,
-1472,
-1082,
1055,
-389,
-500,
921,
-979,
-11889,
4178,
1715,
-8170,
1303,
2489,
-7630,
-1398,
3120,
-5778,
-3338,
2934,
-2741,
-3222,
1936,
-1009,
-2638,
650,
-199,
-1333,
124,
129,
108,
-6,
-499,
761,
187,
-1442,
733,
1034,
-1659,
13,
1188,
-1992,
-1550,
720,
-733,
-726,
1021,
-967,
-11725,
4219,
1825,
-7936,
1590,
2897,
-7551,
-2101,
2232,
-6386,
-4136,
1865,
-3716,
-4223,
954,
-1481,
-2669,
576,
-338,
-1326,
193,
124,
141,
106,
-475,
873,
773,
-599,
1470,
1832,
-862,
437,
1494,
-1421,
-928,
1281,
-154,
-397,
1014,
-963,
-11669,
4338,
2128,
-7661,
1482,
2662,
-7411,
-1672,
2760,
-5529,
-3071,
2464,
-3776,
-4476,
731,
-1852,
-3113,
461,
-26,
-986,
282,
115,
129,
-34,
-658,
853,
755,
-981,
715,
1131,
-1152,
533,
1892,
-672,
-60,
1787,
-105,
-562,
756,
-965,
-11722,
4201,
1808,
-8006,
1132,
2035,
-8046,
-1831,
2739,
-5834,
-3399,
2321,
-3687,
-3908,
1690,
-988,
-2606,
537,
-357,
-1412,
48,
50,
168,
129,
-481,
777,
460,
-991,
1125,
1378,
-1310,
309,
1663,
-951,
-158,
1795,
-218,
-569,
966,
-968,
-11775,
4240,
1913,
-7712,
1653,
2474,
-7706,
-1420,
2861,
-6242,
-3879,
2126,
-3598,
-3564,
1994,
-977,
-2640,
538,
-583,
-1704,
-10,
85,
153,
137,
-434,
834,
355,
-1481,
512,
1057,
-1536,
-179,
973,
-1778,
-1173,
819,
-850,
-856,
863,
-978,
-11805,
4390,
2138,
-7705,
1475,
2283,
-8041,
-1815,
2884,
-5881,
-3674,
2269,
-3319,
-3440,
1978,
-781,
-2288,
941,
-43,
-1261,
130,
110,
120,
-10,
-567,
726,
244,
-1525,
383,
888,
-1295,
322,
1177,
-1703,
-996,
753,
-1112,
-909,
942,
-982,
-11861,
4376,
2010,
-8092,
1107,
2333,
-7652,
-1435,
3099,
-5846,
-3728,
2342,
-3179,
-3589,
1561,
-961,
-1986,
1380,
125,
-1325,
91,
131,
97,
-75,
-642,
609,
84,
-1604,
532,
1081,
-1450,
52,
1453,
-1030,
-604,
967,
-642,
-435,
1069,
-989,
-11989,
4399,
2172,
-7983,
1033,
2167,
-7643,
-1232,
3231,
-5782,
-3590,
2409,
-3017,
-2770,
2696,
-660,
-2700,
594,
-166,
-1347,
52,
84,
127,
-18,
-622,
680,
246,
-1448,
653,
1111,
-1626,
-188,
1400,
-938,
-493,
994,
-930,
-975,
752,
-960,
-11619,
4308,
1927,
-7990,
983,
1985,
-7878,
-1736,
2705,
-5841,
-3633,
1808,
-3812,
-3457,
1965,
-1126,
-2520,
1084,
201,
-1141,
130,
87,
125,
-78,
-728,
608,
136,
-1653,
374,
698,
-2082,
-438,
1263,
-1225,
-775,
1024,
-646,
-731,
757,
-958,
-11458,
4460,
2191,
-7498,
1646,
2610,
-7562,
-1632,
2966,
-5440,
-3241,
2232,
-3635,
-3762,
1654,
-1089,
-2396,
1168,
301,
-1102,
137,
103,
127,
32,
-541,
745,
430,
-1186,
691,
1017,
-1546,
-134,
1145,
-1230,
-401,
1508,
-295,
-567,
849,
-965,
-11373,
4868,
2597,
-7400,
1778,
3128,
-6948,
-1545,
2341,
-6186,
-3493,
2245,
-3928,
-4317,
1325,
-1067,
-2346,
1086,
297,
-963,
232,
121,
112,
-22,
-490,
877,
340,
-1351,
886,
1439,
-1258,
-81,
825,
-1894,
-1021,
1037,
-773,
-879,
844,
-963,
-11470,
4707,
2507,
-7409,
1840,
3346,
-6848,
-1815,
2247,
-5711,
-3048,
2384,
-3484,
-3443,
2019,
-839,
-2471,
750,
-26,
-1142,
120,
67,
135,
14,
-411,
1058,
545,
-1235,
774,
1028,
-1653,
-73,
1084,
-1743,
-936,
1185,
-747,
-1109,
571,
-960,
-11422,
4600,
2321,
-7545,
1542,
2866,
-6733,
-644,
3537,
-5306,
-3227,
2233,
-3613,
-3625,
1787,
-1230,
-2847,
635,
-85,
-1272,
126,
140,
89,
-101,
-696,
514,
72,
-1497,
515,
915,
-1384,
362,
1512,
-1277,
-622,
1203,
-749,
-936,
722,
-967,
-11666,
4416,
2133,
-7641,
1735,
3097,
-6792,
-991,
2930,
-6020,
-3610,
2428,
-3071,
-3261,
1623,
-1620,
-2995,
587,
-256,
-1359,
169,
137,
120,
-22,
-772,
460,
464,
-752,
1073,
1068,
-1396,
333,
1391,
-1381,
-561,
1268,
-794,
-923,
834,
-973,
-11830,
4168,
1740,
-8155,
1302,
2794,
-7201,
-1542,
2524,
-6203,
-3797,
2112,
-3391,
-3331,
1882,
-1346,
-2919,
752,
135,
-1091,
167,
98,
133,
20,
-620,
612,
330,
-1133,
804,
1007,
-1451,
372,
1896,
-518,
80,
1547,
-515,
-581,
974,
-975,
-11644,
4437,
2008,
-7742,
1833,
2995,
-7121,
-776,
3642,
-5771,
-3819,
2380,
-3161,
-3474,
1944,
-797,
-2410,
828,
-73,
-1263,
149,
117,
131,
61,
-497,
837,
422,
-1518,
365,
1235,
-1020,
138,
1298,
-887,
-211,
1192,
-801,
-891,
630,
-964,
-11619,
4388,
2148,
-7543,
1750,
2911,
-7174,
-1311,
3094,
-5438,
-3095,
2740,
-2811,
-2948,
2169,
-868,
-2401,
965,
88,
-1204,
52,
46,
153,
80,
-416,
936,
428,
-1370,
685,
1338,
-1097,
119,
1149,
-1135,
-260,
1115,
-1201,
-1357,
320,
-982,
-11828,
4440,
2156,
-7946,
1199,
2555,
-7370,
-1598,
2507,
-6095,
-3364,
2775,
-2859,
-3082,
2023,
-1073,
-2485,
1083,
135,
-1289,
25,
64,
141,
28,
-606,
636,
229,
-1454,
496,
900,
-1619,
-150,
1081,
-1373,
-542,
1218,
-847,
-1091,
525,
-979,
-11840,
4159,
1523,
-8391,
1456,
3109,
-7118,
-1523,
2691,
-5909,
-3291,
2745,
-3116,
-3732,
1079,
-2027,
-3340,
308,
-409,
-1472,
35,
77,
138,
31,
-561,
633,
0,
-1694,
606,
1184,
-1408,
228,
1683,
-905,
-256,
1576,
-376,
-603,
981,
-976,
-11731,
4355,
1942,
-7798,
1834,
3074,
-7203,
-1327,
2885,
-6187,
-4086,
1757,
-3869,
-3870,
1547,
-1405,
-2882,
685,
-36,
-1205,
157,
111,
128,
52,
-419,
930,
448,
-1179,
980,
1221,
-1695,
-175,
1376,
-1058,
-288,
1653,
-266,
-611,
858,
-969,
-11860,
4162,
1942,
-7809,
1340,
2244,
-8031,
-1993,
2837,
-5381,
-2886,
3012,
-2749,
-3410,
1344,
-1539,
-2756,
675,
-174,
-1250,
153,
95,
131,
-11,
-550,
907,
564,
-1113,
922,
1195,
-1587,
-38,
1375,
-1261,
-617,
1313,
-535,
-732,
873,
-985,
-11921,
4408,
2138,
-7863,
1501,
2777,
-7423,
-1481,
2965,
-5967,
-3884,
2285,
-2933,
-3368,
1106,
-2089,
-3152,
575,
-263,
-1335,
220,
171,
97,
-24,
-441,
1068,
529,
-1519,
434,
995,
-1622,
-59,
1568,
-886,
-396,
1341,
-570,
-897,
602,
-965,
-11645,
4473,
2408,
-7254,
1966,
3182,
-6858,
-1159,
3055,
-5596,
-3446,
2249,
-3161,
-3052,
2108,
-1041,
-2569,
933,
97,
-1221,
118,
144,
74,
-137,
-587,
811,
325,
-1364,
727,
1220,
-1244,
329,
1655,
-833,
-213,
1349,
-727,
-982,
520,
-391,
-6793,
2829,
-1230,
-7304,
2074,
3388,
-3859,
1158,
2436,
-6534,
-3201,
4797,
1437,
-448,
1980,
-354,
-1253,
1040,
193,
-709,
104,
24,
74,
-178,
-131,
1384,
247,
-1624,
569,
739,
-2090,
-619,
1128,
-550,
289,
1481,
-724,
-889,
733,
-175,
-5710,
507,
-3871,
-8263,
-360,
-126,
-5979,
-929,
-139,
-8250,
-4898,
2772,
219,
-1389,
1002,
-498,
-1146,
791,
246,
-527,
-13,
-35,
62,
-155,
70,
1195,
-391,
-1977,
523,
937,
-1389,
89,
1456,
-224,
599,
1575,
-724,
-1086,
383,
-184,
-5340,
1426,
-3027,
-7634,
377,
348,
-5574,
98,
849,
-7847,
-4163,
4038,
1180,
-777,
1577,
-92,
-921,
960,
383,
-382,
94,
-10,
53,
-180,
64,
1075,
-784,
-2230,
677,
1019,
-1433,
201,
1258,
-860,
269,
1634,
-696,
-964,
653,
-290,
-5162,
4262,
-333,
-7634,
263,
1542,
-5409,
-1293,
-175,
-7812,
-3842,
3751,
184,
-1605,
1061,
-1170,
-2437,
-176,
-248,
-557,
204,
-12,
123,
-78,
-352,
908,
263,
-1090,
831,
725,
-1899,
-324,
1267,
-825,
-471,
1007,
-377,
-404,
808,
-146,
-3814,
4691,
-1105,
-8560,
596,
2924,
-5835,
-3938,
-429,
-4355,
-1970,
1977,
-877,
-33,
2385,
-1508,
-2994,
-166,
-161,
-572,
261,
26,
128,
-47,
-603,
500,
437,
-597,
715,
338,
-1716,
203,
1563,
-902,
-710,
1055,
-63,
-390,
515,
-73,
-3557,
4037,
-2471,
-9566,
329,
2748,
-6517,
-4619,
-237,
-3748,
-2045,
1374,
-1309,
-337,
2129,
-1715,
-3526,
-870,
-426,
-557,
193,
5,
109,
-43,
-368,
567,
237,
-281,
1441,
747,
-1256,
930,
1874,
-846,
-397,
1180,
-295,
-540,
360,
-25,
-3276,
2672,
-2373,
-7888,
67,
1984,
-5535,
-3535,
960,
-2272,
-2290,
1030,
294,
266,
1061,
-1414,
-2562,
-1037,
-503,
-234,
198,
30,
17,
-131,
12,
273,
-638,
224,
2432,
437,
-1426,
1643,
1815,
-1589,
-517,
1434,
-200,
-484,
399,
11,
-2998,
2221,
-2307,
-7082,
113,
1679,
-5064,
-2902,
1549,
-1361,
-1783,
1114,
749,
431,
493,
-1450,
-1811,
-624,
-461,
33,
480,
83,
18,
-140,
12,
418,
-489,
137,
2303,
549,
-1300,
1528,
1661,
-1690,
-722,
1203,
-352,
-573,
536,
26,
-3122,
1998,
-3152,
-8136,
-427,
1062,
-6196,
-3831,
1188,
-1669,
-2642,
73,
704,
826,
-341,
-2502,
-1451,
-242,
-1035,
-183,
747,
95,
78,
-143,
-176,
734,
-116,
-181,
2155,
908,
-1257,
1411,
1879,
-1426,
-599,
1146,
-630,
-745,
541,
19,
-2958,
2302,
-2850,
-7781,
-105,
1043,
-6063,
-3097,
1517,
-2093,
-2425,
934,
810,
718,
416,
-1833,
-1478,
-86,
-695,
-242,
622,
128,
49,
-102,
-98,
540,
-446,
-361,
2084,
737,
-1528,
1549,
2546,
-1124,
-829,
1355,
-57,
-613,
525,
6,
-2985,
1972,
-2691,
-7105,
-393,
-113,
-6090,
-2197,
1213,
-3117,
-2225,
1403,
-59,
-64,
1014,
-1323,
-1896,
-331,
-534,
-318,
484,
147,
29,
-14,
47,
390,
-550,
-114,
2092,
330,
-1707,
1687,
2585,
-1125,
-665,
1547,
-1,
-699,
352,
1,
-2976,
1658,
-2828,
-6678,
-372,
-841,
-5974,
-1088,
1394,
-3629,
-1813,
1922,
-440,
-143,
1740,
-864,
-1965,
-393,
-459,
-246,
473,
123,
27,
-79,
36,
388,
-850,
-423,
2050,
67,
-2122,
1608,
2436,
-1411,
-447,
1844,
-220,
-837,
515,
5,
-3096,
1304,
-2492,
-6518,
-1301,
-859,
-4893,
-1269,
1049,
-2302,
-1010,
1263,
-320,
667,
1713,
-1062,
-1818,
-640,
-905,
-346,
453,
60,
56,
-124,
-77,
449,
-809,
-741,
1682,
-10,
-2309,
1219,
2413,
-1274,
-686,
1731,
140,
-566,
614,
-7,
-3012,
1620,
-2664,
-6613,
-704,
-981,
-5755,
-1265,
1050,
-3419,
-1780,
1241,
-853,
-94,
1495,
-1071,
-1786,
-511,
-868,
-340,
517,
90,
40,
-192,
-94,
539,
-774,
-583,
2036,
77,
-2283,
1585,
2458,
-1610,
-545,
1950,
-215,
-829,
681,
-27,
-3058,
1745,
-2247,
-6362,
-877,
-1251,
-5988,
-1136,
1666,
-3462,
-2651,
1067,
-650,
-783,
1076,
-399,
-1453,
-774,
-763,
-116,
483,
69,
30,
-186,
-64,
487,
-636,
-418,
1690,
-256,
-2187,
1417,
2120,
-1477,
-372,
1901,
-42,
-591,
683,
-31,
-3282,
1625,
-2409,
-6893,
-1527,
-1552,
-6169,
-1513,
1312,
-3775,
-3126,
562,
-1138,
-1295,
809,
-485,
-1792,
-1214,
-956,
-244,
302,
4,
33,
-244,
-76,
606,
-573,
-561,
1592,
-195,
-2352,
1123,
2245,
-1305,
-719,
1616,
122,
-569,
510,
-46,
-3462,
1824,
-2541,
-7458,
-1576,
-1311,
-6474,
-2004,
998,
-4305,
-3785,
98,
-1628,
-1761,
779,
-360,
-2076,
-1674,
-1135,
-325,
112,
-84,
42,
-284,
-18,
713,
-594,
-460,
1817,
-227,
-2433,
1197,
2041,
-1657,
-635,
1876,
152,
-542,
611,
-55,
-3259,
3081,
-2087,
-7522,
-338,
-750,
-7483,
-1400,
3064,
-3728,
-3834,
1065,
-720,
-1428,
1093,
-68,
-1694,
-1246,
-1024,
-231,
347,
-32,
67,
-309,
-361,
605,
-223,
-420,
1390,
-357,
-2194,
1115,
1513,
-1820,
-160,
2077,
-156,
-501,
989,
-75,
-3283,
3812,
-2337,
-8199,
594,
-128,
-8529,
-1658,
3848,
-3528,
-3633,
1200,
-1430,
-1626,
1612,
-312,
-1874,
-493,
-684,
-490,
349,
3,
108,
-252,
-763,
370,
40,
-655,
1144,
326,
-1923,
419,
1397,
-1380,
-325,
1755,
-3,
-269,
1121,
-96,
-3661,
3630,
-1904,
-7999,
-601,
-1677,
-8687,
-1417,
2538,
-5362,
-3956,
1306,
-2753,
-2981,
1940,
101,
-2849,
-1377,
-462,
-272,
82,
-135,
120,
-324,
-723,
556,
200,
-411,
1570,
542,
-2160,
407,
2060,
-950,
-620,
1758,
586,
-127,
741,
-108,
-3634,
4231,
-1187,
-7699,
-368,
-1102,
-7821,
-454,
3488,
-4187,
-2473,
2359,
-2411,
-2374,
3068,
730,
-2841,
-1114,
108,
47,
100,
-169,
138,
-328,
-842,
362,
-144,
-994,
1219,
761,
-2001,
97,
1822,
-916,
-706,
1571,
506,
-193,
655,
-116,
-3930,
5023,
-689,
-8578,
-1150,
-1039,
-8034,
-1141,
3297,
-3781,
-2458,
1604,
-2851,
-1817,
3473,
145,
-3507,
-1210,
93,
-134,
-38,
-207,
153,
-293,
-761,
580,
155,
-715,
1528,
1158,
-1662,
66,
1501,
-935,
-430,
1526,
355,
50,
835,
-133,
-4092,
6326,
252,
-9427,
-2077,
-977,
-7649,
-699,
3489,
-4493,
-3881,
527,
-2653,
-885,
3548,
-467,
-3376,
-785,
-190,
-416,
173,
-82,
147,
-211,
-780,
473,
149,
-646,
1486,
954,
-1661,
341,
1457,
-1198,
-262,
1760,
188,
-58,
938,
-174,
-4363,
6669,
1319,
-8985,
-2405,
-588,
-7188,
-1321,
3332,
-3664,
-3646,
480,
-2347,
-1321,
2846,
104,
-2236,
-299,
-157,
-420,
241,
-19,
134,
-127,
-814,
193,
207,
-535,
914,
474,
-1529,
306,
1351,
-1030,
-472,
1299,
154,
5,
820,
-207,
-4669,
7504,
1752,
-9547,
-2703,
-978,
-7727,
-814,
3952,
-4073,
-3978,
482,
-2691,
-1595,
2536,
-612,
-2513,
-64,
-213,
-496,
407,
25,
162,
-27,
-698,
472,
275,
-850,
903,
820,
-1225,
705,
1555,
-1298,
-524,
1561,
109,
-138,
894,
-250,
-5013,
7727,
2082,
-9416,
-2743,
-1453,
-7762,
203,
4213,
-5161,
-4384,
784,
-3308,
-2524,
2308,
-679,
-2515,
231,
-161,
-743,
335,
53,
164,
78,
-519,
656,
366,
-847,
1067,
969,
-1456,
558,
1967,
-793,
-378,
1419,
-223,
-427,
926,
-287,
-5512,
7821,
2500,
-9179,
-2717,
-1827,
-8384,
57,
4525,
-5000,
-4434,
541,
-3989,
-3459,
1580,
-1044,
-2625,
132,
-391,
-954,
273,
65,
141,
-12,
-496,
1005,
890,
-379,
1502,
1353,
-1202,
645,
1713,
-1321,
-615,
1652,
18,
-366,
1008,
-345,
-5848,
7904,
3009,
-8452,
-1783,
-1151,
-8475,
-46,
5424,
-3589,
-3421,
1189,
-3667,
-3614,
1494,
-704,
-2416,
25,
-372,
-810,
314,
67,
131,
-41,
-529,
812,
589,
-560,
1286,
1047,
-1236,
791,
1610,
-1589,
-892,
1296,
-246,
-502,
690,
-354,
-6148,
7847,
3107,
-8352,
-1578,
-962,
-8529,
-286,
5160,
-3462,
-2381,
2679,
-2833,
-3543,
1443,
-646,
-2217,
347,
-191,
-764,
427,
130,
126,
-17,
-661,
636,
650,
-618,
960,
962,
-1111,
803,
1693,
-1601,
-1407,
674,
-523,
-582,
775,
-365,
-6450,
7703,
2908,
-8720,
-1902,
-1402,
-9268,
-895,
5119,
-3242,
-2605,
2017,
-3099,
-3205,
1668,
-726,
-2256,
255,
-445,
-985,
269,
50,
154,
-18,
-607,
832,
770,
-421,
1452,
1304,
-1100,
802,
1580,
-1757,
-1121,
1137,
-363,
-418,
1065,
-413,
-6708,
7417,
2802,
-8537,
-1722,
-1453,
-9244,
-731,
5084,
-3261,
-2342,
2157,
-3122,
-3091,
1547,
-1123,
-2158,
780,
-230,
-995,
351,
88,
160,
11,
-688,
717,
636,
-706,
1296,
1434,
-1192,
334,
1311,
-1653,
-1090,
915,
-597,
-536,
977,
-537,
-7503,
7018,
2770,
-8463,
-1301,
-765,
-8850,
-853,
4517,
-3990,
-2566,
2564,
-2791,
-3043,
1667,
-1021,
-2142,
1024,
128,
-830,
455,
177,
115,
-18,
-701,
491,
281,
-1048,
909,
1064,
-1468,
163,
1342,
-1529,
-1081,
992,
-361,
-472,
842,
-692,
-8705,
6031,
1956,
-9205,
-1636,
-856,
-9010,
-1134,
3749,
-5305,
-3831,
1447,
-3795,
-3200,
2396,
-624,
-2490,
746,
194,
-901,
187,
59,
139,
-15,
-589,
647,
124,
-1324,
969,
1235,
-1469,
233,
1530,
-1350,
-730,
1434,
-213,
-557,
733,
-710,
-9161,
5486,
1550,
-9413,
-1484,
-42,
-7828,
-286,
4161,
-5140,
-4104,
845,
-4010,
-2730,
3068,
-247,
-2479,
510,
-204,
-1333,
-56,
41,
101,
-197,
-718,
793,
566,
-807,
1205,
1078,
-1731,
167,
1683,
-1035,
-244,
1947,
23,
-611,
729,
-716,
-9348,
5060,
1066,
-9597,
-1449,
-82,
-7753,
-31,
4060,
-5579,
-4174,
1120,
-4028,
-3054,
2868,
-192,
-2287,
718,
-25,
-1194,
2,
36,
113,
-147,
-600,
964,
604,
-959,
1141,
1360,
-1223,
461,
1523,
-1287,
-162,
2255,
309,
-431,
703,
-808,
-9659,
4981,
1176,
-9126,
-365,
1080,
-6989,
622,
4681,
-5174,
-3678,
1976,
-3108,
-2522,
2770,
-646,
-2468,
949,
321,
-808,
326,
121,
110,
-162,
-822,
659,
415,
-1210,
754,
980,
-1499,
549,
2018,
-1069,
-643,
1615,
-32,
-592,
692,
-819,
-9965,
4674,
1053,
-9132,
-423,
1148,
-6612,
778,
4063,
-6011,
-3924,
2078,
-3180,
-2636,
2646,
-1106,
-3087,
673,
380,
-702,
390,
130,
138,
75,
-448,
766,
73,
-1653,
614,
1055,
-1551,
350,
1832,
-1280,
-870,
1589,
187,
-325,
864,
-846,
-10422,
4331,
662,
-9797,
-982,
808,
-7431,
-550,
3180,
-6373,
-4493,
1459,
-3469,
-3106,
1760,
-1872,
-3592,
193,
-21,
-986,
153,
25,
182,
201,
-228,
991,
220,
-1504,
747,
1201,
-1169,
837,
2078,
-1141,
-698,
1502,
-119,
-412,
979,
-870,
-10534,
4323,
988,
-9210,
-488,
1144,
-7044,
-138,
3633,
-5520,
-3364,
2112,
-3342,
-2748,
2492,
-1283,
-3265,
410,
21,
-1050,
205,
118,
110,
-25,
-512,
651,
-217,
-2050,
85,
381,
-2090,
9,
1411,
-1649,
-869,
1659,
-40,
-586,
814,
-891,
-10804,
4217,
980,
-9215,
-271,
1560,
-6903,
-518,
2946,
-6246,
-3919,
1853,
-3485,
-2975,
2410,
-947,
-2792,
554,
-111,
-1088,
310,
172,
96,
-68,
-677,
471,
-100,
-1632,
570,
861,
-1735,
35,
1369,
-1288,
-255,
2023,
-20,
-710,
658,
-893,
-10807,
4315,
992,
-8981,
638,
2463,
-6803,
-691,
3068,
-6164,
-3880,
2243,
-2900,
-2480,
2723,
-1090,
-3237,
535,
369,
-706,
415,
178,
112,
82,
-407,
660,
-77,
-1814,
160,
394,
-2083,
-96,
1556,
-1011,
-321,
1699,
-166,
-632,
705,
-901,
-10790,
4542,
1184,
-9093,
380,
2280,
-6879,
-591,
3517,
-5320,
-2889,
3074,
-2305,
-2188,
2559,
-1502,
-3470,
498,
335,
-725,
428,
177,
114,
54,
-452,
740,
109,
-1565,
675,
1181,
-1409,
207,
1457,
-1498,
-1042,
956,
-787,
-936,
782,
-923,
-11127,
4378,
1059,
-9283,
153,
1833,
-7379,
-787,
3260,
-5953,
-3363,
3104,
-2138,
-2249,
2249,
-1813,
-3588,
378,
82,
-922,
308,
98,
155,
37,
-598,
796,
362,
-1321,
1176,
1956,
-946,
211,
1415,
-1404,
-868,
1132,
-710,
-908,
871,
-931,
-11147,
4498,
1438,
-8725,
742,
2295,
-7411,
-1445,
2582,
-6229,
-3733,
2344,
-2721,
-2194,
2828,
-1036,
-3054,
506,
169,
-716,
397,
81,
164,
6,
-666,
678,
68,
-1678,
888,
1600,
-1407,
-319,
799,
-1815,
-832,
1259,
-818,
-1165,
511,
-962,
-11443,
4381,
1456,
-8775,
741,
2327,
-7723,
-1960,
2454,
-5967,
-3392,
2676,
-2732,
-2789,
2197,
-1186,
-2911,
603,
54,
-972,
264,
74,
178,
179,
-392,
877,
355,
-1357,
943,
1602,
-1226,
-109,
1135,
-1378,
-785,
1032,
-711,
-832,
670,
-964,
-11292,
4711,
1934,
-8410,
871,
2531,
-7178,
-1240,
3057,
-5644,
-3339,
2721,
-2518,
-2668,
2018,
-1367,
-2850,
649,
-134,
-1192,
210,
99,
153,
76,
-602,
637,
337,
-1082,
1208,
1633,
-1243,
13,
1287,
-1239,
-523,
1341,
-578,
-810,
772,
-950,
-11266,
4523,
1861,
-8347,
595,
1988,
-7587,
-1538,
2824,
-5676,
-3197,
2920,
-2410,
-2778,
1853,
-1381,
-2799,
698,
-47,
-1145,
194,
97,
143,
42,
-556,
811,
434,
-1451,
389,
980,
-1402,
4,
1158,
-1455,
-705,
1465,
-143,
-564,
680,
-953,
-11275,
4724,
2261,
-7930,
936,
2245,
-7546,
-1807,
2586,
-5572,
-3285,
2057,
-3372,
-2821,
2574,
-675,
-2487,
563,
-426,
-1347,
253,
149,
140,
136,
-395,
919,
582,
-1097,
747,
944,
-1766,
-235,
1227,
-1232,
-559,
1353,
-413,
-722,
628,
-950,
-11502,
4516,
2373,
-7556,
1209,
2401,
-7402,
-1927,
2155,
-5845,
-3184,
2241,
-3304,
-2794,
2661,
-502,
-2299,
661,
-423,
-1400,
186,
129,
133,
88,
-397,
883,
219,
-1652,
492,
1030,
-1616,
-26,
1513,
-1050,
-479,
1510,
-160,
-483,
738,
-962,
-11646,
4297,
1920,
-7895,
1377,
2522,
-7688,
-1912,
2588,
-5878,
-3639,
2207,
-3213,
-3437,
1680,
-907,
-2227,
750,
-285,
-1253,
150,
61,
157,
68,
-486,
679,
-130,
-1803,
697,
1300,
-1298,
359,
1546,
-1382,
-709,
1355,
-442,
-637,
859,
-973,
-11662,
4487,
2136,
-7997,
1047,
2420,
-7302,
-1260,
3012,
-5733,
-3206,
2994,
-2724,
-3265,
1959,
-880,
-2651,
585,
-56,
-1223,
18,
53,
128,
1,
-523,
633,
37,
-1433,
773,
1075,
-1466,
54,
979,
-1740,
-693,
1343,
-666,
-854,
852,
-965,
-11636,
4446,
2037,
-8214,
543,
1745,
-7725,
-1359,
2921,
-5821,
-3152,
2941,
-2924,
-3172,
2269,
-825,
-2643,
880,
184,
-1233,
22,
93,
112,
17,
-444,
891,
597,
-841,
1126,
1185,
-1607,
-16,
1403,
-1260,
-733,
1138,
-694,
-942,
707,
