-987,
-11356,
4971,
1185,
-9787,
1065,
3622,
-7428,
-2440,
2124,
-6268,
-3511,
2726,
-3205,
-3505,
2072,
-937,
-2695,
874,
192,
-1132,
113,
65,
167,
151,
-444,
892,
736,
-701,
1255,
1341,
-1545,
-59,
1513,
-649,
326,
2078,
-126,
-457,
1111,
-975,
-11269,
4905,
1228,
-9456,
1421,
3639,
-7870,
-2787,
2553,
-5568,
-3457,
2445,
-2994,
-2602,
3435,
315,
-2017,
1312,
723,
-781,
221,
121,
118,
42,
-491,
753,
386,
-1224,
690,
1065,
-1382,
224,
1515,
-1194,
-623,
1402,
-247,
-480,
973,
-708,
-10834,
2052,
840,
-6439,
937,
1336,
-7046,
-2279,
1658,
-4070,
-1548,
1956,
-3241,
-1573,
3952,
141,
-2581,
688,
735,
-718,
-108,
25,
67,
-84,
-267,
721,
-12,
-1064,
1015,
906,
-1593,
-52,
1292,
-666,
-64,
937,
-1059,
-875,
834,
-658,
-10800,
1407,
749,
-5722,
861,
564,
-7197,
-2197,
1176,
-4784,
-2087,
1712,
-3367,
-2128,
3119,
-271,
-2767,
244,
350,
-759,
-64,
15,
79,
-77,
-293,
802,
234,
-951,
800,
632,
-1868,
-611,
654,
-956,
-98,
971,
-944,
-787,
857,
-644,
-10680,
1072,
379,
-5172,
2048,
1199,
-7295,
-2489,
1001,
-4433,
-1307,
2097,
-3346,
-1916,
3272,
-149,
-2231,
672,
285,
-703,
161,
32,
129,
4,
-427,
699,
128,
-1298,
658,
931,
-1563,
-452,
627,
-1398,
-621,
985,
-444,
-315,
998,
-618,
-10623,
782,
339,
-4690,
2543,
1504,
-7331,
-3020,
413,
-4926,
-1943,
1734,
-3314,
-2140,
2953,
-23,
-2076,
568,
321,
-505,
273,
67,
108,
-30,
-429,
681,
146,
-1296,
470,
749,
-1604,
-633,
401,
-1342,
-502,
982,
-371,
-223,
928,
-802,
-10809,
2765,
513,
-7166,
1808,
1918,
-7949,
-2629,
1205,
-6118,
-3085,
1712,
-4280,
-3454,
2636,
-331,
-2475,
618,
170,
-831,
283,
119,
115,
17,
-423,
869,
362,
-1346,
482,
722,
-1877,
-532,
787,
-1302,
-289,
1614,
-136,
-429,
788,
-875,
-10680,
4054,
744,
-8502,
1634,
2960,
-7595,
-2562,
1515,
-6056,
-2760,
2441,
-3889,
-3049,
3296,
-166,
-2560,
884,
308,
-958,
325,
194,
100,
31,
-520,
755,
429,
-1261,
767,
1526,
-1009,
-113,
833,
-1524,
-634,
1393,
-330,
-696,
704,
-900,
-10642,
4497,
811,
-9125,
1102,
2816,
-7345,
-1827,
1878,
-6601,
-2940,
3356,
-3109,
-3171,
2960,
-210,
-2478,
938,
313,
-996,
297,
199,
84,
-42,
-602,
689,
337,
-1386,
586,
1307,
-1014,
180,
1037,
-1609,
-844,
1054,
-705,
-730,
944,
-919,
-10747,
4691,
987,
-9060,
1067,
2292,
-7888,
-1643,
2062,
-6849,
-2627,
4146,
-2964,
-3470,
2912,
-218,
-2604,
940,
419,
-969,
219,
140,
103,
-65,
-545,
1010,
536,
-1556,
373,
933,
-1794,
-466,
762,
-1943,
-1080,
1242,
-508,
-816,
759,
-923,
-10771,
4901,
1640,
-8498,
1035,
2009,
-8366,
-2555,
1294,
-7167,
-3171,
3299,
-3564,
-3909,
2376,
-776,
-3149,
568,
382,
-933,
152,
105,
113,
6,
-424,
926,
340,
-1399,
820,
1334,
-1302,
228,
1334,
-1608,
-660,
1846,
-64,
-715,
746,
-889,
-10659,
4788,
1597,
-8082,
1771,
2815,
-7535,
-2002,
1007,
-8158,
-3895,
3143,
-3864,
-4285,
2780,
67,
-2861,
488,
443,
-938,
30,
79,
107,
61,
-223,
985,
155,
-1598,
660,
1196,
-1455,
-69,
1105,
-1556,
-664,
1695,
13,
-542,
728,
-895,
-10645,
5114,
1863,
-8291,
1419,
2776,
-7250,
-1465,
1594,
-8013,
-4229,
2976,
-3565,
-3916,
2942,
206,
-2526,
952,
822,
-705,
199,
164,
67,
-8,
-269,
974,
253,
-1448,
734,
1274,
-1315,
-22,
954,
-1934,
-1276,
1119,
-232,
-603,
618,
-870,
-10484,
5063,
1687,
-8379,
1264,
2384,
-7702,
-1798,
1473,
-7849,
-4099,
2775,
-3583,
-3304,
3727,
836,
-1878,
1416,
860,
-779,
217,
165,
80,
5,
-346,
836,
33,
-1616,
948,
1641,
-1245,
72,
1406,
-1557,
-1201,
1118,
-392,
-992,
336,
-869,
-10197,
5324,
1726,
-8494,
1315,
2717,
-7344,
-1577,
1719,
-7463,
-3573,
3531,
-2812,
-3177,
3122,
303,
-1890,
1540,
830,
-863,
153,
144,
73,
-74,
-339,
1111,
310,
-1588,
907,
1605,
-1464,
-221,
1416,
-1181,
-812,
1234,
-409,
-897,
437,
-805,
-9146,
6264,
2578,
-7638,
1865,
2840,
-7522,
-1592,
2514,
-6279,
-2940,
4042,
-1819,
-2661,
2422,
-797,
-2606,
1145,
572,
-1019,
104,
159,
56,
-92,
-327,
1057,
224,
-1721,
616,
1414,
-1437,
-474,
863,
-1470,
-1041,
631,
-886,
-828,
654,
-563,
-7497,
7369,
2666,
-8842,
-489,
1044,
-7800,
-1510,
2406,
-6140,
-3079,
3239,
-2562,
-3086,
2078,
-962,
-2878,
368,
-267,
-1501,
-198,
18,
105,
-90,
-342,
1292,
734,
-1106,
994,
1271,
-1744,
-311,
1489,
-854,
-684,
721,
-987,
-954,
610,
-473,
-6553,
7590,
2268,
-9267,
-815,
1253,
-6876,
-771,
2445,
-6259,
-3088,
3170,
-2569,
-2890,
2349,
-733,
-2698,
577,
-14,
-1387,
-261,
-11,
79,
-305,
-551,
1385,
917,
-1207,
757,
1239,
-1697,
-342,
1697,
-383,
-505,
576,
-929,
-726,
642,
-357,
-5686,
7340,
1806,
-9355,
-1364,
628,
-7117,
-1190,
2160,
-6150,
-3207,
3112,
-2353,
-3175,
1942,
-435,
-2291,
622,
-21,
-1405,
-238,
67,
42,
-197,
-332,
1274,
799,
-1150,
512,
1056,
-1349,
-23,
1748,
-391,
-669,
516,
-713,
-699,
544,
-265,
-4674,
6367,
307,
-9193,
-469,
1058,
-6845,
-709,
3233,
-4610,
-2426,
2877,
-2379,
-2663,
2189,
-680,
-2441,
1039,
616,
-1228,
-414,
19,
9,
-364,
-413,
1273,
683,
-1354,
396,
1170,
-1126,
-33,
1401,
-862,
-867,
922,
-66,
-508,
404,
-119,
-3673,
5236,
-1360,
-9163,
-374,
13,
-7366,
-628,
2621,
-4932,
-1719,
3101,
-2825,
-2471,
2752,
-514,
-2396,
1052,
464,
-1338,
-495,
-57,
35,
-458,
-553,
1355,
609,
-1685,
366,
1389,
-1012,
33,
1320,
-1015,
-696,
1089,
-281,
-606,
509,
-69,
-3435,
4488,
-1178,
-8333,
-982,
-411,
-6611,
-832,
2208,
-3910,
-1133,
2704,
-2607,
-2268,
2403,
-238,
-1869,
882,
199,
-1325,
-496,
-64,
30,
-457,
-623,
1137,
721,
-1329,
134,
995,
-813,
187,
1228,
-696,
-243,
1265,
-98,
-441,
562,
-60,
-3491,
4129,
-1046,
-8030,
-1649,
-1183,
-6560,
-1110,
1548,
-3623,
-676,
2190,
-2920,
-1849,
2418,
-446,
-1487,
1230,
72,
-1348,
-343,
-34,
47,
-428,
-707,
1002,
586,
-1441,
79,
1000,
-605,
563,
1380,
-740,
-80,
1525,
34,
-224,
870,
-50,
-3220,
3870,
-1278,
-7560,
-940,
-663,
-6025,
-725,
1567,
-3549,
-401,
2331,
-2772,
-1436,
2844,
-206,
-1400,
1135,
-44,
-1281,
-233,
-9,
38,
-469,
-727,
987,
418,
-1594,
200,
1194,
-524,
580,
1158,
-1275,
-629,
1111,
-210,
-155,
1096,
-51,
-3194,
3600,
-1590,
-7695,
-1015,
-738,
-6272,
-1249,
1175,
-3647,
-628,
1952,
-2938,
-1427,
2768,
-432,
-1673,
990,
-46,
-1263,
-203,
17,
37,
-383,
-616,
976,
442,
-1501,
159,
1133,
-498,
502,
1086,
-1140,
-534,
1079,
-99,
48,
1166,
-55,
-3151,
3632,
-1436,
-7552,
-848,
-354,
-6099,
-1273,
1643,
-3239,
-876,
2156,
-2123,
-1314,
2531,
15,
-1157,
1078,
92,
-1078,
-174,
20,
27,
-393,
-635,
870,
423,
-1493,
-36,
1102,
-271,
425,
878,
-1023,
-438,
1040,
12,
53,
965,
-50,
-3170,
3636,
-1314,
-7383,
-818,
-626,
-6571,
-1244,
2387,
-2924,
-1334,
2241,
-1515,
-1574,
1883,
266,
-659,
938,
-155,
-1047,
-149,
-2,
33,
-420,
-690,
845,
518,
-1363,
-182,
796,
-263,
682,
978,
-1127,
-603,
937,
53,
85,
856,
-47,
-3301,
3209,
-1615,
-7337,
-1062,
-1476,
-7330,
-1501,
2041,
-3677,
-1977,
1772,
-2330,
-2445,
1612,
181,
-1148,
419,
-380,
-1225,
-311,
-39,
44,
-332,
-556,
906,
707,
-983,
6,
801,
-31,
1099,
1309,
-869,
-415,
954,
-17,
105,
999,
-43,
-3203,
3145,
-1470,
-7043,
-885,
-1075,
-6900,
-1490,
2345,
-2985,
-2049,
1396,
-1742,
-1758,
1439,
96,
-723,
614,
-400,
-1088,
-208,
-43,
47,
-377,
-614,
829,
535,
-1043,
114,
735,
-231,
1119,
1370,
-1079,
-652,
929,
-50,
-53,
917,
-42,
-3284,
2805,
-1518,
-6847,
-985,
-1159,
-6933,
-2075,
1791,
-2672,
-1652,
1092,
-2211,
-1967,
1249,
-98,
-672,
843,
-356,
-1270,
-312,
-39,
47,
-329,
-647,
706,
661,
-802,
152,
844,
-129,
814,
1205,
-710,
-485,
726,
-34,
34,
780,
-42,
-3314,
2659,
-1682,
-7090,
-1263,
-1077,
-6710,
-2451,
1077,
-2837,
-1411,
1013,
-2568,
-2170,
1116,
-415,
-975,
803,
-307,
-1309,
-351,
-46,
59,
-271,
-648,
689,
845,
-591,
181,
951,
54,
705,
986,
-635,
-265,
845,
14,
45,
766,
-44,
-3139,
3024,
-1582,
-6958,
-592,
-549,
-6574,
-1961,
1733,
-2398,
-628,
1926,
-2236,
-1870,
1736,
-160,
-971,
1160,
100,
-1160,
-244,
15,
48,
-251,
-725,
486,
664,
-816,
-39,
913,
-45,
322,
643,
-741,
-372,
664,
-101,
-28,
672,
-57,
-3224,
2986,
-1260,
-6737,
-954,
-719,
-6201,
-1887,
1572,
-2142,
-456,
1706,
-2244,
-1842,
1384,
-325,
-774,
1186,
61,
-1016,
-178,
-9,
51,
-286,
-621,
653,
450,
-1109,
66,
964,
-292,
279,
798,
-733,
-355,
773,
-96,
-68,
680,
-74,
-3317,
3368,
-1289,
-7351,
-1165,
-663,
-6308,
-1696,
1676,
-2878,
-1238,
1599,
-2431,
-2486,
958,
-337,
-901,
828,
-104,
-940,
-171,
-44,
58,
-278,
-376,
999,
300,
-1423,
246,
1154,
-439,
353,
1084,
-616,
-215,
934,
-156,
-126,
747,
-97,
-3331,
4114,
-1440,
-7863,
-168,
39,
-6826,
-1214,
2363,
-3486,
-874,
2936,
-2922,
-3514,
1525,
56,
-1439,
924,
363,
-1001,
-270,
9,
28,
-263,
-336,
1065,
395,
-1595,
1,
1208,
-489,
31,
974,
-537,
-196,
1047,
-49,
-268,
559,
-139,
-3610,
4373,
-1384,
-7845,
442,
-40,
-7916,
-1604,
2514,
-3915,
-1149,
2958,
-3576,
-4258,
1409,
-240,
-2089,
692,
472,
-1046,
-397,
-21,
27,
-231,
-127,
1304,
401,
-1461,
600,
1675,
-550,
-112,
959,
-449,
112,
1281,
-76,
-136,
839,
-216,
-4206,
4414,
-1058,
-7645,
650,
-6,
-7960,
-1528,
2290,
-4293,
-1271,
2523,
-4303,
-4459,
1362,
-642,
-2301,
657,
159,
-1345,
-461,
-33,
40,
-183,
50,
1591,
537,
-1220,
1131,
1872,
-641,
171,
1266,
-406,
359,
1521,
-119,
-3,
1061,
-328,
-5015,
4432,
-254,
-7066,
974,
658,
-7417,
-1592,
2430,
-3593,
-974,
2256,
-4205,
-3932,
1706,
-508,
-2365,
168,
-360,
-1325,
-193,
19,
79,
-42,
-88,
1254,
583,
-942,
929,
1375,
-554,
830,
1633,
-595,
164,
1560,
-170,
-189,
1063,
-381,
-5774,
3045,
-659,
-5989,
1959,
1329,
-6312,
-934,
2210,
-3508,
-589,
2257,
-3768,
-2755,
2455,
-334,
-2165,
70,
-776,
-1393,
-40,
13,
121,
-36,
-329,
1161,
880,
-538,
1286,
1650,
-404,
1023,
1837,
-810,
-519,
960,
-369,
-201,
1081,
-343,
-6046,
1878,
-955,
-5344,
1696,
825,
-6302,
-1530,
1963,
-2170,
388,
2086,
-3386,
-2086,
2264,
-614,
-2016,
158,
-657,
-1146,
29,
-18,
132,
-39,
-293,
1161,
715,
-643,
1425,
1695,
-808,
545,
1942,
-230,
-28,
1182,
-448,
-551,
769,
-329,
-6244,
1181,
-897,
-4615,
1457,
-47,
-6761,
-2198,
876,
-2947,
-51,
2038,
-2838,
-1608,
2290,
-523,
-1694,
510,
-343,
-1006,
45,
22,
95,
-54,
-203,
1009,
342,
-852,
1275,
1450,
-1074,
77,
1349,
-458,
73,
1213,
-523,
-653,
669,
-322,
-6483,
955,
-1061,
-4738,
1474,
12,
-7188,
-3177,
188,
-2824,
504,
2644,
-2395,
-1700,
1678,
-1156,
-2084,
381,
-184,
-751,
155,
25,
101,
-51,
-282,
704,
-125,
-1188,
1165,
1479,
-975,
64,
1125,
-699,
-95,
1093,
-488,
-595,
490,
-336,
-6607,
810,
-1282,
-5172,
1065,
58,
-6811,
-2842,
379,
-2885,
236,
2513,
-2387,
-1706,
1782,
-1101,
-2272,
361,
107,
-572,
185,
76,
47,
-215,
-507,
370,
-377,
-1264,
1090,
1434,
-1001,
-110,
974,
-751,
-271,
1070,
-33,
-136,
553,
-336,
-6867,
301,
-1891,
-5718,
765,
172,
-6412,
-2301,
840,
-3123,
-666,
1892,
-2512,
-1775,
1901,
-793,
-2247,
123,
-170,
-910,
-30,
59,
39,
-177,
-494,
184,
-477,
-1177,
992,
1192,
-1080,
-40,
1085,
-780,
-510,
902,
-146,
-386,
529,
-331,
-6899,
324,
-1968,
-5845,
820,
402,
-6184,
-2355,
490,
-3140,
-206,
1989,
-2816,
-1563,
2572,
-391,
-2161,
47,
-399,
-1074,
-80,
15,
76,
-129,
-491,
429,
-128,
-1273,
644,
1246,
-763,
-171,
458,
-1132,
-285,
986,
-574,
-676,
696,
-328,
-6896,
413,
-1676,
-5253,
1768,
1571,
-5175,
-1781,
677,
-3118,
17,
2557,
-2460,
-1804,
2432,
122,
-1569,
238,
-342,
-981,
-15,
50,
58,
-88,
-311,
422,
-373,
-1390,
350,
321,
-1629,
-251,
704,
-1102,
-320,
1049,
-506,
-743,
449,
-334,
-7273,
-61,
-2115,
-5504,
1607,
1223,
-5632,
-2197,
85,
-3913,
-746,
1818,
-3001,
-1847,
2346,
-615,
-2407,
-88,
-422,
-1066,
-40,
44,
73,
-43,
-255,
757,
314,
-847,
501,
308,
-1659,
-138,
976,
-1084,
-525,
1264,
57,
-549,
198,
-352,
-7354,
125,
-2034,
-5456,
2368,
2816,
-3690,
-395,
1290,
-3211,
-6,
2581,
-2681,
-2126,
1899,
-581,
-2007,
-18,
-608,
-1058,
-5,
5,
86,
-138,
-408,
669,
109,
-881,
897,
546,
-1652,
236,
1463,
-979,
-742,
632,
-783,
-947,
101,
-344,
-7416,
50,
-2204,
-5589,
2411,
2746,
-3934,
-246,
1929,
-2786,
-166,
2086,
-3132,
-2114,
2340,
-374,
-2143,
103,
-222,
-853,
47,
38,
82,
-13,
-188,
711,
117,
-689,
1084,
598,
-1728,
-50,
1212,
-826,
-461,
606,
-869,
-681,
580,
-348,
-7573,
-72,
-2300,
-5663,
2199,
2296,
-4198,
-261,
1502,
-3564,
-683,
1610,
-3758,
-2364,
2457,
-335,
-2114,
182,
-218,
-776,
198,
73,
94,
16,
-235,
719,
198,
-614,
1405,
1235,
-1194,
206,
1426,
-491,
-38,
945,
-769,
-726,
564,
-370,
-7812,
-178,
-2556,
-6051,
1948,
1960,
-4569,
-262,
1723,
-3261,
-169,
1938,
-3945,
-2755,
2090,
-520,
-1928,
428,
-216,
-839,
165,
54,
87,
-81,
-193,
1071,
277,
-1064,
976,
1014,
-1167,
835,
2294,
-140,
-32,
1117,
-479,
-578,
451,
-397,
-7715,
145,
-2378,
-6250,
1772,
1954,
-4735,
-529,
1493,
-3760,
-750,
1953,
-3613,
-2999,
1262,
-1242,
-2098,
750,
130,
-781,
110,
41,
94,
-39,
-215,
995,
388,
-883,
989,
1083,
-1046,
633,
2039,
72,
384,
1260,
-540,
-533,
718,
-385,
-7712,
223,
-2062,
-5610,
2674,
2693,
-4622,
-537,
2085,
-3135,
-690,
1940,
-3630,
-3317,
1217,
-803,
-1867,
748,
287,
-661,
72,
13,
112,
36,
-290,
559,
-42,
-1073,
836,
1103,
-908,
314,
1357,
-460,
-94,
793,
-738,
-616,
570,
-387,
-7778,
218,
-2211,
-5746,
2903,
3112,
-4174,
-87,
2112,
-3484,
-665,
2283,
-3576,
-3372,
1301,
-901,
-2148,
549,
94,
-851,
65,
83,
58,
-79,
-241,
835,
137,
-1258,
566,
1048,
-816,
548,
1642,
-526,
-488,
573,
-759,
-744,
412,
-399,
-7768,
681,
-2260,
-6245,
2983,
3009,
-5225,
-932,
1949,
-3691,
-864,
2451,
-3109,
-2658,
1991,
-533,
-2000,
512,
-40,
-792,
199,
94,
69,
-108,
-313,
813,
-33,
-1353,
982,
1322,
-1251,
212,
1933,
-106,
-242,
637,
-853,
-759,
501,
-483,
-8066,
1673,
-1976,
-7185,
2801,
2656,
-6948,
-1933,
2050,
-4308,
-1591,
2553,
-3241,
-3157,
1852,
-689,
-2332,
477,
52,
-867,
119,
89,
61,
-156,
-363,
835,
68,
-1173,
1062,
989,
-1739,
-23,
1593,
-715,
-632,
414,
-1118,
-723,
707,
-631,
-8416,
3332,
-906,
-7942,
2593,
2832,
-7204,
-1102,
3160,
-4679,
-1825,
3297,
-2880,
-2701,
3001,
-33,
-2214,
771,
168,
-919,
277,
188,
40,
-248,
-738,
462,
-27,
-1176,
1257,
1452,
-1271,
335,
1546,
-1212,
-680,
1019,
-909,
-1129,
399,
-688,
-8930,
3818,
-595,
-8467,
2463,
3062,
-7472,
-1530,
2830,
-4873,
-1508,
3542,
-3261,
-2784,
3481,
158,
-2185,
999,
167,
-1099,
279,
216,
52,
-178,
-693,
689,
433,
-760,
1796,
2144,
-1038,
87,
1428,
-1137,
-647,
985,
-1044,
-1264,
412,
-665,
-9061,
4116,
-956,
-9572,
2410,
3917,
-7803,
-2843,
2500,
-4234,
-1273,
3292,
-3136,
-2022,
4492,
1017,
-1649,
1208,
198,
-1031,
396,
246,
73,
-1,
-422,
933,
582,
-807,
1676,
2251,
-751,
317,
1661,
-890,
-628,
888,
-866,
-923,
519,
-676,
-9223,
4562,
-680,
-10098,
2168,
4552,
-7411,
-3120,
2372,
-4045,
-1064,
3465,
-3514,
-3064,
3921,
1252,
-1666,
759,
47,
-923,
391,
208,
91,
35,
-445,
724,
304,
-1044,
1263,
1713,
-1140,
-123,
999,
-1388,
-769,
889,
-778,
-706,
785,
-730,
-9434,
4721,
-636,
-10608,
1677,
4574,
-7082,
-2751,
2425,
-4701,
-2022,
3026,
-3487,
-3231,
3436,
846,
-1784,
776,
-19,
-1080,
279,
187,
86,
-1,
-447,
791,
196,
-1559,
669,
1577,
-826,
214,
1097,
-1452,
-703,
1167,
-624,
-793,
792,
-771,
-9432,
5070,
-145,
-10453,
1369,
4026,
-7469,
-2648,
2722,
-4883,
-2594,
2823,
-3238,
-3185,
3127,
663,
-1657,
950,
20,
-1146,
211,
183,
64,
-111,
-524,
805,
202,
-1524,
758,
1396,
-1510,
-616,
592,
-1643,
-870,
889,
-932,
-1025,
636,
-808,
-9772,
4925,
61,
-10052,
1726,
4415,
-6799,
-1968,
3085,
-4478,
-2170,
2654,
-3671,
-3324,
2672,
-251,
-2056,
1116,
11,
-1272,
224,
181,
102,
62,
-369,
883,
195,
-1613,
707,
1423,
-1359,
-263,
895,
-1558,
-689,
1285,
-523,
-593,
1049,
-830,
-10133,
4706,
158,
-9898,
1831,
4935,
-5753,
-1140,
3253,
-4472,
-1910,
2880,
-3644,
-3097,
3244,
234,
-1770,
1563,
587,
-915,
362,
233,
82,
88,
-252,
1001,
399,
-1375,
643,
1133,
-1485,
-285,
799,
-1594,
-702,
1117,
-670,
-531,
1134,
-866,
-10463,
4634,
509,
-9526,
1799,
4552,
-6298,
-1839,
2412,
-5273,
-2356,
2780,
-4005,
-3987,
2511,
112,
-1756,
1436,
659,
-598,
568,
255,
83,
-3,
-578,
617,
201,
-1447,
594,
1125,
-1504,
-284,
911,
-1643,
-1109,
786,
-635,
-509,
894,
-880,
-10399,
4794,
931,
-9091,
1845,
4446,
-6107,
-1469,
2439,
-5873,
-3118,
2542,
-3984,
-4313,
2220,
231,
-1833,
966,
426,
-526,
546,
195,
101,
-45,
-633,
620,
91,
-1694,
350,
780,
-2059,
-774,
701,
-1757,
-1204,
851,
-578,
-676,
781,
-882,
-10388,
4925,
825,
-9363,
1712,
4054,
-6822,
-1837,
2345,
-6058,
-2903,
3266,
-3393,
-3841,
2757,
349,
-2169,
743,
380,
-586,
532,
209,
102,
-24,
-713,
462,
90,
-1579,
426,
827,
-2109,
-875,
813,
-1538,
-1246,
600,
-802,
-898,
527,
-898,
-10463,
5172,
1082,
-9431,
1469,
3707,
-7288,
-2268,
1886,
-6776,
-3841,
2399,
-3765,
-3565,
3119,
317,
-2262,
797,
268,
-803,
509,
252,
92,
12,
-676,
545,
390,
-1217,
628,
886,
-2288,
-1293,
631,
-1190,
-644,
1237,
-180,
-511,
589,
-907,
-10495,
5428,
1350,
-9460,
1371,
3751,
-7329,
-2485,
1996,
-5991,
-3048,
2441,
-4107,
-3703,
3069,
375,
-1805,
1394,
575,
-756,
470,
230,
87,
-55,
-670,
695,
458,
-1082,
1172,
1551,
-1721,
-480,
1578,
-655,
-546,
1131,
-397,
-666,
571,
-913,
-10567,
5370,
1230,
-9812,
809,
3170,
-7823,
-2847,
1657,
-6583,
-3604,
2653,
-3472,
-3886,
1952,
-631,
-2169,
1446,
745,
-688,
420,
211,
70,
-198,
-948,
333,
137,
-1283,
1003,
1493,
-1579,
-533,
1121,
-968,
-463,
1123,
-661,
-832,
607,
-930,
-10600,
5349,
1277,
-9768,
762,
3197,
-7433,
-2049,
2527,
-6032,
-3248,
3363,
-2307,
-2837,
2427,
-600,
-2187,
1534,
784,
-789,
321,
193,
73,
-185,
-951,
272,
60,
-1411,
806,
1460,
-1317,
-254,
1157,
-1121,
-603,
1122,
-641,
-972,
443,
-934,
-10692,
5264,
1073,
-10019,
676,
3076,
-7839,
-2314,
2972,
-5261,
-3184,
2573,
-2936,
-2752,
2678,
-569,
-2197,
1506,
681,
-796,
448,
277,
31,
-228,
-805,
539,
227,
-1293,
823,
1079,
-1789,
-313,
1093,
-1528,
-744,
1392,
-592,
-1190,
317,
-920,
-10620,
5205,
784,
-10379,
541,
3271,
-7597,
-2494,
2368,
-5662,
-3076,
2722,
-3075,
-2879,
2890,
-59,
-1696,
1691,
591,
-914,
343,
194,
87,
-113,
-736,
667,
343,
-1432,
487,
740,
-2188,
-923,
259,
-2449,
-1537,
857,
-830,
-1085,
660,
-923,
-10721,
5007,
736,
-10216,
828,
3657,
-7438,
-2751,
2074,
-5885,
-3338,
2688,
-3100,
-3421,
2344,
-98,
-1812,
1313,
482,
-852,
251,
125,
102,
-116,
-697,
752,
555,
-897,
1250,
1510,
-1511,
-380,
903,
-1452,
-553,
1394,
-561,
-867,
755,
-931,
-10680,
5224,
1154,
-9552,
1613,
4351,
-6611,
-1771,
2541,
-5886,
-2875,
3621,
-2449,
-3153,
2303,
-603,
-2440,
1007,
378,
-891,
306,
149,
122,
19,
-695,
351,
-140,
-1661,
586,
1027,
-1829,
-473,
1013,
-1467,
-793,
1284,
-483,
-930,
578,
-940,
-10728,
5412,
1304,
-9751,
1216,
3957,
-6827,
-1675,
2383,
-6918,
-4001,
3411,
-2313,
-3472,
1919,
-708,
-2575,
775,
203,
-1018,
239,
139,
132,
104,
-544,
622,
401,
-1124,
671,
754,
-2191,
-868,
647,
-1912,
-1460,
752,
-563,
-849,
550,
-955,
-10687,
5502,
1537,
-9520,
1122,
3512,
-7329,
-1795,
2999,
-6026,
-3922,
2669,
-2771,
-3454,
1747,
-901,
-2333,
1053,
163,
-1065,
341,
206,
101,
25,
-609,
602,
309,
-1439,
196,
422,
-2203,
-873,
450,
-1815,
-899,
1025,
-913,
-1240,
411,
-948,
-10789,
5252,
1079,
-9891,
1188,
3858,
-7098,
-1807,
2995,
-5662,
-3355,
2854,
-2884,
-3199,
2412,
-359,
-2129,
1083,
218,
-935,
439,
234,
80,
-83,
-713,
633,
417,
-1165,
861,
1303,
-1466,
-359,
758,
-1689,
-853,
1030,
-886,
-1068,
638,
-947,
-10751,
5270,
1255,
-9656,
1230,
3871,
-7070,
-2161,
2336,
-5972,
-3088,
3284,
-2731,
-3331,
2308,
-337,
-2167,
977,
145,
-1032,
340,
216,
75,
-88,
-710,
542,
336,
-1121,
782,
1144,
-1222,
196,
1042,
-1734,
-949,
968,
-850,
-960,
615,
-946,
-10817,
5365,
1116,
-10087,
1131,
4201,
-6732,
-1742,
2886,
-5887,
-3643,
2905,
-2372,
-2787,
2310,
-689,
-2260,
1133,
139,
-1224,
200,
188,
68,
-194,
-838,
673,
617,
-1206,
268,
542,
-1840,
-344,
938,
-1428,
-640,
1202,
-525,
-622,
781,
-948,
-10805,
5387,
1297,
-9721,
1394,
4276,
-6504,
-1468,
2532,
-6742,
-4090,
2805,
-2992,
-3754,
1903,
-509,
-2028,
1336,
353,
-1172,
111,
137,
92,
-105,
-767,
509,
268,
-1333,
455,
657,
-1928,
-255,
1375,
-1035,
-565,
1224,
-335,
-455,
790,
-954,
-10861,
5277,
1245,
-9797,
938,
3440,
-7279,
-2001,
2137,
-6995,
-4395,
2196,
-3458,
-3538,
2378,
-434,
-2303,
1003,
85,
-1272,
145,
158,
96,
-29,
-561,
776,
416,
-1215,
812,
1051,
-1839,
-270,
1448,
-1098,
-789,
1032,
-495,
-538,
868,
-954,
-10823,
5352,
1442,
-9602,
970,
3396,
-7337,
-2031,
2370,
-6436,
-3733,
2791,
-3096,
-3495,
2321,
-457,
-2372,
1001,
259,
-1103,
203,
170,
88,
-62,
-655,
674,
507,
-1018,
751,
683,
-2350,
-869,
974,
-1162,
-526,
1257,
-609,
-954,
524,
-931,
-10869,
5119,
1060,
-10118,
426,
3337,
-6663,
-1301,
2480,
-6685,
-3829,
2707,
-3567,
-4178,
2028,
-243,
-2237,
660,
-228,
-1317,
195,
169,
104,
25,
-467,
1005,
847,
-892,
768,
897,
-1948,
-543,
1106,
-1070,
-173,
1954,
42,
-692,
629,
-949,
-10989,
5126,
1115,
-10044,
750,
3723,
-6834,
-1815,
2525,
-6260,
-3960,
2298,
-3308,
-3487,
2366,
-244,
-2247,
696,
-157,
-1290,
114,
114,
118,
12,
-501,
944,
789,
-860,
634,
449,
-2131,
-174,
1467,
-947,
-48,
1992,
9,
-475,
968,
-943,
-10913,
5139,
1087,
-10041,
725,
3497,
-7210,
-1816,
3278,
-5302,
-3584,
2302,
-2901,
-2671,
2865,
-363,
-2474,
801,
39,
-1300,
53,
124,
98,
-39,
-586,
751,
579,
-1000,
571,
518,
-2167,
-612,
1064,
-903,
-100,
1519,
-348,
-626,
620,
-927,
-10712,
5412,
1168,
-10144,
521,
2919,
-8142,
-2721,
2321,
-6457,
-4601,
1551,
-3610,
-3316,
2461,
-437,
-2283,
900,
-148,
-1470,
63,
144,
96,
-82,
-777,
535,
447,
-1137,
474,
541,
-2105,
-480,
1308,
-678,
60,
1622,
-392,
-686,
746,
-922,
-10526,
5559,
1307,
-9988,
806,
3542,
-7475,
-2529,
2287,
-6117,
-3961,
1998,
-3536,
-3351,
2650,
-74,
-2034,
1015,
-31,
-1347,
153,
176,
96,
14,
-572,
758,
737,
-758,
868,
998,
-1618,
-194,
1342,
-798,
-172,
1458,
-292,
-448,
905,
-931,
-10689,
5384,
1362,
-9781,
998,
4023,
-6610,
-1886,
2351,
-6173,
-3566,
2757,
-3092,
-3586,
2147,
-498,
-2481,
725,
187,
-859,
458,
253,
69,
-19,
-508,
767,
406,
-1294,
557,
954,
-1677,
-272,
1371,
-878,
-519,
1145,
-355,
-415,
942,
-941,
-10780,
5286,
1394,
-9719,
710,
3403,
-7051,
-1998,
2311,
-6174,
-3580,
2568,
-3114,
-3080,
2756,
-212,
-2318,
876,
180,
-957,
413,
254,
59,
-60,
-479,
925,
505,
-1318,
654,
1256,
-1366,
-198,
1050,
-1329,
-572,
1448,
-182,
-469,
841,
-963,
-10912,
5441,
1444,
-9860,
716,
3181,
-7702,
-2289,
2671,
-5851,
-3645,
2467,
-2859,
-2658,
2721,
-691,
-2551,
992,
216,
-1017,
403,
246,
75,
-46,
-626,
667,
391,
-1184,
815,
1218,
-1425,
-100,
1085,
-1333,
-244,
1979,
153,
-267,
1062,
-973,
-10934,
5328,
1494,
-9296,
1538,
3619,
-7641,
-2149,
2763,
-6012,
-3516,
3130,
-2417,
-2798,
2621,
-397,
-2176,
1210,
243,
-1174,
223,
186,
96,
5,
-599,
663,
496,
-1066,
502,
443,
-2090,
-305,
1075,
-1596,
-901,
1232,
-348,
-570,
820,
-967,
-10917,
5367,
1377,
-9835,
791,
3238,
-7772,
-2642,
2116,
-6214,
-3557,
2781,
-2850,
-3201,
2080,
-816,
-2290,
1057,
-43,
-1369,
109,
126,
110,
-93,
-793,
610,
504,
-1059,
784,
924,
-1880,
-439,
928,
-1572,
-806,
1180,
-592,
-807,
699,
-963,
-10752,
5572,
1714,
-9421,
1154,
3553,
-7572,
-2509,
2455,
-5720,
-3160,
3033,
-2857,
-3325,
2434,
-107,
-1991,
1043,
185,
-1041,
240,
140,
109,
-98,
-883,
368,
255,
-1337,
293,
500,
-1924,
-422,
714,
-1809,
-843,
1344,
-422,
-854,
533,
-970,
-10872,
5433,
1528,
-9455,
1332,
3512,
-7873,
-2591,
2450,
-6157,
-3896,
2306,
-3584,
-4024,
1724,
-904,
-2546,
952,
201,
-1131,
190,
131,
134,
58,
-715,
429,
331,
-1152,
610,
885,
-1720,
-390,
933,
-1447,
-750,
1217,
-367,
-569,
790,
-958,
-10795,
5300,
1368,
-9477,
1424,
3870,
-7342,
-2384,
2323,
-6018,
-3218,
3150,
-3017,
-3692,
2105,
-596,
-2568,
816,
196,
-1147,
135,
141,
102,
-14,
-653,
511,
217,
-1381,
348,
500,
-2125,
-556,
916,
-1605,
-971,
1101,
-606,
-1025,
463,
-963,
-11047,
5063,
1197,
-9758,
817,
2962,
-8360,
-3288,
1892,
-5976,
-3429,
2534,
-3088,
-3118,
2261,
-889,
-2522,
1015,
90,
-1272,
165,
155,
109,
0,
-652,
562,
204,
-1555,
142,
294,
-2296,
-495,
1189,
-1265,
-562,
1430,
-528,
-1050,
447,
-965,
-10977,
5267,
1620,
-9281,
1170,
3363,
-7726,
-2539,
2549,
-5521,
-3114,
2808,
-2999,
-3287,
2266,
-315,
-1591,
1785,
378,
-1338,
120,
192,
82,
-13,
-622,
591,
468,
-1063,
455,
476,
-1976,
-330,
971,
-1613,
-920,
1136,
-566,
-999,
359,
