-738,
-9034,
4467,
839,
-7225,
2593,
2383,
-7818,
-1185,
3122,
-5069,
-1776,
3600,
-3050,
-3000,
2434,
-1390,
-3589,
-54,
-606,
-1593,
36,
149,
68,
-179,
-679,
740,
364,
-1145,
851,
553,
-2599,
-477,
1830,
-743,
-836,
713,
-662,
-391,
1059,
-718,
-9117,
4130,
993,
-6872,
2076,
1583,
-8148,
-1601,
2956,
-4378,
-1437,
3197,
-2733,
-2365,
1768,
-2364,
-3222,
714,
-735,
-2103,
-145,
155,
60,
-165,
-616,
816,
364,
-1262,
723,
621,
-2249,
-155,
1795,
-773,
-383,
1212,
-687,
-532,
1301,
-578,
-9168,
2750,
470,
-5421,
2710,
519,
-8311,
-126,
4490,
-3536,
-1272,
3170,
-2095,
-1645,
1333,
-3235,
-3280,
1051,
-687,
-2176,
-190,
122,
76,
-172,
-628,
918,
582,
-996,
880,
719,
-1841,
343,
1790,
-825,
177,
1779,
-700,
-721,
1175,
-561,
-9151,
2481,
415,
-5019,
3079,
622,
-8369,
-203,
4624,
-3315,
-1160,
3557,
-1354,
-1063,
1880,
-2328,
-2413,
1494,
-394,
-1875,
-32,
129,
102,
-47,
-504,
1033,
718,
-1161,
325,
396,
-1794,
45,
936,
-1851,
-843,
1023,
-890,
-599,
1252,
-576,
-8954,
3005,
960,
-4664,
3669,
1639,
-7332,
853,
5890,
-2540,
-1445,
3030,
-1398,
-1071,
1818,
-1758,
-1365,
2150,
-207,
-1739,
12,
59,
170,
113,
-312,
1478,
1161,
-1172,
305,
811,
-1512,
-91,
909,
-1752,
-918,
1121,
-403,
-137,
1497,
-609,
-8963,
3424,
1327,
-4609,
4084,
2493,
-6942,
447,
5242,
-3050,
-1887,
2610,
-1667,
-1188,
1621,
-2067,
-1506,
2219,
-148,
-1697,
92,
77,
196,
277,
-157,
1511,
1185,
-1105,
452,
1090,
-1282,
77,
1431,
-893,
-305,
1435,
-94,
-83,
1177,
-665,
-9056,
3700,
1267,
-5066,
4278,
3264,
-6641,
-14,
4317,
-3870,
-2036,
2654,
-2099,
-1480,
2004,
-1656,
-1412,
2359,
44,
-1629,
133,
114,
180,
253,
-262,
1267,
990,
-1130,
485,
1139,
-1162,
209,
1508,
-792,
-170,
1465,
-240,
-359,
872,
-689,
-8845,
4040,
805,
-6332,
3259,
2500,
-7471,
-514,
3837,
-4777,
-2543,
2684,
-2751,
-2755,
1221,
-2077,
-2041,
1825,
-214,
-1905,
-126,
36,
207,
381,
-34,
1421,
1080,
-921,
760,
1490,
-465,
1020,
1861,
-598,
499,
2173,
-73,
-248,
1306,
-652,
-8697,
3927,
898,
-5755,
3951,
3290,
-6343,
856,
5217,
-3784,
-2160,
3054,
-1893,
-1809,
1933,
-1556,
-1845,
1836,
32,
-1544,
39,
80,
167,
232,
-175,
1111,
341,
-1731,
342,
1241,
-897,
559,
1512,
-1014,
33,
1875,
-256,
-408,
1258,
-608,
-9132,
3057,
245,
-5837,
3700,
2524,
-6806,
1233,
5942,
-3394,
-2353,
2567,
-2141,
-1805,
1729,
-1978,
-2164,
1598,
-176,
-1573,
93,
71,
187,
226,
-291,
1024,
174,
-2137,
13,
1117,
-1064,
520,
1660,
-1338,
-950,
884,
-889,
-692,
1320,
-612,
-9329,
2807,
292,
-6071,
2954,
2353,
-6844,
-32,
4732,
-3296,
-2630,
1175,
-3224,
-2563,
506,
-2981,
-2402,
1552,
-286,
-1554,
178,
92,
190,
229,
-435,
711,
-90,
-2323,
-113,
1234,
-1006,
120,
1438,
-1007,
-945,
422,
-884,
-257,
1554,
-653,
-9092,
3371,
853,
-6145,
2674,
2835,
-6141,
53,
5076,
-2128,
-1733,
1306,
-3210,
-2426,
703,
-2721,
-2371,
1248,
-572,
-1620,
234,
131,
183,
285,
-346,
829,
337,
-1710,
137,
1127,
-1261,
-395,
974,
-1031,
-886,
427,
-566,
117,
1585,
-712,
-9168,
3718,
1013,
-6417,
2602,
2972,
-6295,
-529,
4257,
-2296,
-504,
2797,
-3011,
-3072,
407,
-2707,
-2574,
987,
-476,
-1305,
383,
138,
174,
209,
-362,
921,
421,
-1423,
572,
1200,
-1297,
-121,
1021,
-1207,
-494,
994,
-637,
-162,
1536,
-725,
-9471,
3572,
1009,
-6338,
2824,
3177,
-6104,
22,
4959,
-2177,
-739,
3154,
-2081,
-2353,
634,
-2863,
-3028,
538,
-659,
-1375,
295,
115,
163,
157,
-341,
885,
31,
-2017,
179,
1042,
-1391,
-158,
1064,
-1063,
-191,
1255,
-736,
-506,
1270,
-741,
-9569,
3912,
1508,
-6152,
2672,
2915,
-6025,
510,
4919,
-3253,
-1938,
2473,
-2636,
-2818,
648,
-2519,
-2728,
708,
-632,
-1450,
256,
138,
127,
28,
-342,
1162,
343,
-1809,
368,
880,
-1969,
-231,
1775,
-534,
-151,
1159,
-1247,
-1360,
851,
-775,
-9864,
3911,
1423,
-6719,
1995,
2613,
-5875,
745,
4680,
-3879,
-2387,
2158,
-2974,
-2647,
1492,
-1785,
-2579,
626,
-600,
-1378,
249,
121,
119,
-76,
-466,
1186,
514,
-1452,
837,
1012,
-2205,
-240,
2021,
-454,
21,
1740,
-692,
-1126,
1026,
-816,
-10001,
4077,
1230,
-7367,
1838,
2953,
-5885,
324,
4504,
-3270,
-1220,
2955,
-2760,
-2365,
1731,
-2119,
-3094,
449,
-604,
-1366,
289,
126,
133,
-49,
-535,
1175,
763,
-1169,
836,
882,
-2098,
12,
2020,
-718,
-167,
1818,
-463,
-1102,
731,
-810,
-10229,
3675,
1105,
-7192,
1870,
3037,
-5398,
797,
4676,
-2995,
-736,
3169,
-2929,
-2435,
1964,
-1896,
-2909,
847,
-215,
-1324,
190,
104,
143,
70,
-377,
1006,
302,
-1359,
1240,
1501,
-1850,
-67,
1945,
-1082,
-1042,
1124,
-473,
-821,
952,
-805,
-10063,
3913,
1379,
-7067,
1733,
2681,
-6130,
-368,
3530,
-3710,
-892,
3682,
-2090,
-1906,
2312,
-1379,
-2736,
293,
-864,
-1519,
245,
131,
145,
123,
-346,
841,
67,
-1346,
1356,
1378,
-2110,
-304,
1641,
-1366,
-1174,
986,
-647,
-849,
993,
-799,
-10012,
4020,
1392,
-7360,
1076,
1692,
-7392,
-1543,
2969,
-3825,
-1441,
2460,
-3155,
-2269,
2251,
-1529,
-2894,
209,
-898,
-1501,
245,
94,
175,
131,
-500,
834,
563,
-623,
1912,
1923,
-1401,
281,
1950,
-1072,
-796,
1294,
-429,
-713,
991,
-782,
-9759,
4041,
1156,
-7457,
1482,
2486,
-6639,
-1007,
3383,
-3489,
-1067,
2818,
-3399,
-3256,
1433,
-1673,
-2860,
254,
-574,
-1124,
371,
107,
151,
-2,
-585,
980,
857,
-383,
2110,
2282,
-987,
326,
1618,
-1414,
-1092,
987,
-548,
-619,
1033,
-775,
-9739,
3999,
662,
-8184,
1169,
2579,
-6185,
83,
4522,
-3098,
-802,
3780,
-2362,
-2937,
1423,
-1366,
-2346,
493,
-765,
-1493,
142,
79,
128,
-112,
-618,
1068,
839,
-594,
1858,
2073,
-1172,
136,
1389,
-1642,
-1249,
969,
-283,
-139,
1309,
-797,
-9742,
4249,
845,
-8122,
1162,
2164,
-6618,
174,
4185,
-4390,
-1795,
3522,
-2638,
-2922,
2182,
-675,
-2206,
543,
-667,
-1529,
57,
57,
125,
-163,
-631,
1208,
828,
-1063,
1333,
1799,
-1582,
-324,
1579,
-930,
-818,
1010,
-217,
-76,
1090,
-775,
-9690,
4095,
708,
-7816,
1675,
2347,
-6472,
720,
4594,
-4571,
-2133,
3184,
-3144,
-3030,
2878,
68,
-1967,
775,
-198,
-1284,
-55,
-55,
184,
1,
-464,
1199,
577,
-1320,
1267,
1892,
-1227,
568,
2913,
198,
-486,
677,
-572,
-173,
958,
-760,
-9730,
3738,
364,
-7582,
2475,
3083,
-6274,
775,
5137,
-3798,
-1719,
3283,
-3232,
-3475,
2161,
-632,
-2427,
734,
30,
-1143,
-31,
-48,
190,
68,
-504,
854,
271,
-1345,
1169,
1648,
-1248,
835,
3324,
698,
-81,
802,
-623,
-134,
1200,
-776,
-9897,
3708,
375,
-7578,
2842,
3822,
-6064,
-109,
4065,
-3874,
-903,
4173,
-2651,
-3377,
1590,
-1422,
-2613,
1146,
345,
-1096,
65,
52,
149,
117,
-309,
983,
518,
-833,
1436,
1406,
-1608,
410,
2662,
199,
-176,
603,
-1177,
-556,
1313,
-748,
-9764,
3641,
-64,
-7989,
2823,
3859,
-6188,
-68,
4410,
-3324,
-261,
4610,
-2518,
-3337,
1536,
-1457,
-2278,
1527,
208,
-1405,
47,
100,
153,
236,
-207,
939,
411,
-980,
1325,
1382,
-1764,
50,
2359,
64,
-249,
525,
-1347,
-820,
1185,
-733,
-9749,
3609,
93,
-7881,
2390,
3122,
-6879,
-791,
3907,
-3513,
-792,
3829,
-2594,
-2933,
1468,
-1741,
-2210,
1516,
-182,
-1686,
85,
149,
159,
380,
-8,
1006,
443,
-797,
1674,
1925,
-1118,
344,
2167,
-45,
-43,
548,
-1622,
-877,
1529,
-725,
-9577,
3856,
583,
-7481,
2394,
3331,
-6196,
-268,
4169,
-3274,
-1015,
3162,
-2714,
-2205,
2297,
-1271,
-1995,
1581,
-209,
-1704,
96,
151,
166,
431,
71,
1023,
247,
-1207,
1387,
1915,
-1310,
-288,
1640,
-8,
271,
671,
-1808,
-1197,
1235,
-761,
-9614,
4012,
1222,
-6870,
2570,
3846,
-5182,
218,
4098,
-3132,
-750,
3365,
-2416,
-2218,
1693,
-1976,
-2537,
1155,
-350,
-1648,
63,
101,
181,
421,
69,
1012,
220,
-1093,
1429,
1581,
-1519,
38,
1715,
-760,
-467,
683,
-1553,
-1223,
1169,
-780,
-9655,
4156,
1461,
-6569,
2855,
3870,
-5178,
476,
4055,
-3618,
-735,
4030,
-2207,
-2791,
1257,
-1804,
-2324,
1023,
-439,
-1462,
208,
108,
173,
254,
-247,
875,
392,
-659,
1981,
1966,
-1278,
264,
1587,
-1268,
-654,
1048,
-1105,
-913,
1362,
-809,
-9888,
4132,
1266,
-7218,
2055,
3057,
-5897,
238,
4193,
-3549,
-576,
4541,
-1656,
-2414,
1750,
-1011,
-1507,
1491,
-297,
-1380,
282,
128,
153,
93,
-437,
999,
589,
-835,
1755,
1992,
-1251,
476,
2251,
-690,
-398,
1494,
-576,
-887,
1003,
-804,
-10039,
3879,
842,
-7483,
2154,
2884,
-6664,
-355,
4160,
-3618,
-943,
4235,
-1781,
-2536,
1529,
-1297,
-1738,
1371,
-374,
-1441,
251,
116,
158,
74,
-473,
1042,
630,
-934,
1596,
1714,
-1783,
-53,
1819,
-1318,
-912,
1625,
-251,
-952,
820,
-808,
-9818,
4152,
921,
-7553,
2494,
4007,
-5312,
290,
4052,
-3903,
-1498,
3252,
-2332,
-2148,
2013,
-1344,
-1971,
1294,
-312,
-1390,
180,
54,
175,
83,
-337,
1222,
349,
-1600,
1171,
1689,
-1658,
1,
1801,
-1057,
-297,
2152,
115,
-571,
1051,
-794,
-9502,
4527,
1130,
-7765,
2083,
4043,
-4859,
351,
3609,
-3920,
-774,
3690,
-2748,
-2383,
2683,
-673,
-1958,
1150,
-452,
-1746,
-67,
61,
138,
41,
-343,
1125,
388,
-1466,
1038,
1647,
-1418,
-288,
967,
-1380,
-50,
2272,
140,
-452,
1058,
-788,
-9495,
4655,
1242,
-7814,
1972,
3905,
-5194,
-187,
3162,
-3905,
-220,
4258,
-2687,
-2423,
3139,
-78,
-1758,
1136,
-447,
-1769,
-88,
55,
162,
193,
-199,
1183,
638,
-1101,
1151,
1667,
-1349,
-430,
867,
-972,
452,
2322,
-58,
-645,
832,
-785,
-9725,
4368,
971,
-7978,
2005,
4001,
-5214,
21,
3972,
-3084,
-114,
4061,
-2648,
-2576,
2558,
-499,
-1839,
969,
-672,
-1720,
103,
120,
149,
164,
-276,
1137,
589,
-1389,
632,
1240,
-1488,
-331,
1031,
-931,
469,
2585,
280,
-665,
509,
-780,
-9960,
3729,
305,
-8175,
1833,
3163,
-6211,
-228,
4094,
-3517,
-940,
3608,
-2735,
-2882,
1959,
-871,
-1671,
1451,
-246,
-1511,
173,
150,
134,
201,
-107,
1130,
272,
-1586,
619,
1021,
-1696,
-177,
1228,
-814,
738,
2717,
81,
-712,
728,
-736,
-9987,
3060,
-345,
-8282,
1729,
3063,
-5616,
998,
5348,
-2583,
-545,
3366,
-3441,
-3719,
1369,
-1027,
-1501,
1764,
-48,
-1617,
-22,
106,
128,
186,
-92,
997,
-18,
-1778,
434,
618,
-2035,
-131,
1357,
-991,
413,
2504,
-98,
-908,
633,
-711,
-9551,
3585,
80,
-8038,
1923,
3359,
-5411,
835,
5169,
-2226,
-103,
2955,
-4551,
-4579,
1089,
-998,
-1352,
1910,
54,
-1454,
156,
157,
125,
190,
-142,
1044,
339,
-1267,
785,
737,
-1952,
199,
1979,
-416,
682,
2686,
262,
-514,
846,
-736,
-9351,
4034,
347,
-8079,
2123,
3932,
-4861,
1280,
5415,
-2531,
-667,
2900,
-4057,
-4113,
1223,
-1178,
-1702,
1674,
83,
-1337,
139,
79,
187,
307,
-198,
891,
265,
-1201,
1222,
1554,
-1442,
62,
1724,
-681,
1,
1945,
86,
-361,
894,
-765,
-9423,
4306,
597,
-8114,
2056,
3878,
-4910,
1165,
4623,
-3981,
-1557,
3031,
-3709,
-3914,
1334,
-1492,
-2389,
1291,
139,
-1349,
-90,
-53,
227,
266,
-382,
672,
-87,
-1668,
951,
1407,
-1766,
-148,
1903,
-604,
-301,
1715,
108,
-306,
1023,
-792,
-9588,
4338,
810,
-8007,
1689,
3067,
-5583,
743,
3995,
-4624,
-1855,
2695,
-4007,
-3498,
2137,
-1157,
-2489,
1159,
47,
-1428,
-170,
-93,
229,
171,
-490,
757,
70,
-1603,
848,
1055,
-1975,
194,
2314,
-533,
-154,
2005,
102,
-557,
823,
-812,
-9885,
4209,
874,
-8130,
1288,
2731,
-5923,
33,
3220,
-4807,
-1491,
2974,
-4206,
-3974,
1828,
-1144,
-2302,
1370,
171,
-1427,
-179,
-69,
205,
115,
-487,
820,
50,
-1872,
440,
804,
-2134,
-170,
1858,
-667,
97,
2270,
140,
-511,
1087,
-797,
-9779,
4058,
650,
-8067,
1609,
3005,
-5884,
-97,
3107,
-4695,
-879,
3979,
-3557,
-3984,
1875,
-628,
-1760,
1692,
420,
-1237,
-50,
10,
156,
53,
-368,
1073,
352,
-1604,
578,
988,
-1733,
211,
2058,
-554,
40,
2010,
-75,
-635,
903,
-781,
-9937,
3772,
468,
-8275,
1170,
2743,
-5967,
-731,
2016,
-5509,
-1519,
3223,
-4165,
-4570,
997,
-1357,
-1973,
1618,
283,
-1230,
71,
66,
132,
-13,
-373,
1330,
850,
-1174,
841,
1415,
-1049,
698,
2132,
-644,
-208,
1590,
-223,
-413,
986,
-771,
-9808,
3644,
698,
-7901,
863,
2414,
-5717,
-652,
1993,
-5003,
-1015,
3677,
-2887,
-2963,
1850,
-883,
-1290,
2244,
754,
-770,
352,
106,
143,
4,
-501,
1034,
535,
-1468,
463,
1110,
-937,
1092,
2303,
-765,
-282,
1615,
-324,
-615,
885,
-748,
-9583,
3607,
454,
-7855,
1089,
1855,
-7164,
-1520,
2587,
-4013,
-817,
3315,
-3163,
-3092,
1693,
-1143,
-1597,
2112,
867,
-652,
343,
75,
165,
94,
-423,
989,
550,
-1182,
754,
1206,
-732,
1472,
2543,
-586,
135,
2112,
-88,
-661,
806,
-451,
-7495,
2037,
-1427,
-6042,
3495,
1703,
-8574,
-2213,
2953,
-4105,
-1994,
3597,
-710,
-1445,
2131,
-55,
-729,
1689,
352,
-711,
282,
34,
169,
93,
-496,
687,
409,
-956,
743,
720,
-1694,
-118,
1010,
-1485,
-675,
1401,
-142,
-442,
852,
-227,
-6386,
347,
-2213,
-4319,
3291,
-9,
-8441,
-2624,
662,
-5039,
-1806,
3026,
-450,
-423,
1830,
-508,
-143,
1775,
-173,
-723,
422,
5,
179,
-24,
-581,
690,
318,
-697,
1052,
247,
-2046,
285,
944,
-2051,
-729,
1452,
-219,
-132,
1081,
-143,
-6608,
-1091,
-2384,
-3386,
2283,
-1566,
-8200,
-2195,
800,
-4299,
-2020,
1605,
-959,
-183,
1683,
-530,
-43,
1507,
-365,
-720,
352,
-2,
131,
-206,
-636,
725,
416,
-466,
1107,
173,
-1921,
338,
898,
-1769,
-426,
1401,
-262,
-26,
1159,
-138,
-6241,
-1092,
-2537,
-3328,
2601,
-858,
-7352,
-1748,
1277,
-3116,
-894,
1645,
-1424,
-2,
2465,
64,
114,
1505,
-393,
-800,
287,
-5,
112,
-321,
-815,
614,
336,
-717,
880,
367,
-1600,
210,
537,
-1811,
-218,
1418,
-515,
-167,
1387,
-156,
-6214,
-1099,
-2614,
-3499,
2516,
-580,
-6976,
-1965,
511,
-3423,
-238,
2364,
-1553,
-548,
2127,
-435,
-743,
942,
-429,
-744,
281,
1,
113,
-232,
-603,
848,
580,
-533,
964,
456,
-1708,
-228,
425,
-1261,
226,
1358,
-550,
-16,
1387,
-142,
-6628,
-1845,
-3465,
-4098,
2630,
385,
-6006,
-1710,
586,
-3040,
112,
2523,
-1571,
-770,
2226,
223,
-253,
1065,
-144,
-420,
348,
14,
73,
-349,
-549,
896,
545,
-100,
1708,
700,
-1753,
72,
723,
-1432,
-106,
1270,
-445,
-20,
1169,
-149,
-6424,
-1436,
-3087,
-3790,
3190,
1272,
-5101,
-1153,
767,
-2714,
912,
3327,
-1129,
-471,
2429,
265,
-211,
982,
-510,
-702,
318,
-5,
121,
-186,
-508,
815,
369,
-435,
1564,
875,
-1761,
-96,
815,
-1372,
-358,
1046,
-584,
-237,
1043,
-148,
-6185,
-1240,
-3090,
-4181,
2758,
1520,
-4554,
-1399,
-156,
-3327,
988,
3850,
-685,
-616,
1878,
-117,
-287,
1080,
-333,
-608,
292,
-29,
132,
-143,
-461,
765,
223,
-606,
1397,
834,
-1579,
224,
1276,
-694,
322,
1331,
-807,
-644,
834,
-140,
-5984,
-867,
-3403,
-4710,
3187,
2291,
-4038,
-802,
-243,
-4489,
122,
3809,
-481,
-327,
1655,
-1270,
-1236,
1050,
-151,
-591,
282,
-59,
165,
-69,
-363,
978,
146,
-1232,
812,
573,
-1702,
374,
1476,
-829,
397,
1917,
-471,
-829,
651,
-112,
-5984,
-521,
-3656,
-5682,
2604,
1941,
-4837,
-1514,
-731,
-5347,
-718,
3540,
-501,
-312,
1549,
-1838,
-1780,
1180,
181,
-587,
165,
-123,
228,
153,
-358,
614,
-123,
-1092,
1269,
1088,
-1457,
423,
1642,
-722,
311,
2058,
-24,
-484,
797,
-148,
-6041,
-81,
-3415,
-6142,
2265,
2187,
-4592,
-1507,
-689,
-5287,
-766,
3401,
-518,
388,
3114,
-413,
-1311,
1131,
187,
-574,
150,
-96,
189,
16,
-527,
422,
-272,
-1220,
1085,
1073,
-1278,
278,
1214,
-763,
488,
1781,
-570,
-913,
338,
-216,
-6090,
715,
-3113,
-6365,
3005,
3133,
-4363,
-1245,
-858,
-6259,
-1161,
3251,
-1634,
-322,
3663,
-174,
-1718,
1045,
270,
-622,
211,
-23,
161,
-4,
-437,
767,
36,
-1419,
803,
1326,
-737,
675,
1352,
-931,
102,
1319,
-982,
-1016,
540,
-268,
-5620,
2493,
-1356,
-6138,
3172,
4556,
-3412,
-1513,
-939,
-6660,
-2849,
1799,
-2195,
-1165,
2801,
-435,
-2104,
389,
-143,
-827,
179,
42,
129,
20,
-509,
449,
-24,
-1386,
327,
706,
-1369,
-294,
582,
-1301,
-354,
1111,
-769,
-930,
677,
-137,
-4643,
4104,
-1195,
-8167,
1191,
3964,
-3313,
-1524,
-2043,
-9234,
-5213,
1017,
-2208,
-1239,
2745,
-712,
-2707,
-7,
-231,
-1004,
-82,
-56,
151,
18,
-471,
603,
132,
-1240,
645,
1036,
-1458,
-807,
-131,
-2188,
-1157,
828,
-661,
-861,
724,
-47,
-4253,
4849,
-1631,
-9561,
748,
4204,
-3098,
-593,
-1206,
-9792,
-5737,
1837,
-1160,
-820,
2887,
-580,
-2438,
402,
56,
-892,
-51,
-67,
162,
15,
-456,
760,
303,
-1104,
767,
697,
-2363,
-1578,
-618,
-2942,
-2244,
-237,
-1379,
-1031,
812,
-13,
-4163,
4685,
-1606,
-9854,
41,
4441,
-2611,
-1356,
-1748,
-9461,
-6326,
920,
-924,
-781,
2043,
-957,
-2281,
379,
-22,
-963,
-154,
-86,
164,
107,
-329,
786,
602,
-718,
554,
496,
-1868,
-1032,
-214,
-2454,
-2241,
-610,
-1338,
-878,
621,
-15,
-4003,
4587,
-1697,
-9485,
992,
5636,
-2031,
-1681,
-1936,
-8872,
-5725,
1074,
-863,
-894,
1580,
-1184,
-1814,
1095,
332,
-977,
-188,
-58,
144,
120,
-249,
722,
374,
-930,
385,
468,
-1544,
-475,
290,
-2024,
-1841,
-402,
-1495,
-1348,
108,
-14,
-4037,
4376,
-2238,
-9358,
2212,
6191,
-3012,
-2812,
-2225,
-8269,
-4642,
1364,
-1726,
-1709,
1078,
-1847,
-2122,
1298,
308,
-1243,
-280,
-48,
138,
108,
-240,
797,
463,
-640,
1098,
1162,
-1201,
-137,
637,
-1866,
-1615,
-143,
-1532,
-1517,
-26,
-30,
-4114,
3436,
-2840,
-8561,
3163,
5845,
-4280,
-3630,
-1961,
-7809,
-4951,
717,
-2340,
-2826,
-77,
-1925,
-1655,
1206,
-30,
-1240,
-160,
-24,
134,
103,
-144,
1033,
621,
-642,
1057,
1066,
-1279,
137,
1254,
-1338,
-1220,
360,
-1136,
-1477,
-64,
-60,
-4013,
2603,
-3037,
-7081,
4012,
4326,
-6266,
-3913,
-1114,
-7196,
-4477,
1347,
-2372,
-3639,
-247,
-1139,
-1343,
715,
-275,
-1059,
-70,
-32,
130,
77,
-69,
1103,
448,
-836,
1131,
1202,
-1270,
239,
1485,
-1309,
-1334,
578,
-667,
-1284,
-146,
-62,
-3780,
2424,
-2871,
-5478,
5596,
3809,
-7183,
-2938,
134,
-7037,
-3851,
2408,
-2412,
-3860,
651,
-120,
-1069,
762,
-91,
-809,
143,
31,
126,
90,
-135,
1028,
496,
-774,
1057,
993,
-1510,
28,
1286,
-1359,
-1087,
915,
-475,
-1220,
-206,
-60,
-3764,
2322,
-2939,
-4870,
6191,
2947,
-8387,
-2868,
284,
-7499,
-3770,
2534,
-3148,
-4313,
946,
-73,
-1292,
716,
-120,
-853,
138,
11,
141,
69,
-189,
1066,
559,
-575,
1334,
809,
-1766,
472,
1709,
-1469,
-877,
1320,
-645,
-1410,
18,
-90,
-3977,
2327,
-2675,
-4486,
6218,
2197,
-9171,
-2791,
577,
-7887,
-4594,
1609,
-4025,
-4547,
1391,
64,
-1902,
35,
-353,
-837,
152,
17,
132,
75,
-88,
1150,
578,
-483,
1310,
602,
-1527,
1194,
2009,
-1615,
-736,
1573,
-698,
-1465,
120,
-101,
-4132,
2305,
-1924,
-3267,
6859,
2246,
-8951,
-2056,
1585,
-7191,
-4306,
2046,
-3444,
-4148,
1918,
682,
-1725,
55,
-70,
-638,
123,
3,
118,
-12,
-314,
747,
261,
-527,
1496,
1035,
-1109,
1242,
1848,
-1783,
-884,
1660,
-441,
-1325,
249,
-101,
-4343,
1889,
-1668,
-2884,
6523,
2314,
-8429,
-2364,
1281,
-6699,
-4206,
1756,
-3361,
-4324,
1416,
484,
-1990,
-365,
-132,
-562,
92,
5,
105,
7,
-314,
615,
285,
-580,
1043,
1039,
-576,
1167,
1709,
-998,
-194,
1640,
-424,
-1288,
102,
-100,
-4323,
2123,
-1680,
-2536,
7376,
2200,
-8924,
-1764,
1340,
-7970,
-4562,
2348,
-3547,
-4633,
1824,
960,
-1520,
211,
142,
-512,
126,
-10,
121,
-17,
-326,
736,
122,
-940,
1124,
1206,
-687,
1246,
1743,
-1256,
-25,
2014,
-662,
-1604,
233,
-88,
-4416,
2099,
-1467,
-2082,
7524,
1614,
-9380,
-1077,
2426,
-7716,
-4772,
2592,
-3010,
-4300,
2080,
1409,
-956,
718,
544,
-270,
169,
-36,
129,
-78,
-401,
881,
357,
-934,
1042,
1261,
-694,
1175,
2065,
-573,
400,
2097,
-515,
-1498,
12,
-84,
-4591,
1800,
-1128,
-1775,
6985,
1347,
-9267,
-1413,
2748,
-6550,
-4590,
2001,
-3198,
-4585,
1800,
1781,
-683,
576,
634,
-95,
151,
-48,
124,
-57,
-430,
666,
295,
-871,
960,
1560,
-149,
1124,
2011,
-138,
332,
1692,
-243,
-1104,
-54,
-82,
-4671,
2031,
-1160,
-1521,
7697,
912,
-10241,
-1177,
2814,
-7321,
-4312,
2739,
-3582,
-4899,
2125,
1594,
-1184,
420,
582,
-92,
213,
-49,
127,
-126,
-442,
799,
92,
-1162,
1071,
1308,
-705,
1358,
2391,
-299,
582,
2078,
-635,
-1330,
419,
-89,
-4653,
2057,
-1212,
-1609,
7627,
771,
-10348,
-1153,
2621,
-7771,
-4415,
3068,
-3305,
-4679,
2309,
1340,
-1720,
151,
490,
-241,
158,
-24,
113,
-136,
-470,
840,
332,
-962,
1111,
1329,
-924,
906,
2317,
-56,
493,
1811,
-658,
-1311,
346,
-91,
-4721,
1505,
-563,
-681,
6574,
224,
-8683,
-898,
1407,
-6542,
-2623,
2167,
-3874,
-3288,
2459,
367,
-1334,
730,
-16,
-561,
288,
-42,
158,
-243,
-860,
762,
310,
-1267,
1337,
2158,
-495,
774,
1993,
-598,
-50,
1737,
-289,
-977,
344,
-98,
-4941,
774,
205,
64,
5141,
76,
-6908,
-1503,
41,
-5238,
-1986,
555,
-4272,
-2658,
1984,
50,
-792,
836,
-349,
-707,
245,
-63,
167,
-220,
-944,
516,
316,
-1071,
1187,
2118,
-160,
660,
1663,
-338,
155,
1401,
-548,
-1051,
251,
-121,
-5062,
1366,
124,
-230,
5910,
147,
-7998,
-1843,
-126,
-5880,
-1769,
909,
-4840,
-2867,
2143,
-365,
-941,
1222,
-239,
-742,
229,
-144,
214,
-279,
-1020,
733,
181,
-1456,
1384,
2330,
-129,
1124,
1611,
-1215,
-25,
1751,
-646,
-960,
565,
-148,
-5087,
2030,
133,
-1060,
6059,
630,
-8911,
-2469,
684,
-5895,
-2581,
1476,
-4275,
-3876,
1646,
222,
-1125,
737,
101,
-466,
81,
-174,
189,
-228,
-775,
797,
282,
-1171,
1231,
1970,
-19,
1218,
1264,
-1543,
-111,
1811,
-501,
-911,
514,
-177,
-5358,
2280,
709,
-794,
6149,
710,
-9097,
-2296,
1430,
-6019,
-3483,
1473,
-3910,
-3992,
2155,
990,
-1493,
172,
213,
-449,
-7,
-106,
147,
-104,
-605,
649,
460,
-872,
717,
1370,
-144,
956,
1324,
-914,
7,
1545,
-422,
-931,
365,
-219,
-5637,
2762,
722,
-1030,
6480,
221,
-9926,
-1773,
1749,
-6369,
-2639,
2216,
-4535,
-3952,
2748,
509,
-1923,
412,
64,
-686,
110,
-58,
151,
-180,
-704,
907,
734,
-637,
1124,
1010,
-987,
1262,
1995,
-1094,
56,
1940,
-632,
-1120,
490,
-277,
-6024,
3081,
790,
-2139,
5614,
580,
-9746,
-2115,
2272,
-5514,
-2907,
1582,
-4575,
-4101,
2097,
-197,
-2439,
270,
280,
-521,
115,
-60,
152,
-122,
-517,
1233,
1057,
-688,
858,
1105,
-844,
974,
1696,
-1369,
-478,
1769,
-323,
-1204,
139,
-351,
-6372,
3351,
830,
-2941,
5255,
1194,
-9525,
-2502,
2611,
-4378,
-1935,
2265,
-4118,
-4171,
1724,
-460,
-2719,
-106,
40,
-571,
133,
-51,
159,
-25,
-312,
1410,
1022,
-1034,
435,
940,
-945,
657,
1521,
-1128,
-247,
1639,
-634,
-1371,
274,
-401,
-6877,
3574,
673,
-3386,
5608,
1291,
-9957,
-2266,
2505,
-5467,
-2249,
2606,
-4470,
-4500,
1808,
-634,
-2752,
174,
103,
-465,
378,
-18,
201,
95,
-130,
1945,
1338,
-1387,
345,
1392,
-665,
858,
1852,
-892,
67,
1935,
-739,
-1561,
225,
-450,
-7062,
3895,
863,
-3939,
5363,
2218,
-8883,
-1951,
2381,
-6009,
-3183,
2153,
-4309,
-4504,
1747,
-368,
-2619,
37,
168,
-208,
534,
18,
197,
152,
-65,
1821,
1124,
-1499,
305,
1494,
-438,
935,
1832,
-892,
-234,
1449,
-785,
-1261,
299,
-493,
-7230,
4418,
932,
-4966,
4828,
3103,
-7773,
-1738,
1953,
-6384,
-3582,
1235,
-5232,
-4442,
2466,
32,
-2604,
-10,
91,
-243,
588,
40,
216,
311,
81,
1652,
868,
-1354,
576,
1422,
-468,
1104,
1642,
-1184,
59,
1906,
-693,
-1218,
465,
-533,
-7431,
4378,
773,
-5544,
4442,
3581,
-6934,
-1129,
2818,
-5049,
-2699,
1166,
-5644,
-4645,
2589,
543,
-1994,
122,
-276,
-592,
496,
47,
206,
278,
43,
1601,
611,
-1954,
-89,
999,
-731,
851,
1357,
-1437,
185,
2519,
-215,
-1246,
395,
-528,
-7515,
4095,
233,
-6371,
3642,
3572,
-6045,
-209,
3482,
-4295,
-2418,
378,
-6617,
-5043,
2354,
494,
-1440,
719,
-268,
-833,
411,
59,
183,
167,
-117,
1402,
444,
-1681,
692,
1569,
-693,
782,
1251,
-1689,
164,
2902,
161,
-1236,
106,
-538,
-7542,
4178,
-29,
-6971,
3252,
3354,
-6158,
240,
4242,
-4170,
-3101,
-431,
-6957,
-4933,
2416,
478,
-973,
1545,
188,
-726,
585,
175,
149,
183,
-142,
1273,
517,
-1453,
659,
1317,
-865,
700,
1373,
-1230,
513,
2836,
217,
-804,
395,
-576,
-7838,
4159,
-339,
-7679,
3079,
3624,
-6410,
-252,
4260,
-3956,
-2934,
119,
-6149,
-4575,
1967,
-626,
-2166,
800,
-232,
-1126,
334,
143,
139,
179,
-73,
1311,
438,
-1491,
981,
1921,
-597,
514,
1377,
-935,
544,
2603,
149,
-633,
671,
-590,
-7887,
4288,
-364,
-8086,
2923,
4270,
-5597,
-107,
4016,
-3946,
-2729,
348,
-5681,
-4008,
2143,
-733,
-2070,
1063,
-97,
-1101,
344,
136,
147,
155,
-224,
1093,
262,
-1588,
938,
1789,
-860,
298,
1132,
-1488,
-152,
2087,
-218,
-806,
835,
-632,
-8018,
4598,
-143,
-8560,
2352,
4294,
-5510,
-803,
2655,
-5197,
-3276,
735,
-4593,
-3028,
2352,
-940,
-1897,
1684,
435,
-949,
251,
53,
189,
163,
-433,
921,
651,
-712,
1487,
1643,
-1085,
430,
1327,
-1348,
56,
2116,
-423,
-797,
1086,
-651,
-8266,
4466,
186,
-8539,
1195,
2979,
-5860,
-1038,
1760,
-5935,
-3308,
771,
-5046,
-3796,
1732,
-1193,
-1972,
1558,
309,
-974,
274,
63,
181,
113,
-476,
1079,
1084,
-186,
1856,
1582,
-1650,
-27,
1635,
-684,
302,
2012,
-490,
-768,
1285,
-679,
-8525,
4588,
719,
-8410,
710,
2792,
-5660,
-1244,
1393,
-5836,
-3015,
1064,
-4625,
-3479,
1908,
-952,
-1811,
1721,
743,
-574,
418,
142,
97,
-122,
-587,
890,
723,
-461,
1227,
356,
-2492,
-113,
1500,
-1067,
-84,
1485,
-928,
-747,
1447,
-720,
-8852,
4536,
1041,
-8213,
432,
2369,
-5884,
-1364,
1268,
-5913,
-2902,
1542,
-3966,
-3090,
2061,
-795,
-1901,
1281,
417,
-609,
422,
131,
94,
-143,
-500,
1031,
709,
-446,
1434,
444,
-2505,
283,
2217,
-644,
117,
2014,
-225,
-501,
1252,
