-676,
-8518,
5034,
3866,
-3737,
3494,
4185,
-3883,
1224,
5293,
-1534,
-357,
3540,
-1322,
-1736,
1942,
-808,
-2002,
959,
410,
-696,
189,
100,
84,
-35,
-402,
745,
500,
-643,
1098,
1301,
-952,
62,
877,
-1214,
-542,
908,
-659,
-666,
758,
-699,
-8643,
4925,
3510,
-4272,
3134,
3945,
-4222,
603,
4362,
-2128,
-143,
3887,
-1351,
-1769,
2014,
-775,
-1883,
1023,
218,
-878,
182,
119,
76,
-53,
-356,
897,
580,
-651,
1187,
1440,
-724,
591,
1467,
-929,
-430,
1082,
-428,
-508,
703,
-690,
-8664,
4384,
3306,
-3846,
3165,
3561,
-4105,
1183,
4871,
-1857,
-154,
3806,
-1279,
-1804,
1770,
-906,
-1866,
1036,
281,
-793,
188,
104,
81,
-38,
-288,
1002,
622,
-760,
917,
1030,
-1366,
-266,
796,
-1127,
-431,
942,
-686,
-746,
567,
-665,
-8749,
4013,
3115,
-3409,
3350,
2606,
-5029,
1543,
5334,
-2569,
-1139,
3445,
-1471,
-2031,
1732,
-1014,
-2168,
893,
350,
-752,
163,
84,
97,
22,
-214,
1049,
550,
-1001,
730,
1154,
-1019,
113,
1203,
-675,
-26,
1202,
-553,
-606,
717,
-715,
-8708,
4879,
3642,
-4072,
3169,
3948,
-3990,
942,
4256,
-3058,
-1344,
3267,
-1481,
-1866,
2047,
-637,
-1970,
829,
200,
-779,
252,
117,
109,
94,
-309,
813,
540,
-949,
566,
1119,
-891,
-51,
873,
-963,
-568,
628,
-570,
-247,
1026,
-724,
-8742,
4831,
3618,
-4212,
2843,
3614,
-4281,
744,
4363,
-2811,
-1252,
3395,
-1254,
-1782,
2219,
-148,
-1608,
840,
205,
-662,
355,
173,
69,
-2,
-317,
929,
884,
-352,
955,
985,
-1107,
-15,
807,
-1322,
-813,
740,
-383,
-234,
961,
-720,
-8830,
4711,
3469,
-4168,
3272,
4153,
-4005,
816,
4570,
-2273,
-527,
4037,
-819,
-1663,
2010,
-339,
-1572,
855,
172,
-517,
543,
217,
65,
-24,
-376,
849,
709,
-490,
1027,
983,
-1234,
234,
1364,
-1012,
-677,
975,
-204,
-189,
917,
-685,
-8588,
4741,
3592,
-3663,
3733,
4196,
-4124,
936,
4994,
-2077,
-1240,
3000,
-687,
-429,
2741,
-556,
-1775,
1040,
328,
-566,
429,
162,
90,
48,
-221,
1011,
590,
-857,
919,
1342,
-922,
-74,
731,
-1085,
-128,
1256,
-508,
-515,
869,
-655,
-8511,
4666,
3508,
-3544,
3881,
4130,
-4209,
1256,
5761,
-1531,
-1689,
1917,
-1122,
79,
3177,
-706,
-2015,
1021,
315,
-739,
206,
82,
94,
-52,
-266,
1159,
567,
-1128,
903,
1536,
-1122,
-562,
532,
-1097,
-325,
1111,
-309,
-271,
895,
-709,
-8847,
4795,
3622,
-3896,
3755,
4658,
-3769,
757,
4405,
-2529,
-1231,
2884,
-1494,
-1284,
2559,
-493,
-1986,
763,
133,
-813,
220,
118,
81,
-56,
-417,
813,
639,
-374,
1593,
1829,
-563,
431,
1183,
-1147,
-577,
1037,
-320,
-277,
987,
-698,
-8830,
4906,
3743,
-3895,
3777,
4979,
-3063,
1745,
5369,
-1903,
-795,
3288,
-1561,
-1919,
2090,
-540,
-2056,
655,
226,
-678,
253,
125,
70,
-100,
-472,
794,
717,
-390,
1170,
1124,
-1100,
294,
1343,
-954,
-456,
1193,
-203,
-385,
775,
-702,
-8831,
4725,
3473,
-4135,
3549,
4914,
-2899,
1803,
5387,
-1330,
164,
3902,
-1248,
-1709,
1822,
-1081,
-2122,
936,
307,
-700,
317,
153,
79,
-19,
-429,
636,
306,
-929,
682,
721,
-1389,
272,
1634,
-547,
-214,
1200,
-206,
-278,
830,
-712,
-8807,
4881,
3622,
-4048,
3435,
4287,
-3688,
1529,
5461,
-1337,
103,
3605,
-1966,
-2327,
1760,
-826,
-1882,
1085,
392,
-617,
390,
173,
74,
-62,
-571,
408,
70,
-1049,
781,
1001,
-1118,
247,
1299,
-721,
-34,
1245,
-497,
-516,
780,
-719,
-8780,
4986,
3813,
-3948,
3207,
3877,
-4046,
726,
3780,
-2944,
-445,
3514,
-2289,
-2455,
2023,
-608,
-1794,
1097,
187,
-909,
239,
133,
89,
-77,
-668,
369,
-4,
-1370,
504,
877,
-1592,
-525,
768,
-1166,
-606,
990,
-384,
-532,
613,
-686,
-8801,
5005,
3934,
-3761,
3620,
4643,
-3425,
953,
4265,
-2123,
-37,
3626,
-1916,
-2224,
1704,
-1009,
-1885,
1240,
455,
-657,
360,
166,
73,
-118,
-704,
396,
291,
-871,
657,
599,
-1746,
-542,
500,
-1405,
-471,
1108,
-570,
-661,
768,
-677,
-8776,
5020,
3892,
-3712,
3853,
4836,
-3154,
1799,
5296,
-1871,
-288,
3832,
-1358,
-1798,
2054,
-971,
-2448,
693,
462,
-449,
475,
233,
23,
-187,
-607,
485,
246,
-873,
760,
812,
-1317,
52,
1092,
-947,
-232,
1329,
-56,
-69,
1001,
-689,
-8715,
5102,
3838,
-3780,
3950,
4840,
-3457,
1358,
4855,
-2299,
-780,
3161,
-2038,
-2257,
1771,
-980,
-2082,
1028,
485,
-507,
440,
187,
59,
-125,
-538,
723,
534,
-734,
887,
971,
-1293,
-112,
672,
-1612,
-818,
1012,
-239,
-195,
912,
-718,
-8864,
4794,
3565,
-4094,
3566,
4825,
-3227,
1156,
4279,
-2928,
-1565,
2511,
-2181,
-2331,
1513,
-1011,
-1938,
896,
136,
-792,
252,
95,
112,
-10,
-597,
375,
125,
-975,
712,
808,
-1244,
167,
885,
-1670,
-1060,
737,
-552,
-548,
673,
-713,
-8708,
5036,
3820,
-3890,
3672,
4672,
-3791,
413,
3913,
-2611,
-776,
3379,
-1461,
-1771,
1932,
-806,
-1970,
789,
94,
-759,
357,
188,
50,
-131,
-581,
499,
268,
-939,
385,
240,
-1525,
257,
1093,
-1246,
-389,
1295,
-236,
-332,
802,
-697,
-8710,
4979,
3839,
-3770,
3742,
4747,
-3533,
802,
4382,
-1893,
155,
4050,
-1399,
-2044,
1867,
-529,
-1695,
783,
-64,
-856,
299,
138,
85,
-66,
-515,
703,
476,
-966,
365,
355,
-1701,
-195,
920,
-1094,
-145,
1660,
76,
-264,
894,
-717,
-8682,
5057,
3797,
-4045,
3100,
3680,
-4358,
867,
4697,
-2209,
-529,
3571,
-1644,
-2228,
1631,
-684,
-1487,
1121,
-61,
-1028,
276,
167,
73,
-116,
-652,
630,
615,
-674,
876,
984,
-1496,
-497,
743,
-832,
243,
1824,
-77,
-608,
501,
-710,
-8695,
5012,
3513,
-4304,
3266,
3801,
-4728,
637,
4955,
-2148,
-824,
3553,
-1376,
-2078,
1734,
-661,
-1801,
783,
-48,
-967,
164,
103,
89,
-11,
-250,
1158,
895,
-563,
1086,
1529,
-406,
735,
1292,
-1079,
-281,
1393,
-192,
-405,
680,
-715,
-8665,
5049,
3642,
-4327,
3125,
4301,
-3654,
1091,
4645,
-2151,
-337,
3793,
-1419,
-1825,
2264,
-416,
-1915,
790,
217,
-753,
210,
99,
90,
-63,
-486,
757,
545,
-914,
461,
706,
-1110,
334,
1207,
-1080,
-422,
1272,
-166,
-398,
682,
-718,
-8787,
4966,
3644,
-4105,
3634,
4777,
-3579,
896,
4627,
-1902,
-309,
3283,
-1986,
-1945,
2332,
-459,
-1894,
877,
163,
-846,
219,
119,
86,
-73,
-520,
777,
633,
-845,
590,
891,
-1124,
159,
1244,
-820,
-307,
1100,
-418,
-523,
688,
-732,
-8734,
5043,
3636,
-4412,
3075,
4367,
-3759,
437,
3532,
-3379,
-1605,
2645,
-1995,
-1905,
2154,
-438,
-1528,
1121,
83,
-963,
207,
125,
87,
-66,
-564,
594,
294,
-1157,
507,
947,
-1151,
82,
1330,
-559,
-112,
1103,
-423,
-380,
812,
-734,
-8704,
4917,
3388,
-4599,
3016,
4114,
-4511,
-284,
3469,
-3222,
-1594,
2997,
-1552,
-2152,
1737,
-318,
-1475,
719,
-189,
-919,
247,
113,
97,
-42,
-567,
531,
388,
-792,
693,
690,
-1379,
208,
1476,
-675,
-253,
1203,
-294,
-511,
635,
-711,
-8820,
4771,
3618,
-4015,
3319,
4304,
-3575,
1068,
4436,
-2167,
-272,
3518,
-1783,
-2007,
2009,
-673,
-1927,
759,
68,
-711,
374,
140,
99,
11,
-386,
773,
303,
-1230,
414,
600,
-1649,
-107,
1326,
-891,
-626,
948,
-252,
-275,
831,
-707,
-8837,
4732,
3544,
-3923,
3663,
4556,
-3574,
1075,
4532,
-2009,
79,
3848,
-1982,
-2714,
1242,
-1350,
-2578,
267,
-109,
-651,
501,
215,
54,
-88,
-427,
733,
240,
-1118,
716,
860,
-1500,
-158,
879,
-1390,
-617,
1207,
-306,
-494,
838,
-718,
-8748,
5015,
3716,
-4241,
3157,
4444,
-3364,
1114,
4010,
-3216,
-1219,
3368,
-1714,
-2401,
1518,
-865,
-1920,
934,
297,
-653,
384,
203,
42,
-98,
-403,
714,
249,
-988,
911,
1064,
-1378,
-204,
734,
-1533,
-632,
1371,
-203,
-574,
776,
-692,
-8639,
4971,
3678,
-3891,
3799,
4937,
-3008,
1554,
4382,
-2989,
-1016,
3349,
-1964,
-2214,
2404,
25,
-1562,
955,
288,
-628,
402,
194,
56,
-86,
-490,
652,
433,
-680,
1168,
1442,
-809,
318,
1163,
-1175,
-566,
1255,
-60,
-296,
796,
-711,
-8633,
4845,
3481,
-4281,
3244,
4512,
-3570,
692,
4002,
-2685,
-747,
3638,
-1347,
-1882,
2151,
-273,
-1691,
809,
90,
-832,
264,
158,
74,
25,
-281,
914,
715,
-733,
583,
992,
-742,
270,
835,
-1257,
-592,
816,
-605,
-592,
563,
-731,
-8924,
4624,
3300,
-4792,
2154,
3247,
-4335,
434,
3781,
-2996,
-1171,
2918,
-2210,
-2641,
1390,
-967,
-2081,
536,
-286,
-1156,
100,
110,
85,
16,
-251,
980,
589,
-926,
594,
895,
-1090,
176,
1041,
-1082,
-160,
1677,
148,
-167,
925,
-705,
-8713,
4888,
3762,
-4259,
2560,
3862,
-3308,
1495,
4805,
-1801,
-125,
3558,
-1551,
-1722,
2199,
-499,
-1815,
697,
-173,
-988,
268,
153,
89,
23,
-469,
514,
227,
-1051,
505,
747,
-1260,
72,
1151,
-855,
-107,
1631,
296,
112,
1101,
-710,
-8642,
5153,
4003,
-4100,
2678,
3663,
-3798,
1053,
4284,
-2496,
-642,
3245,
-1817,
-1754,
2336,
-509,
-1816,
951,
162,
-778,
329,
138,
108,
36,
-511,
625,
569,
-769,
516,
525,
-1660,
-351,
1043,
-581,
60,
1304,
-186,
-74,
1102,
-726,
-8819,
4962,
3862,
-4083,
2819,
3668,
-3853,
1311,
4484,
-3160,
-1731,
2969,
-1313,
-1470,
2218,
-564,
-1681,
1222,
432,
-781,
158,
103,
75,
-92,
-483,
698,
461,
-731,
879,
920,
-1220,
169,
1181,
-842,
32,
1572,
-113,
-223,
1000,
-740,
-8981,
4666,
3454,
-4611,
2363,
3621,
-3760,
845,
3632,
-3339,
-910,
3820,
-1214,
-1605,
2592,
36,
-1452,
1160,
425,
-677,
251,
113,
99,
27,
-412,
667,
362,
-1070,
410,
804,
-1010,
332,
1242,
-1054,
-585,
1105,
-103,
-200,
899,
-723,
-8959,
4711,
3485,
-4438,
2856,
4149,
-3652,
683,
3826,
-2702,
-557,
3410,
-1989,
-2267,
2057,
-388,
-1762,
770,
-75,
-1063,
55,
40,
144,
177,
-230,
827,
556,
-798,
609,
869,
-822,
724,
1657,
-625,
-244,
1062,
-352,
-280,
855,
-686,
-8581,
5253,
3869,
-4285,
3132,
4553,
-3439,
1028,
4711,
-1904,
-437,
3407,
-1612,
-1856,
2200,
-492,
-2071,
494,
-58,
-861,
230,
113,
107,
104,
-263,
833,
646,
-619,
756,
930,
-870,
449,
1170,
-1112,
-612,
755,
-639,
-456,
874,
-697,
-8618,
5195,
3921,
-3985,
3497,
4771,
-3176,
1348,
4702,
-2231,
-805,
2983,
-1990,
-2098,
1664,
-1357,
-2497,
774,
375,
-618,
359,
181,
58,
-55,
-412,
663,
347,
-706,
1131,
1200,
-1066,
255,
1068,
-1454,
-868,
961,
-386,
-489,
827,
-704,
-8695,
5073,
3703,
-4165,
3419,
4698,
-3018,
1827,
4924,
-2358,
-610,
3397,
-2018,
-2341,
1721,
-1169,
-2399,
819,
328,
-707,
350,
190,
67,
-1,
-397,
723,
634,
-423,
1160,
1200,
-986,
156,
849,
-1470,
-712,
1136,
-170,
-381,
664,
-652,
-9132,
4037,
3618,
-3595,
2758,
3906,
-2746,
1064,
2784,
-3486,
-1078,
1964,
-3149,
-2131,
1757,
-1937,
-2856,
885,
175,
-1154,
31,
107,
91,
29,
-401,
778,
795,
-406,
923,
979,
-1160,
-17,
1154,
-557,
27,
1325,
-64,
-125,
884,
-612,
-7766,
3882,
2285,
-4706,
2210,
3595,
-3547,
307,
3995,
-907,
529,
2936,
-1928,
-1506,
2353,
-300,
-1559,
1004,
346,
-698,
117,
38,
123,
95,
-300,
678,
367,
-973,
347,
745,
-825,
291,
938,
-1059,
-534,
790,
-343,
-108,
946,
-340,
-6063,
1636,
602,
-4143,
375,
1183,
-3685,
-892,
2331,
-143,
699,
1398,
-2073,
-821,
2561,
582,
-670,
1077,
699,
-240,
71,
5,
81,
46,
-182,
501,
298,
-624,
11,
61,
-675,
375,
366,
-1443,
-759,
762,
318,
468,
905,
-264,
-5524,
1585,
1337,
-2742,
404,
503,
-3609,
-1341,
725,
-1490,
-235,
129,
-3382,
-1799,
1796,
12,
-1036,
922,
674,
-352,
-51,
7,
52,
-32,
-240,
489,
524,
-434,
-316,
-254,
-559,
179,
-186,
-1495,
-605,
350,
-363,
-50,
459,
-252,
-5274,
2601,
2213,
-2139,
1293,
440,
-5399,
-3368,
-848,
-2872,
-688,
509,
-3368,
-1939,
2052,
26,
-1263,
1114,
902,
-574,
-320,
-36,
38,
-78,
-89,
1024,
1033,
-532,
-619,
29,
114,
689,
301,
-832,
-135,
288,
-739,
-355,
283,
-221,
-4641,
3030,
916,
-3851,
1605,
1142,
-6069,
-3346,
252,
-2833,
-923,
1461,
-2691,
-2002,
2587,
605,
-1579,
794,
1048,
-503,
-352,
-29,
35,
-69,
-157,
930,
947,
-908,
-964,
227,
223,
507,
759,
-35,
79,
505,
-207,
-399,
-248,
-184,
-4414,
2558,
-65,
-4614,
1065,
653,
-6121,
-3034,
304,
-2930,
-736,
1682,
-2697,
-2154,
2234,
151,
-1905,
419,
525,
-872,
-471,
-53,
48,
-14,
-79,
859,
657,
-936,
-500,
592,
336,
903,
1419,
599,
812,
1193,
71,
-350,
-113,
-171,
-4272,
2035,
-751,
-4635,
1342,
455,
-6445,
-2463,
1636,
-2145,
-704,
2122,
-1806,
-1965,
1662,
-326,
-2081,
323,
438,
-958,
-480,
-5,
10,
-87,
-202,
562,
484,
-722,
-223,
687,
299,
697,
1163,
440,
562,
890,
18,
-278,
-141,
-169,
-4174,
1634,
-1298,
-4910,
1136,
474,
-5709,
-1344,
2359,
-1940,
-653,
2223,
-1778,
-2217,
1245,
-664,
-2398,
55,
504,
-661,
-316,
20,
-5,
-174,
-353,
334,
403,
-253,
370,
574,
-197,
492,
866,
-279,
-104,
457,
-320,
-368,
-29,
-136,
-3975,
1512,
-1840,
-5650,
937,
1243,
-5028,
-1351,
2836,
-892,
-338,
2170,
-1452,
-2513,
239,
-947,
-2067,
-19,
316,
-533,
-198,
20,
5,
-136,
-300,
291,
441,
193,
775,
514,
-30,
1209,
1280,
-418,
-89,
763,
-134,
-290,
150,
-114,
-3878,
1353,
-2275,
-5885,
1171,
1457,
-5156,
-1291,
3323,
-660,
-581,
2142,
-1157,
-2527,
-18,
-865,
-1762,
109,
397,
-356,
-111,
5,
23,
-115,
-293,
294,
339,
1,
627,
415,
-45,
1367,
1429,
-442,
-60,
951,
-83,
-454,
30,
-102,
-3858,
1342,
-2502,
-6056,
1388,
1663,
-5194,
-1173,
3457,
-950,
-979,
1915,
-1423,
-2595,
342,
-601,
-1795,
231,
675,
-242,
-113,
0,
37,
-31,
-242,
275,
402,
23,
415,
208,
-37,
1427,
1433,
-427,
12,
1049,
-65,
-527,
4,
-89,
-3896,
1056,
-2632,
-6108,
1019,
1411,
-5101,
-1181,
3487,
-845,
-1449,
1155,
-1645,
-2616,
89,
-728,
-1819,
64,
626,
-138,
-112,
-34,
46,
-9,
-131,
336,
312,
85,
600,
88,
-315,
1397,
1465,
-539,
10,
1191,
-84,
-691,
-48,
-71,
-3812,
770,
-2727,
-5771,
992,
982,
-4929,
-285,
4245,
-617,
-1491,
1191,
-1406,
-2421,
95,
-636,
-1639,
3,
480,
-50,
17,
-34,
69,
29,
-125,
417,
405,
177,
891,
342,
-569,
911,
1338,
-410,
40,
1204,
50,
-553,
26,
-61,
-3796,
620,
-3054,
-5958,
889,
624,
-5128,
3,
4306,
-993,
-1662,
1117,
-1672,
-2379,
478,
-472,
-1634,
80,
486,
-67,
69,
-22,
86,
100,
-80,
475,
462,
221,
1109,
598,
-672,
594,
1139,
-580,
-125,
1237,
250,
-334,
208,
-67,
-3829,
683,
-3073,
-6259,
574,
461,
-5454,
-357,
4226,
-1360,
-2547,
568,
-1739,
-2553,
366,
-414,
-1892,
-346,
344,
-89,
20,
-22,
75,
106,
-61,
362,
300,
104,
969,
522,
-653,
567,
1009,
-941,
-642,
1068,
424,
-301,
186,
-70,
-3719,
907,
-2712,
-6032,
549,
616,
-4868,
343,
4685,
-1189,
-2345,
1117,
-1086,
-2022,
1013,
176,
-1789,
-381,
545,
46,
4,
-5,
49,
91,
-40,
144,
-10,
-23,
700,
127,
-635,
804,
976,
-1040,
-655,
949,
349,
-172,
304,
-62,
-3682,
1083,
-2931,
-6394,
652,
617,
-5140,
597,
5088,
-1446,
-2747,
983,
-1212,
-1922,
1335,
159,
-1996,
-322,
653,
11,
-13,
6,
49,
105,
-82,
40,
-81,
-47,
681,
96,
-637,
885,
1118,
-886,
-538,
960,
306,
-159,
351,
-69,
-3753,
1260,
-2828,
-6376,
675,
320,
-5378,
876,
5130,
-1965,
-3265,
375,
-1741,
-1647,
1829,
37,
-2180,
-267,
548,
-93,
52,
28,
55,
69,
-195,
51,
-137,
-342,
559,
169,
-705,
836,
1100,
-1106,
-703,
976,
207,
-315,
294,
-82,
-3836,
1505,
-2346,
-6049,
794,
402,
-5234,
1348,
5929,
-1613,
-3706,
-78,
-1749,
-1557,
1934,
224,
-2143,
-353,
520,
-164,
-39,
31,
33,
81,
-23,
144,
-195,
-403,
302,
-263,
-812,
982,
982,
-1353,
-678,
1187,
402,
-146,
428,
-89,
-3899,
1687,
-2343,
-6231,
879,
500,
-5305,
1528,
6213,
-1615,
-3759,
-62,
-1768,
-1497,
1927,
45,
-2072,
-97,
433,
-411,
-72,
60,
25,
26,
-163,
196,
56,
-458,
-8,
-406,
-964,
705,
970,
-1161,
-727,
945,
230,
-274,
336,
-90,
-3999,
1835,
-2306,
-6502,
751,
615,
-5307,
1507,
6427,
-1531,
-4179,
-569,
-1869,
-1504,
1595,
-310,
-2131,
-115,
272,
-560,
-141,
41,
25,
-7,
-161,
287,
133,
-383,
126,
-299,
-866,
847,
1041,
-1116,
-576,
1058,
237,
-233,
369,
-87,
-3996,
2132,
-2053,
-6470,
594,
77,
-5749,
1855,
7000,
-1437,
-4271,
-676,
-2044,
-1479,
1655,
-526,
-2243,
45,
287,
-696,
-161,
70,
10,
-35,
-173,
330,
216,
-221,
395,
-185,
-1021,
741,
1062,
-1115,
-475,
1213,
159,
-425,
323,
-94,
-4073,
2252,
-1647,
-6346,
190,
-86,
-5465,
1925,
6933,
-1273,
-4226,
-758,
-1859,
-1391,
1342,
-659,
-1929,
360,
405,
-660,
-168,
62,
3,
-90,
-194,
412,
280,
-218,
484,
-24,
-1055,
501,
1026,
-780,
-133,
1318,
183,
-381,
325,
-112,
-4329,
2377,
-1321,
-6403,
-317,
-714,
-6091,
1393,
6767,
-1174,
-4416,
-1311,
-2275,
-1622,
975,
-937,
-1787,
596,
389,
-747,
-159,
83,
-7,
-114,
-217,
376,
204,
-204,
699,
135,
-1192,
235,
778,
-1051,
-305,
1337,
194,
-520,
139,
-129,
-4484,
2533,
-892,
-6329,
-686,
-894,
-6117,
1198,
6933,
-573,
-4282,
-1603,
-2248,
-1576,
670,
-981,
-1385,
826,
326,
-778,
-146,
70,
3,
-113,
-183,
551,
347,
-253,
779,
570,
-760,
404,
880,
-940,
-292,
1323,
250,
-364,
425,
-162,
-4684,
2760,
-669,
-6447,
-759,
-893,
-6309,
1010,
6940,
-526,
-4251,
-1428,
-1895,
-1373,
504,
-1114,
-1229,
887,
215,
-740,
-55,
61,
28,
-70,
-176,
516,
147,
-401,
1030,
958,
-546,
538,
890,
-1062,
-350,
1213,
43,
-338,
624,
-180,
-4770,
3007,
-205,
-6266,
-772,
-602,
-5944,
1057,
7087,
-89,
-4002,
-1273,
-1470,
-1072,
463,
-1029,
-986,
933,
189,
-642,
30,
71,
28,
-90,
-262,
302,
-154,
-601,
1013,
1015,
-636,
125,
419,
-1137,
-252,
970,
-361,
-519,
543,
-190,
-4852,
3220,
343,
-5729,
-551,
-586,
-5875,
1191,
7290,
356,
-3415,
-923,
-1427,
-1100,
545,
-766,
-642,
1166,
269,
-685,
-79,
33,
19,
-160,
-229,
357,
-389,
-875,
1032,
1066,
-637,
288,
545,
-1213,
-307,
906,
-534,
-591,
591,
-203,
-4913,
3551,
447,
-6035,
-591,
-382,
-5797,
1190,
7048,
30,
-3132,
-348,
-1496,
-1597,
261,
-925,
-801,
1161,
354,
-699,
-180,
-16,
31,
-150,
-129,
529,
-394,
-968,
1114,
1139,
-651,
506,
940,
-945,
-163,
938,
-570,
-453,
817,
-227,
-5140,
3834,
540,
-6363,
-693,
-617,
-6538,
641,
6727,
-453,
-3226,
12,
-1558,
-2114,
-121,
-1106,
-807,
1349,
474,
-750,
-231,
-23,
36,
-119,
-85,
538,
-461,
-1080,
975,
935,
-788,
581,
1048,
-931,
-108,
990,
-640,
-511,
837,
-262,
-5223,
4338,
993,
-6512,
-681,
-40,
-6120,
587,
6564,
-537,
-3090,
388,
-1293,
-1948,
284,
-713,
-779,
1269,
507,
-689,
-155,
21,
28,
-69,
-65,
450,
-516,
-1237,
606,
766,
-653,
592,
892,
-1038,
-180,
1068,
-358,
-408,
607,
-299,
-5423,
4624,
1397,
-6565,
-934,
-97,
-6007,
708,
6323,
-1156,
-3231,
810,
-1433,
-2585,
228,
-498,
-1030,
980,
471,
-764,
-225,
21,
38,
17,
-73,
390,
-236,
-918,
581,
802,
-605,
268,
791,
-540,
300,
1335,
-100,
-294,
625,
-344,
-5649,
4600,
1593,
-6182,
-383,
265,
-6244,
123,
6216,
-714,
-3403,
-277,
-2023,
-2230,
322,
-998,
-1473,
718,
357,
-745,
-333,
-93,
74,
-13,
35,
727,
-134,
-821,
944,
739,
-967,
479,
1175,
-448,
643,
1836,
80,
-167,
788,
-399,
-5748,
4694,
1511,
-5909,
897,
1431,
-6210,
-437,
5854,
-206,
-2258,
-47,
-2619,
-1765,
1613,
-473,
-1492,
797,
325,
-730,
-141,
-34,
89,
8,
-185,
461,
-279,
-1030,
747,
569,
-1349,
49,
969,
-587,
367,
1487,
-94,
-51,
882,
-457,
-6019,
4314,
1664,
-5042,
1541,
1897,
-4845,
281,
3709,
-2447,
-1130,
1855,
-2891,
-1885,
3153,
429,
-1963,
435,
315,
-774,
-68,
45,
67,
-1,
-295,
396,
-42,
-928,
441,
333,
-1462,
-279,
812,
-230,
558,
1077,
-370,
295,
1279,
-492,
-6473,
4567,
2398,
-4503,
1542,
1666,
-4271,
1252,
3278,
-3667,
-1351,
1798,
-3510,
-1818,
3611,
196,
-1924,
1179,
568,
-1051,
-149,
63,
76,
29,
-326,
555,
267,
-918,
338,
538,
-1068,
-39,
543,
-937,
126,
1080,
-515,
9,
1293,
-534,
-6677,
5235,
2476,
-5283,
1931,
2670,
-4750,
623,
4271,
-2828,
-1999,
1263,
-3405,
-2567,
2085,
-554,
-1882,
1022,
328,
-945,
-29,
39,
97,
-29,
-418,
685,
439,
-763,
649,
639,
-1250,
192,
1025,
-923,
127,
1547,
-273,
-219,
1194,
-548,
-6861,
5464,
2778,
-5294,
1980,
2966,
-4506,
898,
4748,
-2476,
-1902,
1327,
-3419,
-2634,
2224,
-486,
-2289,
557,
307,
-773,
14,
26,
101,
-29,
-404,
707,
480,
-614,
937,
860,
-1327,
-12,
1033,
-832,
82,
1624,
17,
-124,
1009,
-584,
-7169,
5108,
2647,
-5033,
2318,
2808,
-5151,
359,
4395,
-2956,
-2021,
2101,
-2569,
-2546,
2052,
-421,
-2280,
457,
313,
-766,
-53,
-5,
109,
-7,
-359,
789,
627,
-562,
779,
854,
-956,
361,
1140,
-879,
-76,
1387,
-203,
-296,
989,
-608,
-7393,
4844,
2438,
-4949,
2630,
2923,
-5176,
591,
4938,
-2237,
-1495,
2059,
-2628,
-2030,
2528,
-374,
-2053,
900,
443,
-850,
-78,
-7,
107,
-83,
-534,
653,
441,
-860,
625,
816,
-1121,
166,
1015,
-982,
-64,
1433,
-352,
-505,
949,
-595,
-7404,
4961,
2601,
-4762,
3161,
4076,
-3698,
1745,
5552,
-1868,
-1355,
1784,
-2907,
-1811,
2933,
-163,
-1789,
1295,
644,
-858,
-78,
6,
111,
1,
-331,
912,
575,
-1000,
330,
585,
-1262,
8,
780,
-1208,
-110,
1546,
-296,
-594,
796,
-616,
-7722,
4937,
2835,
-4797,
2815,
3733,
-4262,
995,
5415,
-1321,
-795,
2307,
-2461,
-1909,
2528,
-442,
-2285,
583,
345,
-752,
-4,
7,
108,
-17,
-316,
929,
544,
-1057,
318,
847,
-664,
545,
1071,
-811,
503,
2040,
-86,
-521,
853,
-608,
-7755,
4951,
3102,
-4236,
3195,
3533,
-4590,
1117,
5686,
-1349,
-851,
2471,
-2377,
-1961,
2747,
73,
-1947,
579,
303,
-697,
0,
-31,
130,
-17,
-356,
971,
578,
-1176,
231,
953,
-600,
326,
699,
-1106,
271,
1757,
-308,
-459,
1138,
-628,
-7770,
4860,
2929,
-4315,
3337,
3804,
-4279,
1263,
5253,
-2229,
-1265,
2990,
-1550,
-1559,
2806,
329,
-1397,
966,
312,
-749,
66,
5,
134,
39,
-354,
905,
630,
-988,
338,
792,
-988,
32,
722,
-1063,
-35,
1300,
-551,
-578,
897,
-649,
-7981,
4809,
2968,
-4171,
3642,
3902,
-4624,
729,
4778,
-2494,
-1419,
2501,
-2229,
-1716,
3020,
280,
-1431,
1363,
715,
-680,
57,
41,
102,
-42,
-463,
845,
914,
-375,
782,
1004,
-599,
423,
699,
-1210,
-42,
1132,
-847,
-679,
892,
-664,
-8151,
4712,
3052,
-4172,
3250,
3393,
-4921,
387,
4339,
-2609,
-1404,
2173,
-2540,
-1716,
2863,
-69,
-1539,
1368,
601,
-747,
58,
22,
121,
5,
-358,
970,
733,
-824,
519,
913,
-659,
694,
1287,
-762,
192,
1346,
-622,
-449,
1090,
-633,
-7819,
4197,
1685,
-5293,
3177,
4113,
-4015,
1192,
4807,
-2683,
-1538,
2738,
-1535,
-1265,
2534,
-475,
-1517,
1569,
529,
-1027,
-54,
69,
70,
-78,
-260,
1150,
733,
-949,
633,
1251,
-584,
476,
1187,
-871,
-201,
1053,
-542,
-366,
935,
-584,
-7531,
3820,
752,
-6081,
2572,
3266,
-4919,
722,
4582,
-3022,
-1604,
3254,
-1057,
-1283,
2422,
-484,
-1688,
1362,
571,
-888,
11,
102,
41,
-125,
-158,
1286,
617,
-1272,
376,
1054,
-979,
-34,
1052,
-515,
165,
1205,
-276,
92,
1197,
-642,
-7797,
4442,
1563,
-6321,
1675,
2941,
-4361,
1670,
5481,
-2321,
-1194,
3231,
-1394,
-1510,
2452,
-487,
-1928,
1014,
340,
-929,
45,
104,
59,
-11,
30,
1441,
686,
-1188,
516,
1115,
-974,
59,
1048,
-803,
-77,
1277,
-241,
-166,
1005,
-648,
-7754,
4944,
2258,
-6073,
1675,
3286,
-4051,
1486,
5519,
-1547,
-364,
3610,
-1266,
-1588,
2105,
-845,
-2076,
945,
182,
-1071,
59,
155,
31,
-86,
-169,
1147,
597,
-1082,
429,
736,
-1342,
-27,
1159,
-757,
62,
1784,
186,
-259,
813,
-662,
-7921,
5200,
2758,
-5947,
1293,
2865,
-4090,
1808,
6049,
-872,
190,
3717,
-1480,
-1698,
2432,
-74,
-1382,
1148,
248,
-856,
140,
99,
72,
-74,
-285,
997,
463,
-1017,
700,
803,
-1627,
-489,
652,
-994,
134,
1587,
-345,
-588,
668,
-687,
-8272,
5029,
3005,
-5399,
1828,
3199,
-4006,
1634,
5826,
-822,
410,
3765,
-1490,
-1559,
2414,
-476,
-1791,
1073,
346,
-831,
88,
62,
95,
-19,
-297,
939,
609,
-634,
949,
910,
-1184,
250,
1151,
-833,
149,
1538,
-224,
-205,
955,
-709,
-8401,
4984,
3276,
-4933,
2056,
2987,
-4429,
1347,
5496,
-1784,
-983,
2831,
-1899,
-1925,
2243,
-280,
-1614,
1047,
317,
-778,
149,
74,
98,
-53,
-508,
670,
446,
-912,
620,
891,
-1155,
108,
1209,
-821,
-383,
974,
-430,
-457,
722,
-707,
-8642,
4555,
2904,
-5108,
2161,
3610,
-3547,
1822,
5662,
-1394,
-542,
2839,
-2409,
-2785,
1482,
-411,
-1266,
1296,
342,
-780,
155,
59,
126,
117,
-237,
769,
205,
-1239,
578,
1215,
-828,
-106,
554,
-1103,
-67,
1216,
-531,
-523,
757,
-687,
-8414,
5072,
3463,
-4531,
2749,
3911,
-3304,
2233,
5691,
-1631,
-212,
3579,
-1729,
-2092,
1763,
-902,
-1781,
1281,
503,
-607,
346,
137,
101,
92,
-196,
824,
119,
-1291,
681,
962,
-1427,
-192,
954,
-995,
-152,
1382,
-299,
-451,
756,
-680,
-8560,
5044,
3661,
-4218,
2936,
3817,
-3658,
1738,
5231,
-1827,
-97,
3746,
-1578,
-1588,
2718,
40,
-1162,
1627,
568,
-772,
201,
115,
87,
-20,
-332,
924,
434,
-1213,
528,
1190,
-732,
384,
1061,
-1287,
-533,
1271,
-202,
-440,
746,
-700,
-8626,
4709,
3297,
-4164,
3480,
4502,
-3286,
1547,
4609,
-2501,
-555,
3378,
-2261,
-2606,
1973,
-99,
-1129,
1501,
480,
-757,
161,
69,
103,
-59,
-478,
775,
518,
-727,
1013,
1032,
-1358,
-54,
802,
-1667,
-847,
1216,
-126,
-256,
1014,
